141493,52154
141493,82640
141493,108077
141493,52703
141493,156265
141493,4649
141493,19388
141493,118462
141493,116876
141493,132818
141493,102445
141493,483
141493,52517
141493,100640
141493,110490
141493,49401
141493,163156
141493,99826
141493,65702
141493,84596
141493,30520
141493,86396
141493,74614
141493,19297
141493,28704
141493,17198
141493,34852
141493,125753
141493,90988
141493,109803
141493,76881
141493,126204
141493,5216
141493,84196
141493,133581
141493,126706
141493,66939
141493,34545
141493,116648
141493,34489
141493,83640
141493,85326
141493,18465
141493,34410
141493,127121
141493,59763
141493,125503
141493,148828
141493,90614
141493,58389
141493,20547
141493,116890
141493,74589
141493,69876
141493,12099
141493,60588
141493,157059
141493,76760
141493,77421
141493,115622
141493,148880
141493,20699
141493,157936
141493,33585
141493,113096
141493,27055
141493,1927
141493,131603
141493,57937
141493,61485
141493,141561
141493,82988
141493,35435
141493,166126
141493,139285
141493,99744
141493,100804
141493,27956
141493,3040
141493,86146
141493,78238
141493,16813
141493,2452
141493,58250
141493,12481
141493,140201
141493,90859
141493,20048
141493,60952
141493,116124
141493,12315
141493,68999
141493,91720
141493,158539
141493,126578
141493,25622
141493,125198
141493,82536
141493,157448
141493,150009
141493,27190
141493,17098
141493,134560
141493,41849
141493,11564
141493,18890
141493,101389
141493,155891
141493,58751
141493,109338
141493,134124
141493,189
141493,132936
52154,139993
52154,52703
52154,126424
52154,53444
52154,83990
52154,166384
52154,20055
52154,28704
52154,52103
52154,115030
52154,26453
52154,133948
52154,151055
52154,157448
52154,131645
52154,10455
52154,53626
52154,125198
52154,2028
52154,139660
52154,49210
52154,44929
52154,158871
52154,148301
52154,27625
52154,107305
52154,82488
52154,132818
52154,41849
52154,65702
52154,157280
52154,118857
52154,27126
52154,19958
52154,12481
52154,109338
52154,36536
52154,33128
52154,131603
52154,11552
52154,34126
52154,11976
52154,60740
52154,44742
82640,156782
82640,52703
82640,150073
82640,132936
82640,126424
82640,158302
82640,166384
82640,126204
82640,117105
82640,148756
82640,148301
82640,107305
82640,113707
82640,134036
82640,9495
82640,143326
82640,41849
82640,16655
82640,43084
82640,12174
82640,108475
82640,93129
82640,20048
82640,157648
82640,35549
82640,10981
82640,109122
108077,32338
108077,11883
108077,82536
108077,49210
108077,44929
108077,107305
108077,10455
108077,92967
108077,118441
108077,42669
108077,12174
108077,11112
108077,133742
108077,108308
52703,116648
52703,30520
52703,34410
52703,32922
52703,32338
52703,125503
52703,127121
52703,20745
52703,85573
52703,90918
52703,126602
52703,18341
52703,108100
52703,20093
52703,19441
52703,68617
52703,6837
52703,84025
52703,100500
52703,131695
52703,69045
52703,74000
52703,66530
52703,44503
52703,158971
52703,61230
52703,45106
52703,117818
52703,99139
52703,123800
52703,123570
52703,11552
52703,57960
52703,132818
52703,99826
52703,58253
52703,17198
52703,2981
52703,92530
52703,51037
52703,75877
52703,34852
52703,42669
52703,150686
52703,59763
52703,25517
52703,118477
52703,74589
52703,127338
52703,100640
52703,74203
52703,151055
52703,90988
52703,399
52703,69468
52703,86396
52703,189
52703,57680
52703,148756
52703,117518
52703,35549
52703,165203
52703,34177
52703,102489
52703,49743
52703,92773
52703,60517
52703,164046
52703,848
52703,27126
52703,100208
52703,126424
52703,35826
52703,148775
52703,91463
52703,166126
52703,34126
52703,165879
52703,116907
52703,27956
52703,157353
52703,10455
52703,97629
52703,65451
52703,147619
52703,94218
52703,134267
52703,118162
52703,44353
52703,44122
52703,166648
52703,141309
52703,12315
52703,126624
52703,20424
52703,98511
52703,118441
52703,132159
52703,143042
52703,85712
52703,133319
52703,11976
52703,60740
52703,116472
52703,110509
52703,2507
52703,67130
52703,17706
52703,156828
52703,124395
52703,19811
52703,60393
52703,91125
52703,49210
52703,19297
52703,61175
52703,515
52703,76881
52703,164232
52703,127051
52703,114786
52703,141275
52703,84196
52703,117715
52703,134036
52703,11112
52703,60892
52703,50019
52703,165616
52703,9556
52703,82464
52703,134681
52703,36536
52703,112830
52703,109122
52703,17082
52703,93246
52703,109435
52703,20464
52703,86356
52703,69876
52703,157059
52703,102095
52703,102445
52703,77421
52703,148452
52703,49478
52703,66856
52703,151424
52703,113096
52703,156593
52703,115166
52703,109898
52703,134124
52703,245
52703,107305
52703,2552
52703,954
52703,57864
52703,38519
52703,1927
52703,58389
52703,19188
52703,61485
52703,90230
52703,146264
52703,82988
52703,59561
52703,164839
52703,91309
52703,10469
52703,165271
52703,86146
52703,68865
52703,20547
52703,11564
52703,156437
52703,58497
52703,53445
52703,116835
52703,126603
52703,156106
52703,58721
52703,41176
52703,32605
52703,99614
52703,35435
52703,4090
52703,738
52703,53115
52703,83990
52703,158539
52703,165850
52703,3040
52703,60588
52703,154314
52703,74025
52703,166908
52703,125753
52703,100750
52703,134560
52703,118869
52703,101389
52703,134995
52703,25409
52703,23017
52703,16655
52703,158960
52703,131992
52703,10730
52703,99705
52703,41017
52703,44945
52703,58108
52703,27684
52703,1849
52703,148301
52703,17427
52703,2452
52703,67547
52703,51488
52703,98663
52703,118860
52703,131227
52703,165103
52703,141454
52703,109401
52703,86311
52703,85326
52703,98981
52703,20699
52703,27055
52703,10466
52703,107678
52703,131645
52703,59064
52703,32876
52703,12099
52703,85037
52703,58266
52703,11296
52703,131798
52703,93129
52703,155794
52703,76760
52703,11883
52703,20055
52703,10981
52703,28704
52703,42391
52703,148411
52703,140201
52703,4425
52703,93013
52703,10776
52703,19388
52703,3142
52703,133190
52703,35299
52703,139285
52703,99744
52703,43778
52703,157881
52703,12609
52703,126706
52703,131742
52703,67819
52703,90339
52703,101531
52703,60207
52703,11339
52703,41457
52703,164932
52703,73855
52703,133948
52703,84602
52703,66939
52703,116124
52703,34947
52703,25355
52703,141783
52703,93045
52703,143326
52703,2520
52703,2868
52703,86047
52703,136614
52703,110490
52703,2079
52703,109803
52703,134273
52703,125198
52703,19958
52703,125731
52703,150009
52703,1346
52703,18048
52703,16813
52703,109338
52703,155891
52703,58751
52703,49890
52703,34545
52703,164716
52703,9736
52703,74877
52703,114765
52703,35981
52703,11567
52703,46186
52703,126204
52703,11028
52703,123855
52703,132202
52703,32917
52703,33662
52703,99271
52703,67741
52703,117285
52703,131603
52703,74764
52703,132936
52703,114883
52703,125121
52703,34489
52703,41849
52703,102403
52703,116549
52703,141561
52703,165893
52703,9495
52703,74478
52703,77623
52703,19698
52703,82488
52703,12174
52703,18465
52703,9478
52703,160107
52703,158123
52703,115030
52703,77733
52703,77537
52703,134613
52703,99226
52703,54448
52703,2001
52703,11711
52703,19132
52703,126453
52703,158871
52703,44742
52703,109305
52703,12481
52703,9763
52703,2435
52703,158209
52703,60618
52703,27560
52703,139660
52703,26453
52703,27625
52703,37268
52703,52061
52703,156755
52703,68758
52703,33128
52703,109120
52703,94087
52703,158302
52703,32553
52703,157448
52703,1235
52703,167151
52703,133742
52703,140731
52703,116938
52703,131839
52703,156749
52703,106526
52703,133589
52703,12496
52703,118816
52703,20048
52703,133756
52703,125445
52703,8539
52703,92835
52703,108475
52703,100446
52703,166229
52703,1474
52703,65702
52703,3377
52703,25254
52703,3112
52703,49401
52703,67367
52703,33734
52703,25622
52703,133283
52703,117105
52703,163156
52703,98830
52703,33316
52703,150442
52703,82536
52703,98568
52703,35146
156265,60588
156265,11883
156265,134273
156265,53444
156265,37268
156265,107305
156265,86047
156265,27683
4649,30520
4649,107305
4649,32553
4649,5942
4649,58389
4649,41891
19388,116648
19388,34410
19388,90650
19388,156782
19388,60588
19388,150073
19388,100602
19388,45001
19388,68865
19388,102613
19388,158302
19388,141561
19388,107854
19388,11604
19388,155937
19388,8236
19388,107305
19388,150152
19388,92773
19388,156437
19388,82488
118462,116648
118462,107305
118462,83527
116876,116648
116876,160024
116876,134273
116876,107854
116876,107305
116876,126706
116876,148828
116876,85355
116876,141454
116876,122930
132818,116648
132818,90650
132818,156782
132818,60588
132818,100602
132818,132936
132818,25418
132818,45001
132818,68865
132818,134273
132818,53444
132818,11608
132818,126204
132818,44929
132818,17427
132818,110530
132818,11604
132818,148301
132818,107305
132818,17082
132818,98619
132818,150152
132818,92773
132818,19797
132818,34852
132818,126706
132818,165893
132818,156828
132818,148828
132818,20093
132818,156437
132818,85355
132818,158539
132818,41849
132818,25517
132818,79945
132818,32553
132818,131798
132818,5942
132818,26453
132818,42669
132818,74005
132818,164513
132818,125242
132818,140731
132818,27684
132818,141454
132818,74203
132818,157648
132818,157280
132818,106891
102445,34410
102445,60588
102445,45001
102445,68865
102445,134273
102445,53444
102445,116890
102445,102613
102445,20424
102445,126204
102445,148301
102445,107305
102445,93045
102445,9478
102445,33128
102445,16813
102445,34489
102445,126603
102445,133283
102445,12174
102445,157881
102445,58751
483,156782
483,139993
483,60588
483,150073
483,45001
483,11604
483,107305
483,92773
483,77623
483,156593
483,143326
483,33734
483,166431
483,4425
483,106735
483,60749
483,98961
483,140349
483,85145
483,8298
483,11567
483,67089
52517,34410
52517,156782
52517,60588
52517,150073
52517,11883
52517,45001
52517,134273
52517,53444
52517,102613
52517,107854
52517,67741
52517,37268
52517,107305
52517,115044
52517,134036
52517,27956
52517,135019
52517,60517
52517,92967
52517,90826
100640,116648
100640,34410
100640,32338
100640,125503
100640,60588
100640,100602
100640,11883
100640,25418
100640,45001
100640,68865
100640,116890
100640,102613
100640,83990
100640,158302
100640,166384
100640,141561
100640,82536
100640,11608
100640,49210
100640,126204
100640,117105
100640,44929
100640,12481
100640,2435
100640,17427
100640,114786
100640,110530
100640,28704
100640,10466
100640,148756
100640,115622
100640,148301
100640,107305
100640,153473
100640,167151
100640,34852
100640,134036
100640,125445
100640,86047
100640,76881
100640,157448
100640,10455
100640,148034
100640,82688
100640,157538
100640,44945
100640,156828
100640,148828
100640,135337
100640,9495
100640,58532
100640,76442
100640,59064
100640,2079
100640,32917
100640,99226
100640,77733
100640,132159
100640,11976
100640,2997
100640,131992
100640,12174
100640,11552
100640,515
100640,139867
100640,164232
100640,1849
100640,1311
100640,57864
100640,4425
100640,11112
100640,10730
100640,157881
100640,43997
100640,157691
100640,10469
100640,133319
100640,98663
100640,133742
100640,66859
100640,11238
100640,69468
100640,35435
100640,85326
100640,12496
100640,108308
100640,36536
100640,118869
100640,92835
100640,108475
100640,107089
100640,142527
100640,42124
100640,109717
100640,110663
100640,85037
100640,1474
100640,133283
100640,61645
100640,125198
100640,125731
100640,115166
100640,19132
100640,11028
100640,27265
100640,109898
100640,142523
100640,157280
100640,10981
100640,16655
110490,34410
110490,156782
110490,32338
110490,60588
110490,11883
110490,45001
110490,134273
110490,53444
110490,11604
110490,107305
110490,92773
110490,165893
110490,34489
110490,98568
49401,156782
49401,32338
49401,60588
49401,68865
49401,53444
49401,245
49401,141561
49401,11604
49401,107305
49401,92773
49401,153473
49401,10287
49401,125445
49401,133411
163156,32338
163156,60588
163156,150073
163156,15928
163156,166384
163156,17427
163156,44929
163156,8539
163156,165337
163156,4425
163156,115622
163156,12555
163156,35549
163156,41891
163156,107854
163156,114786
163156,19842
99826,116648
99826,34410
99826,32338
99826,125503
99826,60588
99826,132936
99826,45001
99826,68865
99826,134273
99826,102613
99826,158302
99826,166384
99826,141561
99826,20424
99826,11608
99826,117105
99826,44929
99826,12481
99826,58108
99826,148301
99826,107305
99826,17082
99826,93045
99826,92773
99826,34852
99826,126706
99826,148828
99826,131603
99826,34489
99826,26453
99826,28427
99826,60952
99826,5942
99826,32876
99826,17198
99826,16655
99826,125198
99826,12174
99826,123570
99826,24615
99826,61175
99826,78161
99826,166908
99826,157280
99826,140201
99826,133581
99826,36536
99826,158871
99826,19842
65702,160024
65702,68865
65702,126424
65702,20424
65702,12481
65702,107305
65702,150152
65702,92773
65702,133411
65702,20093
65702,126603
65702,26453
65702,34126
65702,158871
65702,10981
65702,19842
84596,107305
84596,17082
84596,93045
84596,26453
84596,10981
30520,116648
30520,32338
30520,25418
30520,158302
30520,32922
30520,58389
30520,60588
30520,135019
30520,157448
30520,68865
30520,141561
30520,113096
30520,28427
30520,134273
30520,156782
30520,86146
86396,32338
86396,60588
86396,83990
86396,11604
86396,107305
86396,41849
74614,116648
74614,60588
74614,160024
74614,107854
74614,114786
74614,107305
74614,74877
74614,157280
19297,32338
19297,107305
19297,34852
19297,92967
19297,132159
19297,34126
28704,156782
28704,32338
28704,125503
28704,150073
28704,11883
28704,132936
28704,68865
28704,134273
28704,126424
28704,83990
28704,158302
28704,166384
28704,82536
28704,11608
28704,126204
28704,117105
28704,44929
28704,8543
28704,12481
28704,2435
28704,17427
28704,107854
28704,29228
28704,6837
28704,76442
28704,131798
28704,82488
28704,147903
28704,1235
28704,100446
28704,134773
28704,42669
28704,109122
28704,134267
28704,118441
28704,1356
28704,98663
28704,125198
28704,86146
28704,157881
28704,156419
28704,148301
28704,158871
28704,26453
28704,133396
28704,157448
28704,115622
28704,157280
28704,150460
28704,41470
28704,41849
28704,51990
28704,19842
28704,148756
28704,148828
28704,57848
28704,156611
28704,116938
28704,34126
28704,10455
28704,107305
28704,16813
28704,150152
28704,27684
28704,85326
28704,115044
28704,27126
28704,156593
28704,33643
28704,100750
28704,27625
28704,113707
28704,140201
28704,150009
28704,19958
28704,147619
28704,166908
28704,1849
17198,32338
17198,60588
17198,150073
17198,160024
17198,45001
17198,134273
17198,141561
17198,107305
17198,126706
17198,90826
34852,34410
34852,125503
34852,11883
34852,132936
34852,68865
34852,158302
34852,166384
34852,141561
34852,82536
34852,20424
34852,49210
34852,126204
34852,44929
34852,91501
34852,12481
34852,17427
34852,107854
34852,83640
34852,58108
34852,44353
34852,115622
34852,107305
34852,17082
34852,11564
34852,151247
34852,19797
34852,58532
34852,74409
34852,126602
34852,76442
34852,131798
34852,101631
34852,82488
34852,134613
34852,42669
34852,77733
34852,27683
34852,77804
34852,118441
34852,60314
34852,106735
34852,67547
34852,25409
34852,82539
34852,33662
34852,66859
34852,165893
34852,126453
34852,118869
34852,35146
34852,98663
34852,17706
34852,32876
34852,78161
34852,10469
34852,157881
34852,16655
34852,133319
34852,118860
34852,98981
34852,158871
34852,44742
34852,157448
34852,58270
34852,11552
34852,158847
34852,99254
34852,41470
34852,61175
34852,53445
34852,53115
34852,134560
34852,34888
34852,58751
34852,9495
34852,19132
34852,4425
34852,139660
34852,158097
34852,24657
34852,108308
34852,107678
34852,148828
34852,1474
34852,156611
34852,164046
34852,34126
34852,10455
34852,131992
34852,117715
34852,76881
34852,41457
34852,27684
34852,68683
34852,9061
34852,133581
34852,43997
34852,9581
34852,150827
34852,109717
34852,118477
34852,101364
34852,117285
34852,109338
34852,2507
34852,44945
34852,69468
34852,141454
34852,60952
34852,77421
34852,125753
34852,34489
34852,20055
34852,20048
34852,27625
34852,20464
34852,143042
34852,83696
34852,118816
34852,139867
34852,155962
34852,158539
34852,156593
34852,118386
34852,115166
34852,150009
34852,116124
34852,16813
34852,157875
34852,156828
34852,189
125753,90650
125753,156782
125753,32338
125753,60588
125753,11883
125753,132936
125753,45001
125753,68865
125753,158302
125753,166384
125753,141561
125753,126204
125753,117105
125753,12481
125753,107854
125753,11604
125753,107305
125753,92773
125753,113707
125753,19797
125753,136614
125753,133411
125753,27683
125753,148828
125753,16813
125753,19698
125753,109120
125753,19958
125753,125198
125753,58389
125753,85037
125753,168032
125753,43778
125753,3078
125753,133589
90988,114786
90988,107305
90988,153473
90988,91914
90988,10287
90988,156437
90988,32876
90988,116124
90988,84993
109803,150073
109803,132936
109803,160024
109803,45001
109803,68865
109803,134273
109803,53444
109803,11604
109803,107305
109803,20055
109803,148828
109803,34489
109803,134613
76881,32338
76881,60588
76881,11883
76881,20424
76881,12481
76881,17427
76881,107854
76881,83640
76881,107305
76881,134036
76881,86047
76881,27683
76881,127044
76881,4321
76881,114765
76881,35549
76881,156106
76881,4201
76881,107678
76881,1474
76881,10455
76881,150211
76881,150442
76881,108475
76881,166478
76881,44945
76881,1346
126204,116648
126204,90650
126204,125503
126204,127121
126204,60588
126204,100602
126204,11883
126204,132936
126204,25418
126204,45001
126204,68865
126204,126424
126204,53444
126204,102613
126204,158302
126204,141561
126204,82536
126204,20424
126204,11608
126204,49210
126204,20745
126204,58532
126204,74409
126204,102401
126204,126602
126204,6837
126204,76442
126204,116353
126204,17427
126204,131798
126204,92773
126204,101631
126204,82488
126204,85838
126204,134773
126204,41017
126204,42669
126204,77733
126204,44929
126204,109122
126204,77804
126204,134267
126204,118441
126204,91914
126204,67547
126204,25409
126204,92894
126204,33662
126204,66859
126204,165893
126204,126453
126204,2028
126204,118869
126204,9736
126204,133283
126204,35146
126204,107113
126204,98663
126204,17706
126204,32876
126204,2520
126204,158960
126204,157881
126204,98981
126204,158871
126204,117518
126204,44742
126204,156755
126204,133396
126204,25254
126204,157448
126204,108570
126204,58270
126204,11552
126204,92967
126204,157280
126204,35549
126204,41470
126204,41849
126204,134124
126204,53445
126204,12481
126204,53115
126204,134560
126204,140731
126204,58108
126204,85037
126204,155794
126204,98619
126204,9495
126204,19132
126204,4425
126204,139660
126204,24657
126204,19842
126204,82598
126204,110530
126204,107854
126204,118857
126204,90767
126204,116835
126204,107678
126204,60104
126204,93966
126204,140349
126204,148828
126204,1474
126204,92835
126204,3112
126204,116938
126204,164046
126204,34126
126204,10455
126204,27190
126204,60952
126204,91125
126204,150827
126204,131603
126204,107305
126204,16813
126204,150152
126204,116124
126204,189
126204,27684
126204,19797
126204,131992
126204,140201
126204,117715
126204,69468
126204,12174
126204,1849
126204,134225
126204,9061
126204,126706
126204,118477
126204,117285
126204,109338
126204,141454
126204,93045
126204,34489
126204,36536
126204,20055
126204,116576
126204,20639
126204,20464
126204,150923
126204,52563
126204,143042
126204,108475
126204,68758
126204,137575
126204,155962
126204,83696
126204,42247
126204,156020
126204,156593
126204,150009
126204,2507
5216,132159
5216,41891
5216,153192
5216,2001
84196,45001
84196,134273
84196,17427
84196,107305
84196,19797
84196,16813
84196,74005
84196,86158
133581,116648
133581,34410
133581,60588
133581,132936
133581,45001
133581,68865
133581,134273
133581,53444
133581,102613
133581,83990
133581,107305
133581,98619
133581,43112
133581,126706
133581,77623
133581,157448
133581,17706
133581,27683
133581,34489
133581,118857
133581,60749
133581,164513
133581,58751
133581,131992
133581,61175
133581,113834
126706,116648
126706,34410
126706,32922
126706,90650
126706,84025
126706,45001
126706,74769
126706,68865
126706,134273
126706,126424
126706,53444
126706,102613
126706,158302
126706,11608
126706,12481
126706,107854
126706,11604
126706,44353
126706,8236
126706,107305
126706,17082
126706,98619
126706,150152
126706,93045
126706,92773
126706,19797
126706,20055
126706,43112
126706,58532
126706,20093
126706,74000
126706,738
126706,17059
126706,82196
126706,99139
126706,90819
126706,42669
126706,118441
126706,8742
126706,67547
126706,25409
126706,2997
126706,10481
126706,35981
126706,165893
126706,35146
126706,100220
126706,164513
126706,98663
126706,32876
126706,76564
126706,12609
126706,49890
126706,133319
126706,98981
126706,10776
126706,158871
126706,117518
126706,148759
126706,26453
126706,57864
126706,133756
126706,91463
126706,157448
126706,33594
126706,49743
126706,92967
126706,3471
126706,157280
126706,150460
126706,41849
126706,49478
126706,3040
126706,140731
126706,2452
126706,51488
126706,93013
126706,58751
126706,150686
126706,4425
126706,25622
126706,109156
126706,92530
126706,91720
126706,133187
126706,19397
126706,118857
126706,109435
126706,109120
126706,131227
126706,107678
126706,107112
126706,84602
126706,60104
126706,93966
126706,132202
126706,74421
126706,115030
126706,12281
126706,57848
126706,57937
126706,166777
126706,69331
126706,74991
126706,28378
126706,42391
126706,60952
126706,131603
126706,116124
126706,158539
126706,27684
126706,77421
126706,156437
126706,41457
126706,158388
126706,117285
126706,75062
126706,57759
126706,93618
126706,156593
126706,60393
126706,84360
126706,165776
126706,98932
126706,107089
126706,118816
126706,139285
126706,108490
126706,73855
126706,35435
126706,20699
126706,133254
126706,125445
126706,119014
126706,98697
126706,11987
126706,16535
126706,166126
126706,34489
126706,44109
126706,147613
126706,117715
126706,107077
126706,149603
126706,28427
126706,35629
126706,1346
126706,109338
66939,156782
66939,32338
66939,60588
66939,150073
66939,45001
66939,53444
66939,158302
66939,141561
66939,11604
66939,107305
66939,156059
34545,116648
34545,34410
34545,90650
34545,156782
34545,32338
34545,60588
34545,150073
34545,132936
34545,45001
34545,53444
34545,141561
34545,11604
34545,107305
34545,98619
34545,92773
34545,113707
34545,19797
34545,125445
34545,133411
34545,27683
34545,16813
34545,92967
116648,32338
116648,102613
116648,126312
116648,74000
116648,117486
116648,158971
116648,61230
116648,738
116648,106663
116648,57636
116648,124562
116648,92773
116648,53444
116648,142190
116648,82196
116648,45001
116648,99139
116648,90819
116648,2981
116648,27683
116648,1356
116648,74769
116648,67547
116648,134995
116648,2997
116648,10481
116648,110663
116648,91576
116648,133283
116648,35146
116648,57368
116648,164513
116648,158887
116648,2520
116648,93246
116648,78161
116648,99614
116648,12609
116648,49890
116648,148301
116648,133319
116648,117518
116648,84544
116648,42655
116648,46186
116648,60411
116648,125121
116648,57864
116648,133756
116648,91463
116648,157448
116648,14615
116648,90650
116648,69876
116648,134124
116648,3040
116648,12481
116648,134560
116648,140731
116648,2452
116648,51488
116648,141561
116648,98619
116648,132936
116648,150686
116648,51003
116648,92530
116648,60588
116648,57680
116648,18890
116648,124395
116648,1927
116648,133187
116648,157059
116648,68865
116648,109435
116648,148756
116648,131227
116648,67214
116648,17380
116648,11604
116648,134273
116648,60104
116648,93966
116648,74421
116648,28378
116648,34410
116648,74589
116648,42391
116648,164046
116648,151247
116648,2868
116648,101389
116648,60952
116648,156437
116648,19351
116648,107089
116648,20699
116648,157936
116648,32922
116648,44353
116648,93618
116648,119014
116648,131603
116648,139285
116648,115166
116648,67741
116648,41457
116648,159933
116648,107305
116648,20055
116648,35435
116648,116124
116648,150152
116648,19811
116648,147613
116648,90766
116648,165337
116648,109338
116648,34489
116648,90230
116648,36536
116648,156593
116648,42644
116648,147695
116648,50019
116648,166126
116648,99705
116648,125445
116648,125961
34489,34410
34489,90650
34489,156782
34489,32338
34489,84025
34489,60588
34489,100602
34489,132936
34489,25418
34489,45001
34489,74769
34489,68865
34489,134273
34489,53444
34489,245
34489,116890
34489,102613
34489,83990
34489,158302
34489,20424
34489,11608
34489,44929
34489,12481
34489,11604
34489,83640
34489,10466
34489,107305
34489,17082
34489,98619
34489,150152
34489,65451
34489,92773
34489,19797
34489,20055
34489,43112
34489,164046
34489,67547
34489,136614
34489,9478
34489,77623
34489,157448
34489,58266
34489,1644
34489,134560
34489,148828
34489,20093
34489,92967
34489,99744
34489,60740
34489,156593
34489,131603
34489,158539
34489,76442
34489,74343
34489,738
34489,57636
34489,74478
34489,82196
34489,99139
34489,42669
34489,134267
34489,118441
34489,106735
34489,25409
34489,10481
34489,82539
34489,33662
34489,66859
34489,126453
34489,118869
34489,91576
34489,35146
34489,164513
34489,98663
34489,158887
34489,68963
34489,78161
34489,10469
34489,126603
34489,49890
34489,16655
34489,133319
34489,10981
34489,158871
34489,44742
34489,57864
34489,133396
34489,133756
34489,91463
34489,84993
34489,33594
34489,58270
34489,11552
34489,134124
34489,2452
34489,51488
34489,34888
34489,34177
34489,58751
34489,19132
34489,1927
34489,108308
34489,118857
34489,131227
34489,116835
34489,84602
34489,93966
34489,29052
34489,74421
34489,115030
34489,57848
34489,92835
34489,42391
34489,34126
34489,2868
34489,116124
34489,189
34489,27684
34489,41457
34489,164932
34489,117285
34489,100467
34489,151424
34489,116576
34489,12174
34489,60393
34489,118816
34489,101531
34489,20699
34489,140201
34489,131992
34489,68758
34489,109338
34489,100203
34489,118477
34489,28427
34489,49817
34489,166908
34489,142523
34489,42247
83640,32338
83640,11883
83640,132936
83640,160024
83640,45001
83640,68865
83640,134273
83640,53444
83640,117105
83640,12481
83640,107854
83640,11604
83640,42669
83640,27683
83640,92894
83640,156749
83640,165893
83640,127044
83640,41849
83640,140731
83640,148828
83640,60517
83640,107305
83640,16813
83640,150152
83640,136614
83640,12555
83640,5942
83640,36536
83640,147619
83640,140201
83640,125445
83640,106891
83640,19958
85326,125503
85326,60588
85326,68865
85326,141561
85326,107305
85326,18890
85326,92773
85326,12099
85326,77623
85326,157448
85326,44945
85326,69468
85326,11552
85326,118441
85326,38519
85326,27684
85326,34126
85326,1849
85326,90614
85326,124101
85326,166777
85326,117285
85326,139867
85326,109717
18465,32338
18465,60588
18465,68865
18465,83990
18465,158302
18465,166384
18465,141561
18465,107305
18465,17082
18465,92773
18465,113707
18465,19797
18465,115044
18465,148828
18465,16813
18465,167193
18465,166908
34410,32338
34410,102613
34410,18341
34410,84025
34410,59064
34410,82196
34410,45001
34410,99139
34410,27683
34410,97629
34410,67547
34410,2997
34410,110663
34410,18048
34410,126453
34410,158302
34410,35146
34410,164513
34410,100208
34410,61485
34410,78161
34410,10469
34410,86146
34410,49890
34410,3377
34410,85355
34410,158871
34410,117518
34410,148759
34410,44742
34410,133756
34410,91463
34410,77623
34410,157448
34410,11552
34410,92967
34410,157280
34410,41849
34410,61175
34410,90650
34410,59763
34410,134124
34410,3040
34410,12481
34410,134560
34410,2452
34410,141561
34410,132936
34410,150686
34410,92530
34410,57680
34410,18890
34410,155937
34410,68865
34410,109120
34410,131227
34410,84602
34410,134273
34410,93966
34410,148828
34410,74421
34410,92835
34410,123570
34410,28378
34410,131603
34410,35435
34410,82988
34410,126424
34410,77421
34410,2868
34410,166126
34410,109338
34410,41457
34410,60393
34410,151424
34410,108490
34410,140201
34410,36536
34410,44353
34410,90859
34410,74370
34410,116124
34410,12315
34410,139867
34410,136614
34410,157936
34410,108452
34410,60952
34410,118816
34410,150009
34410,42391
34410,107305
34410,28427
34410,150152
127121,156782
127121,32338
127121,125503
127121,102613
127121,17427
127121,17059
127121,100602
127121,92773
127121,53444
127121,27683
127121,44929
127121,123462
127121,165893
127121,158302
127121,11883
127121,17706
127121,32876
127121,86047
127121,245
127121,16655
127121,113842
127121,102405
127121,150073
127121,117518
127121,125121
127121,11552
127121,110530
127121,49210
127121,107678
127121,125445
127121,9478
127121,141561
127121,117105
127121,60588
127121,11604
127121,4425
127121,12174
127121,118857
127121,115622
127121,85037
127121,19797
127121,148828
127121,116472
127121,158539
127121,83990
127121,132936
127121,99705
127121,92530
127121,44945
127121,166908
127121,19132
127121,1346
127121,16813
127121,107305
127121,41849
127121,68865
127121,98619
127121,12481
59763,32922
59763,90650
59763,156782
59763,32338
59763,60588
59763,11883
59763,132936
59763,68865
59763,53444
59763,158302
59763,141561
59763,12481
59763,107305
59763,20093
59763,1849
59763,12174
59763,108475
59763,157280
59763,57368
59763,166648
125503,32922
125503,90650
125503,32338
125503,29228
125503,76442
125503,69045
125503,160024
125503,91309
125503,25418
125503,17427
125503,1235
125503,45001
125503,27683
125503,44929
125503,109122
125503,8543
125503,132159
125503,17082
125503,97629
125503,58497
125503,101321
125503,133190
125503,35299
125503,158302
125503,106554
125503,100208
125503,16655
125503,98981
125503,85355
125503,158871
125503,150073
125503,26453
125503,92967
125503,25517
125503,115622
125503,117105
125503,41849
125503,12481
125503,140731
125503,85037
125503,155794
125503,141561
125503,92530
125503,60588
125503,5942
125503,57848
125503,20424
125503,68999
125503,68683
125503,125445
125503,123570
125503,98932
125503,115044
125503,16974
125503,93045
125503,19797
125503,148828
125503,107305
125503,158212
125503,110530
125503,83990
125503,10455
125503,115166
125503,1346
125503,100750
125503,16813
125503,49210
125503,68865
125503,158539
125503,109338
125503,2435
148828,32338
148828,84025
148828,60588
148828,150073
148828,132936
148828,160024
148828,68865
148828,134273
148828,53444
148828,83990
148828,158302
148828,166384
148828,141561
148828,82536
148828,11608
148828,49210
148828,117105
148828,91501
148828,12481
148828,17427
148828,58108
148828,148756
148828,115622
148828,148301
148828,107305
148828,18890
148828,92773
148828,167151
148828,19797
148828,91914
148828,115044
148828,20055
148828,164046
148828,67547
148828,20464
148828,136614
148828,155962
148828,28959
148828,157448
148828,99254
148828,156828
148828,134560
148828,90918
148828,76442
148828,738
148828,18460
148828,41017
148828,109122
148828,118441
148828,60740
148828,60314
148828,25409
148828,82539
148828,126453
148828,106554
148828,35146
148828,45106
148828,107113
148828,98663
148828,32876
148828,2520
148828,125198
148828,61485
148828,125731
148828,10469
148828,12609
148828,49890
148828,16655
148828,165103
148828,158871
148828,42655
148828,99744
148828,26453
148828,41849
148828,122930
148828,116472
148828,38519
148828,51488
148828,34177
148828,19698
148828,4425
148828,92530
148828,98511
148828,118857
148828,90767
148828,109120
148828,116835
148828,107678
148828,143326
148828,10730
148828,91125
148828,12174
148828,139867
148828,141275
148828,2868
148828,58253
148828,50389
148828,132195
148828,150771
148828,156593
148828,20699
148828,100203
148828,115030
148828,76760
148828,83696
148828,140201
148828,42247
148828,117715
148828,27126
148828,27625
148828,10805
148828,101531
148828,28699
148828,123570
148828,12315
148828,19958
148828,155891
148828,92835
148828,166777
148828,1887
148828,16813
148828,109338
90614,156782
90614,32338
90614,2435
90614,53626
90614,107305
90614,156437
90614,57759
90614,151055
90614,158212
58389,86146
58389,33585
20547,32338
20547,60588
20547,68865
20547,11608
20547,117105
20547,10466
20547,107305
20547,92773
20547,153473
20547,167151
20547,60740
20547,83875
20547,51990
20547,12174
116890,32922
116890,90650
116890,32338
116890,100602
116890,69045
116890,2405
116890,132159
116890,8236
116890,2997
116890,57368
116890,12347
116890,49210
116890,10455
116890,140349
116890,52563
116890,107305
116890,3471
116890,12174
116890,156828
116890,1474
116890,151247
116890,134036
116890,19797
116890,10730
116890,108308
74589,160024
74589,114786
74589,110530
74589,107305
74589,167151
74589,125445
69876,32922
69876,156782
69876,60588
69876,160024
69876,53444
69876,11604
69876,107305
69876,98619
69876,92773
69876,153473
69876,125445
69876,133411
69876,74005
12099,32922
12099,156782
12099,32338
12099,60588
12099,132936
12099,68865
12099,53444
12099,158302
12099,44929
12099,8543
12099,107305
12099,92773
12099,147903
12099,27683
12099,27684
60588,32922
60588,32338
60588,84025
60588,85573
60588,126602
60588,108100
60588,20093
60588,43478
60588,6837
60588,77889
60588,74000
60588,66530
60588,52836
60588,158971
60588,61230
60588,160024
60588,738
60588,166384
60588,17427
60588,114883
60588,53444
60588,116549
60588,94523
60588,82488
60588,37268
60588,99139
60588,2981
60588,42669
60588,27683
60588,77804
60588,134267
60588,118441
60588,60740
60588,148452
60588,154314
60588,157691
60588,11339
60588,74025
60588,93129
60588,123462
60588,35981
60588,2028
60588,109898
60588,106554
60588,158297
60588,133283
60588,35146
60588,123800
60588,65775
60588,164513
60588,165203
60588,100208
60588,65451
60588,98663
60588,2520
60588,73946
60588,2552
60588,125198
60588,61485
60588,10469
60588,86146
60588,135337
60588,99614
60588,12347
60588,27560
60588,49890
60588,16655
60588,156419
60588,148301
60588,133319
60588,165103
60588,10466
60588,3377
60588,11296
60588,10776
60588,158871
60588,41891
60588,117518
60588,114765
60588,99744
60588,26453
60588,399
60588,57864
60588,11555
60588,74764
60588,157448
60588,58270
60588,11552
60588,25517
60588,115622
60588,150460
60588,117105
60588,41849
60588,84133
60588,116472
60588,49478
60588,53445
60588,12481
60588,58721
60588,134560
60588,140731
60588,109401
60588,93013
60588,141561
60588,98619
60588,58751
60588,157353
60588,132936
60588,19698
60588,19132
60588,4425
60588,133742
60588,33734
60588,25622
60588,51003
60588,33585
60588,158490
60588,123570
60588,74991
60588,28699
60588,42247
60588,91361
60588,109338
60588,165874
60588,109120
60588,83990
60588,27126
60588,166126
60588,10455
60588,155891
60588,166648
60588,12315
60588,69331
60588,101531
60588,18890
60588,155937
60588,49210
60588,147613
60588,141275
60588,11112
60588,19797
60588,50019
60588,165616
60588,36536
60588,20464
60588,102095
60588,53053
60588,156593
60588,9581
60588,150152
60588,107854
60588,1927
60588,133411
60588,82988
60588,164839
60588,19958
60588,99705
60588,103199
60588,86080
60588,4090
60588,109717
60588,158539
60588,148756
60588,131227
60588,77421
60588,20699
60588,107678
60588,35398
60588,20055
60588,140201
60588,164748
60588,43369
60588,139285
60588,159933
60588,98568
60588,108490
60588,73855
60588,84602
60588,153473
60588,116124
60588,141783
60588,20424
60588,93045
60588,60159
60588,11604
60588,1346
60588,16813
60588,133254
60588,90767
60588,42391
60588,123855
60588,117285
60588,164716
60588,126653
60588,12174
60588,91125
60588,99864
60588,143623
60588,27625
60588,115044
60588,67741
60588,125445
60588,85228
60588,156611
60588,92835
60588,1887
60588,166130
60588,82536
60588,116938
60588,28427
157059,150073
157059,53444
157059,102613
157059,49210
157059,11604
157059,107305
157059,92773
157059,10455
157059,27956
157059,28427
157059,133742
76760,17427
76760,107305
77421,90650
77421,32338
77421,150073
77421,68865
77421,134273
77421,53444
77421,117105
77421,44929
77421,12481
77421,17427
77421,107854
77421,107305
77421,150152
77421,92773
77421,27683
77421,20093
77421,158539
77421,41849
77421,148076
77421,140731
77421,141454
77421,117285
77421,12555
115622,32338
115622,126424
115622,83990
115622,158302
115622,166384
115622,141561
115622,82536
115622,20424
115622,117105
115622,12481
115622,2435
115622,17427
115622,74409
115622,52836
115622,61230
115622,59064
115622,42669
115622,118441
115622,132159
115622,60740
115622,101321
115622,2028
115622,35146
115622,123800
115622,98663
115622,102405
115622,157448
115622,58270
115622,11552
115622,131992
115622,1836
115622,164046
115622,27126
115622,12555
115622,132195
115622,1849
115622,27625
115622,134225
115622,148775
115622,151247
115622,101364
115622,107678
115622,84602
115622,34126
115622,91750
115622,60207
115622,147619
115622,166990
115622,19797
115622,9495
115622,12315
115622,165337
115622,19698
115622,92835
115622,118857
115622,33734
115622,118162
115622,136614
115622,41470
115622,116472
115622,3112
115622,189
115622,166908
115622,74421
115622,115166
115622,38519
115622,107305
115622,41849
115622,35549
148880,134273
148880,53444
148880,107854
148880,107305
148880,5942
20699,90650
20699,156782
20699,32338
20699,132936
20699,134273
20699,126424
20699,53444
20699,83990
20699,11608
20699,12481
20699,17427
20699,110530
20699,155937
20699,107305
20699,17082
20699,150152
20699,153473
20699,113707
20699,19797
20699,44945
20699,27683
20699,20093
20699,92967
20699,156437
20699,41849
20699,69468
20699,140731
20699,28427
20699,76442
20699,10981
20699,134846
20699,140201
157936,32338
157936,45001
157936,68865
157936,134273
157936,102613
157936,107305
157936,131603
157936,28427
157936,74421
157936,93966
33585,32922
33585,156782
33585,45001
33585,74769
33585,134273
33585,53444
33585,114786
33585,107305
33585,135337
33585,156437
33585,27956
113096,77623
113096,27956
113096,60749
113096,41891
113096,113834
27055,156782
27055,32338
27055,68865
27055,134273
27055,8543
27055,107305
27055,58266
27055,5942
27055,42669
27055,58236
1927,32338
1927,45001
1927,68865
1927,53444
1927,102613
1927,158302
1927,107854
1927,107305
1927,98619
1927,92773
1927,113707
1927,133411
1927,36536
131603,32338
131603,84025
131603,150073
131603,160024
131603,45001
131603,74769
131603,68865
131603,134273
131603,53444
131603,102613
131603,158302
131603,141561
131603,107854
131603,11604
131603,107305
131603,17082
131603,98619
131603,150152
131603,93045
131603,92773
131603,153473
131603,113707
131603,134036
131603,10287
131603,133411
131603,27683
131603,92967
131603,156437
131603,9495
131603,2981
131603,164513
131603,126603
131603,91463
131603,49478
131603,93966
131603,74421
131603,42391
131603,93618
131603,41457
131603,12174
131603,28427
57937,90650
57937,45001
57937,74769
57937,53444
57937,11604
57937,67741
57937,8236
57937,107305
57937,11564
57937,132159
57937,75924
57937,164513
57937,98697
57937,125242
61485,156782
61485,32338
61485,45001
61485,8460
61485,117105
61485,114786
61485,148301
61485,107305
61485,92773
61485,133411
61485,20093
61485,41849
61485,69045
61485,123462
61485,147903
141561,32922
141561,98777
141561,90650
141561,156782
141561,32338
141561,132936
141561,68865
141561,126424
141561,102613
141561,83990
141561,158302
141561,117951
141561,20093
141561,158971
141561,92773
141561,82488
141561,27683
141561,60740
141561,17082
141561,106735
141561,51037
141561,123462
141561,66859
141561,126453
141561,109898
141561,141703
141561,133283
141561,35146
141561,45106
141561,123800
141561,57368
141561,4321
141561,93246
141561,125198
141561,10469
141561,86146
141561,126603
141561,49890
141561,148301
141561,10466
141561,3377
141561,11296
141561,10981
141561,10776
141561,158871
141561,117518
141561,26453
141561,74764
141561,157448
141561,108570
141561,11552
141561,25517
141561,157280
141561,117105
141561,41849
141561,114786
141561,122930
141561,116472
141561,49478
141561,38519
141561,53445
141561,12481
141561,53115
141561,1644
141561,134560
141561,140731
141561,109401
141561,99864
141561,49210
141561,1849
141561,141275
141561,4425
141561,132202
141561,92530
141561,102095
141561,36536
141561,107678
141561,167151
141561,136614
141561,150686
141561,156593
141561,3142
141561,115166
141561,42391
141561,107305
141561,150152
141561,134036
141561,164046
141561,35826
141561,155751
141561,27625
141561,166126
141561,84602
141561,34126
141561,11608
141561,133742
141561,10455
141561,67741
141561,41457
141561,16813
141561,133589
141561,140201
141561,19797
141561,86080
141561,125445
141561,12315
141561,93045
141561,19958
141561,155891
141561,92835
141561,82536
141561,166908
141561,141309
141561,12174
141561,131839
141561,142523
141561,98619
141561,28427
141561,133254
141561,189
82988,32922
82988,25418
82988,74769
82988,68865
82988,166384
82988,8460
82988,26453
82988,41849
82988,107305
82988,156437
82988,101364
82988,74877
82988,125445
35435,25418
35435,45001
35435,68865
35435,53444
35435,102613
35435,107854
35435,107305
35435,135337
166126,32338
166126,160024
166126,158302
166126,12481
166126,17427
166126,107305
166126,113707
166126,19797
166126,133411
166126,41849
166126,25517
166126,157280
166126,140731
166126,141454
139285,90650
139285,156782
139285,150073
139285,132936
139285,160024
139285,45001
139285,134273
139285,126424
139285,53444
139285,11608
139285,107854
139285,11604
139285,107305
139285,92773
139285,19797
139285,10287
139285,164046
139285,27683
139285,156437
139285,132159
139285,148076
139285,141454
139285,12174
139285,82488
99744,90650
99744,156782
99744,32338
99744,150073
99744,11883
99744,132936
99744,25418
99744,160024
99744,45001
99744,68865
99744,134273
99744,53444
99744,107854
99744,11604
99744,107305
99744,153473
99744,19797
99744,125445
99744,85308
99744,27683
99744,135337
99744,20093
99744,92967
99744,76442
99744,147903
99744,42669
99744,83527
99744,57368
99744,5942
99744,44742
99744,41849
99744,67089
99744,36536
100804,32338
100804,68865
100804,53444
100804,11608
100804,107305
100804,92773
27956,84025
27956,68865
27956,155937
27956,65451
27956,92773
27956,20464
27956,33128
27956,157448
27956,90826
27956,12315
27956,69045
27956,82457
27956,91309
27956,147903
27956,51037
27956,41891
27956,135019
27956,3040
27956,98511
27956,150827
27956,67214
27956,94218
27956,90859
27956,116969
27956,127338
27956,107089
27956,108452
3040,32338
3040,45001
3040,68865
3040,134273
3040,102613
3040,107854
3040,114786
3040,11604
3040,155937
3040,107305
3040,85308
3040,135019
3040,164513
86146,32338
86146,44929
86146,12481
86146,107305
86146,93045
86146,113707
86146,17706
86146,109898
86146,155794
78238,68865
78238,107305
16813,32338
16813,139993
16813,132936
16813,68865
16813,83990
16813,158302
16813,166384
16813,49210
16813,117105
16813,12481
16813,148301
16813,107305
16813,92773
16813,125445
16813,67547
16813,136614
16813,77889
16813,75877
16813,165203
16813,20093
16813,69045
16813,158971
16813,118441
16813,60740
16813,33662
16813,126453
16813,133283
16813,100220
16813,98663
16813,125198
16813,10469
16813,49890
16813,98981
16813,158871
16813,26453
16813,11552
16813,157280
16813,41849
16813,122930
16813,53115
16813,19132
16813,92530
16813,19842
16813,52103
16813,131227
16813,29052
16813,115030
16813,57848
16813,92835
16813,166777
16813,42391
16813,91125
16813,27126
16813,27625
16813,83696
16813,158539
16813,166908
16813,142523
16813,36250
16813,109338
16813,42247
2452,45001
2452,68865
2452,53444
2452,102613
2452,107305
2452,98619
2452,150152
2452,33128
2452,28427
2452,150686
2452,91463
2452,61175
2452,58751
2452,93966
58250,11883
58250,132936
58250,45001
58250,44929
58250,148301
58250,107305
58250,165893
58250,118860
58250,92967
58250,41849
58250,164190
58250,91309
58250,60749
58250,57368
58250,98961
58250,156755
58250,61645
58250,108475
58250,98932
58250,51990
58250,72471
12481,32922
12481,90650
12481,156782
12481,32338
12481,11883
12481,132936
12481,25418
12481,160024
12481,68865
12481,134273
12481,53444
12481,245
12481,102613
12481,83990
12481,158302
12481,166384
12481,82536
12481,20424
12481,11608
12481,49210
12481,117105
12481,44929
12481,8543
12481,74409
12481,126602
12481,20093
12481,61230
12481,17427
12481,131645
12481,59064
12481,131798
12481,92773
12481,32917
12481,114883
12481,82488
12481,85838
12481,134773
12481,42669
12481,77733
12481,27683
12481,24615
12481,118441
12481,132159
12481,11976
12481,60740
12481,17082
12481,97629
12481,35372
12481,25409
12481,74025
12481,123462
12481,35981
12481,66859
12481,165893
12481,126453
12481,2028
12481,106554
12481,118869
12481,91576
12481,35146
12481,98663
12481,17706
12481,86047
12481,125198
12481,10469
12481,11028
12481,126603
12481,157881
12481,16655
12481,148301
12481,98981
12481,10981
12481,158871
12481,41891
12481,26453
12481,44742
12481,133756
12481,157448
12481,58270
12481,11552
12481,157280
12481,35549
12481,159924
12481,41470
12481,41849
12481,116472
12481,49478
12481,38519
12481,131992
12481,164190
12481,140201
12481,27684
12481,1849
12481,134225
12481,10730
12481,19842
12481,19797
12481,118477
12481,109338
12481,150771
12481,133411
12481,92530
12481,118657
12481,167151
12481,32605
12481,20464
12481,19698
12481,28699
12481,151055
12481,12174
12481,3112
12481,115166
12481,19132
12481,106891
12481,35398
12481,107305
12481,27625
12481,150152
12481,2507
12481,107854
12481,91125
12481,57848
12481,164046
12481,27126
12481,107678
12481,34126
12481,10455
12481,140731
12481,44945
12481,147619
12481,41457
12481,58108
12481,69468
12481,28959
12481,20055
12481,20048
12481,125445
12481,93045
12481,108475
12481,136614
12481,1887
12481,2435
12481,150442
12481,166908
12481,100750
12481,134560
12481,98619
12481,58751
140201,90650
140201,156782
140201,32338
140201,11883
140201,68865
140201,53444
140201,158302
140201,20424
140201,11608
140201,117105
140201,8543
140201,148301
140201,107305
140201,92773
140201,167151
140201,19797
140201,20055
140201,86047
140201,136614
140201,58266
140201,10455
140201,27683
140201,115166
140201,41849
140201,33316
140201,100446
140201,26453
140201,19132
140201,118477
140201,1849
140201,16655
140201,125198
140201,12174
140201,123462
140201,108475
140201,85037
140201,157280
140201,27126
140201,157881
140201,133742
140201,116472
140201,151055
140201,19842
90859,156782
90859,68865
90859,114786
90859,107305
90859,140731
90859,32876
90859,91576
20048,107305
20048,118860
20048,157538
20048,26453
20048,27684
20048,36536
20048,116835
20048,59064
20048,10981
20048,58751
60952,156782
60952,32338
60952,45001
60952,68865
60952,102613
60952,107305
60952,134560
60952,27683
60952,92967
60952,140731
60952,167193
116124,90650
116124,32338
116124,132936
116124,25418
116124,45001
116124,74769
116124,68865
116124,134273
116124,53444
116124,102613
116124,44929
116124,107854
116124,114786
116124,100750
116124,11604
116124,2019
116124,107305
116124,150152
116124,19797
116124,10287
116124,77623
116124,27683
116124,135337
116124,20093
116124,156437
116124,41849
116124,118441
116124,148076
116124,133283
116124,6837
116124,5942
116124,141454
116124,76442
116124,118869
116124,32876
116124,12174
116124,68963
116124,58270
116124,3471
116124,42124
12315,156782
12315,32338
12315,11883
12315,132936
12315,68865
12315,134273
12315,53444
12315,102613
12315,158302
12315,166384
12315,117105
12315,11604
12315,107305
12315,113707
12315,156106
12315,27683
12315,41849
12315,122958
12315,140731
12315,33316
12315,166908
68999,107305
68999,60740
68999,19698
68999,69045
68999,12609
68999,166229
68999,2868
68999,27625
91720,11883
91720,45001
91720,68865
91720,134273
91720,53444
91720,82536
91720,11604
91720,107305
91720,164046
91720,68298
91720,139867
158539,32922
158539,90650
158539,156782
158539,32338
158539,132936
158539,45001
158539,74769
158539,68865
158539,126424
158539,53444
158539,158302
158539,49210
158539,117105
158539,44929
158539,17427
158539,107854
158539,11604
158539,107305
158539,17082
158539,98619
158539,92773
158539,59561
158539,125445
158539,20464
158539,136614
158539,10455
158539,44109
158539,20093
158539,9495
158539,132159
158539,76442
158539,109122
158539,118441
158539,4325
158539,106735
158539,92894
158539,157691
158539,157881
158539,26453
158539,25355
158539,11552
158539,157280
158539,35549
158539,118162
158539,41470
158539,85037
158539,155794
158539,158097
158539,123570
158539,61645
158539,108475
158539,5942
158539,118657
158539,98568
158539,1346
158539,141454
158539,148076
158539,60393
126578,156782
126578,107305
126578,17082
126578,98619
126578,11564
126578,92967
126578,57368
25622,90650
25622,32338
25622,132936
25622,160024
25622,134273
25622,53444
25622,107854
25622,11604
25622,155937
25622,107305
25622,17082
25622,98619
25622,92773
25622,44945
25622,44109
25622,133411
25622,25679
125198,156782
125198,32338
125198,68865
125198,126424
125198,53444
125198,83990
125198,158302
125198,166384
125198,11608
125198,117105
125198,8543
125198,58108
125198,148301
125198,107305
125198,167151
125198,19797
125198,125445
125198,133411
125198,27683
125198,60740
125198,32917
125198,41849
125198,69468
125198,164190
125198,26453
125198,19132
125198,118477
125198,954
125198,38519
125198,27625
125198,92530
125198,148452
125198,60314
125198,51037
125198,126453
125198,116472
125198,157280
125198,75062
125198,124395
82536,156782
82536,32338
82536,11883
82536,68865
82536,126424
82536,53444
82536,83990
82536,158302
82536,166384
82536,58532
82536,19441
82536,131695
82536,123950
82536,92773
82536,42669
82536,44929
82536,132159
82536,60314
82536,83527
82536,51037
82536,58266
82536,157691
82536,11339
82536,33662
82536,2028
82536,35146
82536,98663
82536,85145
82536,125731
82536,157881
82536,148301
82536,165103
82536,3377
82536,57864
82536,133396
82536,108570
82536,58270
82536,11552
82536,3471
82536,157280
82536,35549
82536,117105
82536,41849
82536,116472
82536,1644
82536,27265
82536,109401
82536,28959
82536,11608
82536,9495
82536,19132
82536,4425
82536,133742
82536,51990
82536,33734
82536,92530
82536,132788
82536,153473
82536,11112
82536,110530
82536,108308
82536,131227
82536,67214
82536,107678
82536,10730
82536,92835
82536,3112
82536,116938
82536,34126
82536,116907
82536,10455
82536,91125
82536,115166
82536,107305
82536,164839
82536,136614
82536,50389
82536,12174
82536,158209
82536,108475
82536,49210
82536,44945
82536,36536
82536,93045
82536,150771
82536,147619
82536,11711
82536,27625
82536,69468
82536,134225
82536,11238
82536,11987
82536,124752
82536,1849
82536,2435
157448,32922
157448,90650
157448,156782
157448,32338
157448,150073
157448,100602
157448,11883
157448,132936
157448,25418
157448,45001
157448,68865
157448,134273
157448,126424
157448,53444
157448,102613
157448,158302
157448,166384
157448,20424
157448,11608
157448,49210
157448,117105
157448,44929
157448,17427
157448,107854
157448,11604
157448,107305
157448,17082
157448,98619
157448,150152
157448,93045
157448,65451
157448,92773
157448,153473
157448,19797
157448,33128
157448,77623
157448,20093
157448,100446
157448,42669
157448,27683
157448,60749
157448,11976
157448,66859
157448,35146
157448,74005
157448,164513
157448,17706
157448,100786
157448,158871
157448,26453
157448,164190
157448,4425
157448,61175
157448,12174
157448,11552
157448,113834
157448,1849
157448,143228
157448,93966
157448,85037
157448,19842
157448,41470
157448,33316
157448,140731
157448,147619
157448,166908
157448,69468
157448,106891
157448,141454
157448,41849
157448,155794
157448,58751
157448,28427
157448,34126
150009,90650
150009,32338
150009,25418
150009,158302
150009,20424
150009,11608
150009,17427
150009,107305
150009,151247
150009,86047
150009,27683
150009,115166
150009,98663
150009,77804
150009,131798
150009,141703
27190,150073
27190,53444
27190,107305
27190,165893
27190,125445
27190,27683
17098,160024
17098,68865
17098,53444
17098,107305
17098,92773
17098,125445
134560,32922
134560,90650
134560,32338
134560,150073
134560,11883
134560,132936
134560,25418
134560,160024
134560,45001
134560,68865
134560,134273
134560,53444
134560,158302
134560,20424
134560,11608
134560,49210
134560,44929
134560,17427
134560,107854
134560,11604
134560,155937
134560,107305
134560,17082
134560,98619
134560,93045
134560,92773
134560,141218
134560,19797
134560,164046
134560,28959
134560,17706
134560,44945
134560,131798
134560,27683
134560,18048
134560,35146
134560,44742
134560,92967
134560,3471
134560,41849
134560,131992
134560,5942
134560,119014
134560,4425
134560,139660
134560,8298
134560,12174
134560,90826
134560,1346
134560,85037
134560,33316
134560,147619
134560,106891
134560,141454
134560,156437
41849,90650
41849,32338
41849,84025
41849,11883
41849,132936
41849,25418
41849,68865
41849,134273
41849,126424
41849,53444
41849,102613
41849,83990
41849,158302
41849,166384
41849,20424
41849,11608
41849,117105
41849,44929
41849,91501
41849,2435
41849,17427
41849,11604
41849,148301
41849,107305
41849,17082
41849,167151
41849,151247
41849,156419
41849,19797
41849,91914
41849,20055
41849,43112
41849,165893
41849,164046
41849,67547
41849,136614
41849,85308
41849,75877
41849,33128
41849,28959
41849,58266
41849,156828
41849,27683
41849,20093
41849,9495
41849,60740
41849,107113
41849,90918
41849,126602
41849,61230
41849,57636
41849,131645
41849,2981
41849,42669
41849,118441
41849,73733
41849,85712
41849,25679
41849,126453
41849,2028
41849,118869
41849,91576
41849,35146
41849,100220
41849,98663
41849,32876
41849,77537
41849,12609
41849,3377
41849,10776
41849,158871
41849,36640
41849,133396
41849,58270
41849,11552
41849,157280
41849,165879
41849,41470
41849,131992
41849,91125
41849,117818
41849,12174
41849,27126
41849,122930
41849,118857
41849,155891
41849,42391
41849,27625
41849,122958
41849,141275
41849,4425
41849,117715
41849,84602
41849,10730
41849,164190
41849,118477
41849,134358
41849,140731
41849,103199
41849,57680
41849,82598
41849,116835
41849,515
41849,36536
41849,34177
41849,100203
41849,109338
41849,156611
41849,92207
41849,19698
41849,92835
41849,49478
41849,166777
41849,98511
41849,19132
41849,9581
41849,132195
41849,106891
41849,42247
41849,142523
41849,67089
41849,58751
41849,69468
11564,90650
11564,156782
11564,132936
11564,68865
11564,53444
11564,102613
11564,11604
11564,107305
11564,98619
11564,93045
11564,27683
11564,91576
11564,133396
11564,5942
11564,90826
11564,107077
18890,90650
18890,156782
18890,32338
18890,150073
18890,11883
18890,45001
18890,68865
18890,134273
18890,53444
18890,107854
18890,114786
18890,11604
18890,37268
18890,8236
18890,107305
18890,20093
18890,35146
18890,17706
18890,122930
18890,5942
18890,119014
18890,86158
18890,150152
18890,134036
101389,32922
101389,25418
101389,45001
101389,134273
101389,53444
101389,114786
101389,8236
101389,107305
101389,10287
101389,44109
101389,135337
101389,156437
155891,25418
155891,126424
155891,158302
155891,17427
155891,107305
155891,19797
155891,33128
155891,133411
155891,25517
155891,131742
155891,111407
58751,90650
58751,150073
58751,11883
58751,132936
58751,68865
58751,134273
58751,83990
58751,158302
58751,166384
58751,107305
58751,115044
58751,43112
58751,33128
58751,77623
58751,17706
58751,156828
58751,133411
58751,101531
58751,110954
58751,158097
58751,44742
58751,26453
58751,140731
58751,1346
58751,106735
58751,2520
58751,32876
58751,60749
58751,91576
58751,139660
58751,158871
58751,82464
58751,61175
58751,142527
109338,90650
109338,156782
109338,32338
109338,132936
109338,25418
109338,45001
109338,68865
109338,134273
109338,53444
109338,83990
109338,44929
109338,11604
109338,155937
109338,107305
109338,17082
109338,98619
109338,150152
109338,93045
109338,92773
109338,134036
109338,17706
109338,44945
109338,133411
109338,20093
109338,164190
109338,158097
109338,17059
109338,26453
109338,140731
109338,42669
109338,156749
109338,35146
109338,164513
109338,125731
109338,10981
109338,157280
109338,43291
109338,155794
109338,139660
109338,92530
109338,57680
109338,34126
109338,5942
109338,147619
109338,142523
134124,156782
134124,100602
134124,134273
134124,102613
134124,158302
134124,107305
134124,10287
134124,1644
134124,25517
134124,118441
134124,26453
134124,140731
134124,19132
134124,1346
134124,41470
134124,115030
134124,157280
134124,42124
134124,8298
134124,98932
189,11883
189,132936
189,45001
189,68865
189,134273
189,102613
189,158302
189,166384
189,20424
189,44929
189,17427
189,8236
189,107305
189,98619
189,93045
189,115044
189,118441
189,35146
189,12174
189,108475
189,10981
189,74203
189,151055
132936,32922
132936,90650
132936,156782
132936,100602
132936,11883
132936,85573
132936,102613
132936,131695
132936,76442
132936,69045
132936,82457
132936,160024
132936,738
132936,17059
132936,53444
132936,116549
132936,101631
132936,158123
132936,100446
132936,134773
132936,45001
132936,99139
132936,90819
132936,42669
132936,77733
132936,27683
132936,118441
132936,60740
132936,148452
132936,17082
132936,91914
132936,60314
132936,97629
132936,35372
132936,74769
132936,67547
132936,8236
132936,58266
132936,25679
132936,110663
132936,66859
132936,60618
132936,33128
132936,118869
132936,91576
132936,35146
132936,98663
132936,68963
132936,10469
132936,49890
132936,16655
132936,148301
132936,165103
132936,10466
132936,3377
132936,158871
132936,26453
132936,44742
132936,84993
132936,58270
132936,11552
132936,92967
132936,3471
132936,25517
132936,157280
132936,117105
132936,61175
132936,122930
132936,38519
132936,51488
132936,155794
132936,148411
132936,98619
132936,150771
132936,99864
132936,12174
132936,57960
132936,27684
132936,156020
132936,148756
132936,11608
132936,9061
132936,58253
132936,117285
132936,91750
132936,165616
132936,92530
132936,131227
132936,82598
132936,116576
132936,36536
132936,151577
132936,20464
132936,118816
132936,83990
132936,156593
132936,42391
132936,107305
132936,150152
132936,117715
132936,164046
132936,151424
132936,27625
132936,43997
132936,41457
132936,69468
132936,44353
132936,20055
132936,158097
132936,125445
132936,141783
132936,93045
132936,11604
132936,68865
132936,75877
132936,4252
132936,29052
132936,136614
132936,69331
132936,134273
132936,150442
132936,166908
132936,118386
132936,141407
132936,109156
132936,60393
32338,32922
32338,45106
32338,51003
32338,29228
32338,18341
32338,85573
32338,133187
32338,74409
32338,127338
32338,399
32338,109120
32338,90918
32338,40641
32338,57680
32338,61230
32338,133283
32338,108100
32338,165203
32338,102489
32338,89994
32338,75095
32338,148775
32338,1723
32338,9581
32338,91125
32338,164748
32338,43478
32338,97629
32338,6837
32338,42850
32338,10791
32338,44353
32338,20639
32338,100500
32338,79945
32338,22152
32338,69331
32338,60393
32338,92693
32338,139867
32338,116057
32338,18953
32338,11112
32338,52836
32338,165616
32338,20379
32338,82539
32338,148414
32338,19397
32338,106554
32338,93246
32338,141893
32338,42124
32338,44503
32338,158971
32338,68865
32338,132195
32338,35588
32338,133411
32338,151424
32338,11567
32338,85220
32338,41176
32338,25418
32338,33643
32338,10466
32338,123846
32338,52103
32338,4201
32338,23017
32338,16655
32338,158960
32338,164190
32338,156419
32338,113707
32338,156020
32338,91501
32338,107113
32338,164681
32338,98981
32338,46186
32338,113842
32338,83875
32338,50389
32338,3377
32338,158490
32338,2405
32338,10981
32338,2174
32338,10776
32338,164605
32338,158871
32338,41891
32338,42391
32338,148756
32338,99614
32338,140788
32338,84544
32338,148676
32338,90767
32338,74877
32338,148795
32338,114765
32338,86301
32338,123855
32338,10730
32338,32917
32338,90230
32338,26453
32338,158123
32338,115030
32338,166183
32338,11711
32338,127051
32338,155751
32338,1235
32338,106526
32338,159842
32338,1836
32338,165879
32338,92773
32338,118620
32338,108475
32338,166777
32338,74764
32338,67367
32338,107195
32338,141309
32338,156749
32338,126653
32338,123570
32338,12174
32338,11552
32338,28699
32338,53053
32338,150211
32338,2981
32338,11238
32338,100467
32338,20927
32338,91361
32338,130106
32338,153192
32338,107089
32338,123800
32338,27683
32338,83696
32338,43778
32338,117518
32338,157280
32338,164513
32338,35826
32338,116907
32338,157353
32338,165271
32338,123187
32338,8543
32338,118162
32338,34177
32338,20055
32338,117105
32338,118441
32338,132159
32338,11976
32338,60740
32338,116472
32338,148452
32338,50241
32338,146264
32338,67130
32338,85145
32338,19811
32338,49609
32338,165850
32338,515
32338,156059
32338,134225
32338,141275
32338,90826
32338,118477
32338,99929
32338,43021
32338,17082
32338,86110
32338,4325
32338,147903
32338,49478
32338,91914
32338,115166
32338,85712
32338,27625
32338,61084
32338,38519
32338,117715
32338,164839
32338,107678
32338,34552
32338,99705
32338,12555
32338,53445
32338,69045
32338,1356
32338,58721
32338,159002
32338,132587
32338,33477
32338,77958
32338,166908
32338,134995
32338,62874
32338,109195
32338,59064
32338,151247
32338,51488
32338,157538
32338,151577
32338,1694
32338,158316
32338,110278
32338,66212
32338,8708
32338,11749
32338,148878
32338,133190
32338,74000
32338,8476
32338,11339
32338,52061
32338,19797
32338,158887
32338,10481
32338,142591
32338,2520
32338,136614
32338,125731
32338,11028
32338,92835
32338,122995
32338,35981
32338,66859
32338,166229
32338,4425
32338,25254
32338,33662
32338,99271
32338,26752
32338,163921
32338,117285
32338,11608
32338,93013
32338,91576
32338,67819
32338,19698
32338,104848
32338,77537
32338,83990
32338,167151
32338,9488
32338,126453
32338,44122
32338,36536
32338,60618
32338,2028
32338,109898
32338,90934
32338,4090
32338,158302
32338,125004
32338,141703
32338,60081
32338,58108
32338,36250
32338,133589
32338,67741
32338,157881
32338,20464
32338,12609
32338,9736
32338,75877
32338,126783
32338,158809
32338,33316
32338,28427
102613,84025
102613,166688
102613,45001
102613,74769
102613,68865
102613,134273
102613,53444
102613,93618
102613,42391
102613,107089
102613,2997
102613,49210
102613,141201
102613,101531
102613,134036
102613,41457
102613,61175
102613,115166
102613,99139
102613,78161
102613,93966
102613,164513
102613,143623
102613,151424
102613,25981
102613,18341
102613,134613
102613,1887
102613,166908
102613,158871
102613,57864
102613,82196
102613,98932
102613,19630
102613,58502
102613,90819
102613,20093
102613,91463
102613,2868
102613,166648
102613,10730
102613,74877
102613,90826
102613,158302
102613,133319
102613,43478
102613,28427
102613,82539
102613,60411
102613,131227
102613,147695
102613,28378
102613,126603
102613,150686
102613,123570
102613,5942
102613,86080
102613,74421
102613,17082
102613,91309
102613,109435
102613,133756
102613,100948
102613,67547
102613,117518
102613,158887
102613,134267
102613,151247
102613,33128
102613,51488
102613,4252
102613,3078
102613,98511
102613,136614
102613,57680
102613,49817
102613,148759
102613,17380
102613,85355
102613,156593
102613,107305
102613,84544
102613,157280
102613,98619
102613,141049
102613,49890
102613,150152
102613,107854
102613,60393
126312,107854
126312,107305
126312,153473
126312,115044
126312,60517
126312,125242
74000,156782
74000,150073
74000,100750
74000,107305
74000,143042
74000,132159
74000,1346
74000,139660
74000,115030
74000,51990
117486,107305
117486,91750
158971,156782
158971,68865
158971,53444
158971,117105
158971,114786
158971,107305
158971,92773
158971,125445
158971,27683
158971,1346
158971,157280
158971,25981
61230,90650
61230,156782
61230,11883
61230,158302
61230,20424
61230,17427
61230,107854
61230,114786
61230,107305
61230,19797
61230,148411
61230,27683
61230,34126
61230,147903
61230,42669
738,45001
738,68865
738,117105
738,107305
738,153473
738,167151
738,19797
106663,160024
106663,68865
106663,107305
106663,43600
57636,45001
57636,68865
57636,107854
57636,107305
57636,20093
57636,125731
124562,53444
124562,44929
124562,107305
124562,76442
92773,90650
92773,156782
92773,150073
92773,100602
92773,160024
92773,68865
92773,53444
92773,8460
92773,11608
92773,49210
92773,2435
92773,107854
92773,11604
92773,67741
92773,44353
92773,37268
92773,148301
92773,107305
92773,150152
92773,102401
92773,69045
92773,151748
92773,131645
92773,148676
92773,107089
92773,20055
92773,75877
92773,158871
92773,100220
92773,28699
92773,107077
92773,90767
92773,78308
92773,10730
92773,57848
92773,99271
92773,117285
92773,98663
92773,166283
92773,131227
92773,141454
92773,148076
92773,44109
92773,36536
92773,101631
92773,44122
92773,125445
92773,107678
92773,165893
92773,20464
92773,11987
92773,127338
92773,19698
92773,102095
92773,25679
92773,57680
92773,27683
92773,58266
92773,42669
92773,11296
92773,115166
92773,126453
92773,44742
92773,111407
92773,10981
92773,141049
92773,27560
92773,25981
92773,134613
92773,9478
92773,110954
92773,11711
92773,10287
92773,115044
92773,35372
92773,33128
92773,34126
92773,122930
92773,151577
92773,84993
92773,1235
92773,116835
92773,85220
92773,158097
92773,153473
92773,159002
92773,101364
92773,26453
92773,10481
92773,43062
92773,92835
92773,82019
92773,167502
92773,51488
92773,4252
92773,91576
92773,140788
92773,136614
92773,27864
92773,133283
92773,33316
92773,125731
92773,98697
92773,19811
92773,122995
53444,90650
53444,84025
53444,100602
53444,160024
53444,45001
53444,68865
53444,90918
53444,19441
53444,6837
53444,100500
53444,76442
53444,82457
53444,17059
53444,122930
53444,28378
53444,156020
53444,1849
53444,109120
53444,90819
53444,151247
53444,92967
53444,2981
53444,51488
53444,98663
53444,11238
53444,131227
53444,82598
53444,141454
53444,150152
53444,148076
53444,156437
53444,42669
53444,150686
53444,98511
53444,98697
53444,151577
53444,74991
53444,67547
53444,118816
53444,25679
53444,57368
53444,117653
53444,107089
53444,83990
53444,125596
53444,118134
53444,3142
53444,117518
53444,91576
53444,155794
53444,69571
53444,141407
53444,34177
53444,156590
53444,60517
53444,164046
53444,93013
53444,10776
53444,43369
53444,91463
53444,133190
53444,85308
53444,116907
53444,77804
53444,67741
53444,42391
53444,44353
53444,158097
53444,42247
53444,60159
53444,126624
53444,11604
53444,10481
53444,118441
53444,140788
53444,136614
53444,117285
53444,110509
53444,2435
53444,19797
53444,98619
53444,49890
53444,60393
53444,76574
53444,45015
53444,99864
53444,42655
53444,167502
53444,141275
53444,4425
53444,9478
53444,132202
53444,9061
53444,10730
53444,99271
53444,135019
53444,24650
53444,11608
53444,4252
53444,44109
53444,43021
53444,66859
53444,101631
53444,93246
53444,109435
53444,20464
53444,74478
53444,19698
53444,75062
53444,49478
53444,155962
53444,33477
53444,158123
53444,115030
53444,99226
53444,91914
53444,165776
53444,2001
53444,156593
53444,101734
53444,19397
53444,107305
53444,44742
53444,107854
53444,146264
53444,160107
53444,57864
53444,27625
53444,43112
53444,115044
53444,49477
53444,158302
53444,10805
53444,109156
53444,140731
53444,44945
53444,20055
53444,116835
53444,157538
53444,58721
53444,150924
53444,41176
53444,43291
53444,159002
53444,118869
53444,99614
53444,124101
53444,92835
53444,10469
53444,9736
53444,4090
53444,75877
53444,166777
53444,10466
53444,1887
53444,100750
53444,35146
53444,58270
142190,134273
142190,107305
142190,140731
142190,157280
142190,83696
82196,45001
82196,134273
82196,107305
82196,164513
45001,90650
45001,84025
45001,11883
45001,25418
45001,20093
45001,76442
45001,82457
45001,134613
45001,147613
45001,74877
45001,61175
45001,99139
45001,122930
45001,107077
45001,27684
45001,28378
45001,114786
45001,9478
45001,2868
45001,51488
45001,133319
45001,165616
45001,11238
45001,11608
45001,82539
45001,131227
45001,100467
45001,125121
45001,26453
45001,66859
45001,42669
45001,150686
45001,19397
45001,10466
45001,74421
45001,165893
45001,164513
45001,118816
45001,12174
45001,109120
45001,155962
45001,98511
45001,115030
45001,57680
45001,125596
45001,83990
45001,27683
45001,82688
45001,91463
45001,126453
45001,42391
45001,117518
45001,245
45001,107305
45001,42247
45001,155794
45001,85712
45001,150152
45001,60104
45001,107854
45001,93618
45001,134036
45001,151476
45001,60517
45001,119014
45001,164046
45001,78161
45001,151424
45001,1887
45001,164605
45001,57864
45001,43112
45001,156593
45001,52061
45001,158388
45001,157691
45001,158302
45001,68865
45001,84993
45001,117818
45001,41457
45001,74769
45001,67547
45001,134267
45001,126603
45001,44353
45001,44742
45001,20055
45001,156590
45001,133756
45001,99614
45001,158871
45001,20424
45001,93045
45001,126624
45001,150460
45001,92835
45001,75877
45001,93966
45001,3078
45001,136614
45001,77623
45001,148759
45001,2997
45001,69331
45001,134273
45001,158887
45001,36250
45001,35146
45001,98619
45001,28427
45001,49890
45001,60393
99139,90650
99139,134273
99139,107854
99139,107305
99139,98619
99139,150152
99139,115044
99139,28959
99139,85355
90819,90650
90819,107305
90819,134036
90819,164513
90819,131227
2981,107854
2981,11604
2981,8236
2981,107305
2981,44109
2981,127051
2981,133411
2981,28427
2981,74005
2981,91463
27683,32922
27683,90650
27683,150073
27683,11883
27683,68865
27683,126424
27683,83990
27683,117105
27683,11604
27683,58108
27683,148756
27683,44353
27683,37268
27683,107305
27683,93045
27683,167151
27683,112830
27683,19797
27683,91914
27683,115044
27683,20055
27683,164046
27683,67547
27683,136614
27683,157538
27683,4321
27683,85573
27683,74409
27683,18341
27683,100500
27683,69045
27683,52836
27683,44503
27683,8459
27683,148676
27683,32917
27683,82488
27683,134613
27683,99226
27683,74478
27683,100446
27683,42669
27683,123800
27683,11552
27683,122930
27683,28699
27683,28378
27683,107113
27683,92967
27683,58253
27683,98663
27683,131227
27683,158490
27683,98981
27683,25517
27683,107678
27683,158316
27683,3377
27683,117518
27683,155794
27683,141407
27683,151476
27683,848
27683,77537
27683,158871
27683,150211
27683,157881
27683,77804
27683,84602
27683,14615
27683,27684
27683,101531
27683,60207
27683,42391
27683,118162
27683,20639
27683,85145
27683,10481
27683,118441
27683,115737
27683,10805
27683,42644
27683,38519
27683,19811
27683,8539
27683,91125
27683,99864
27683,4425
27683,123855
27683,132202
27683,2868
27683,68298
27683,99271
27683,165616
27683,158097
27683,160107
27683,66859
27683,36536
27683,106554
27683,100208
27683,156593
27683,9581
27683,42247
27683,60618
27683,50019
27683,57864
27683,27625
27683,52061
27683,68758
27683,37476
27683,106735
27683,10469
27683,141703
27683,69468
27683,58721
27683,86080
27683,92207
27683,19958
27683,92835
27683,108475
27683,9061
27683,108215
27683,118657
27683,74025
27683,116938
27683,74203
27683,35146
27683,134995
27683,117653
27683,16655
27683,126653
1356,150073
1356,107305
1356,156419
1356,125445
1356,107089
74769,32922
74769,84025
74769,116969
74769,156437
74769,74005
74769,123570
74769,32876
74769,90767
74769,125837
74769,92967
74769,10730
74769,19842
74769,34126
74769,74421
74769,86047
74769,28427
74769,8460
74769,133283
74769,134273
74769,41457
74769,12174
74769,115166
74769,93966
74769,82598
74769,125445
74769,107305
74769,116576
74769,98619
74769,66859
74769,28959
74769,98663
67547,11883
67547,68865
67547,134273
67547,11608
67547,107854
67547,100750
67547,11604
67547,8236
67547,107305
67547,98619
67547,150152
67547,19797
67547,91914
67547,10287
67547,125445
67547,76442
67547,5942
67547,3471
67547,60517
67547,156749
67547,140731
67547,57474
67547,12174
67547,141454
67547,44109
67547,92967
67547,156437
67547,19842
67547,119014
134995,8543
134995,11604
134995,107305
134995,113707
134995,132159
134995,46186
2997,32922
2997,150073
2997,11883
2997,134273
2997,49210
2997,107854
2997,148756
2997,148301
2997,107305
2997,17082
2997,156828
2997,115166
2997,2079
2997,99226
2997,43600
2997,85712
2997,98511
2997,90339
2997,100948
2997,166908
2997,164748
2997,108308
2997,1849
2997,108475
2997,90230
2997,11028
2997,12174
2997,58502
2997,84061
2997,98981
2997,12347
2997,100786
2997,28427
2997,10730
10481,150073
10481,160024
10481,68865
10481,134273
10481,107305
10481,93045
10481,165893
10481,58266
10481,12174
10481,158871
10481,166908
110663,68865
110663,100750
110663,107305
110663,17706
110663,44945
110663,92967
110663,143042
110663,132159
110663,12174
110663,108475
110663,156020
110663,132788
91576,11883
91576,107854
91576,11604
91576,107305
91576,148411
91576,86047
91576,10455
133283,156782
133283,68865
133283,158302
133283,107305
133283,17082
133283,134036
133283,90826
133283,52836
133283,25409
133283,93966
133283,28427
35146,90650
35146,156782
35146,100602
35146,11883
35146,25418
35146,68865
35146,126424
35146,83990
35146,158302
35146,166384
35146,20424
35146,11608
35146,117105
35146,91501
35146,17427
35146,110530
35146,58108
35146,148301
35146,107305
35146,98619
35146,150152
35146,93045
35146,19797
35146,164046
35146,125445
35146,86047
35146,28959
35146,10455
35146,1644
35146,20093
35146,92967
35146,9495
35146,60740
35146,115166
35146,156593
35146,98663
35146,11552
35146,100446
35146,158097
35146,101631
35146,118441
35146,26453
35146,4425
35146,19132
35146,118477
35146,76442
35146,2079
35146,42669
35146,109122
35146,66859
35146,126453
35146,118869
35146,131992
35146,100220
35146,117715
35146,27126
35146,16974
35146,10776
35146,139660
35146,27684
35146,58270
35146,1849
35146,92835
35146,134225
35146,118857
35146,11112
35146,101364
35146,158871
35146,19842
35146,34126
35146,24657
35146,41470
35146,43997
35146,133742
35146,74764
35146,134358
35146,125731
35146,42391
35146,16655
35146,116576
35146,157280
35146,35549
35146,108475
57368,32922
57368,98777
57368,11883
57368,160024
57368,107854
57368,148756
57368,107305
57368,58266
57368,115166
57368,101631
57368,60517
57368,1849
57368,27560
57368,108475
57368,58532
57368,157691
57368,57848
57368,106891
57368,157881
57368,114765
57368,59058
57368,156755
57368,164932
164513,90650
164513,84025
164513,68865
164513,11604
164513,107305
164513,150152
164513,118441
164513,26453
164513,28378
164513,133319
164513,158871
164513,109435
164513,93966
164513,98932
164513,119014
164513,91463
164513,78161
164513,74421
164513,41457
164513,131227
158887,158302
158887,107305
158887,150152
158887,115044
158887,98663
158887,117518
158887,60517
158887,134267
158887,123570
158887,60104
158887,158871
158887,35549
2520,156782
2520,160024
2520,134273
2520,158302
2520,11608
2520,8543
2520,153473
2520,113707
2520,11552
2520,28427
2520,122930
2520,42669
2520,20927
2520,46186
2520,41891
2520,100786
2520,35971
93246,150073
93246,155937
93246,107305
78161,156782
78161,68865
78161,107305
78161,92967
78161,74005
99614,32922
99614,156782
99614,68865
99614,134273
99614,11604
99614,107305
99614,115044
99614,60517
99614,147903
99614,57474
12609,150073
12609,11883
12609,158302
12609,91501
12609,107305
12609,17082
12609,150152
12609,92967
12609,140731
12609,1346
12609,42669
12609,155794
12609,16655
12609,166130
12609,85037
49890,11883
49890,160024
49890,68865
49890,134273
49890,158302
49890,107305
49890,98619
49890,150152
49890,93045
49890,156437
49890,126603
49890,123570
49890,42391
49890,151424
49890,101364
49890,19842
148301,32922
148301,150073
148301,11883
148301,25418
148301,68865
148301,83990
148301,11608
148301,49210
148301,117105
148301,107854
148301,110530
148301,148756
148301,91309
148301,147903
148301,100446
148301,134773
148301,42669
148301,118441
148301,132159
148301,60740
148301,25679
148301,101321
148301,1311
148301,157691
148301,74025
148301,123462
148301,156749
148301,100220
148301,165203
148301,848
148301,100948
148301,86047
148301,125731
148301,157881
148301,16655
148301,27625
148301,134036
148301,26453
148301,115166
148301,125445
148301,27126
148301,9495
148301,156611
148301,164190
148301,19958
148301,141893
148301,3377
148301,166908
148301,57864
148301,108475
148301,116472
148301,156059
148301,98932
148301,147505
148301,109717
148301,11112
148301,86158
148301,85037
148301,10730
148301,106526
148301,57848
148301,19797
148301,132195
148301,118657
148301,136614
148301,9581
148301,163921
148301,156106
148301,25355
148301,3418
148301,10455
148301,33316
148301,92530
148301,147619
148301,131227
148301,12174
148301,69468
148301,93045
148301,125121
148301,1849
148301,107305
148301,158871
148301,150152
148301,157280
148301,156593
148301,155794
148301,148076
148301,133742
148301,19842
148301,108308
133319,84025
133319,134273
133319,11604
133319,107305
133319,150152
133319,135337
133319,28427
133319,93966
133319,32605
117518,90650
117518,156782
117518,68865
117518,158302
117518,107305
117518,150152
117518,115044
117518,58266
117518,156106
117518,92967
117518,141201
117518,65775
117518,12347
117518,91463
84544,49210
84544,107305
84544,25517
84544,109195
42655,68865
42655,107854
42655,107305
42655,153473
42655,165271
42655,166777
42655,34177
46186,90650
46186,156782
46186,113707
46186,132159
46186,79945
46186,1346
46186,41891
60411,156782
60411,107305
125121,160024
125121,107305
125121,164046
125121,11339
125121,17706
125121,41470
125121,115030
57864,100602
57864,134273
57864,107854
57864,107305
57864,98619
57864,1849
57864,16655
57864,12174
57864,107678
57864,8298
57864,160107
133756,68865
133756,134273
133756,107305
133756,150152
133756,12174
91463,160024
91463,134273
91463,166384
91463,107854
91463,11604
91463,37268
91463,107305
91463,98619
91463,150152
91463,93045
91463,115044
91463,10287
91463,28427
91463,9736
91463,93966
91463,74421
14615,41891
14615,95736
90650,32922
90650,74409
90650,100500
90650,69045
90650,74343
90650,20583
90650,131798
90650,17059
90650,11658
90650,148676
90650,114883
90650,94523
90650,11749
90650,17082
90650,4325
90650,85712
90650,61084
90650,97629
90650,92693
90650,25679
90650,133190
90650,43062
90650,165893
90650,60618
90650,141703
90650,848
90650,17706
90650,11028
90650,27560
90650,157881
90650,117592
90650,118860
90650,165103
90650,168032
90650,158871
90650,150073
90650,44742
90650,399
90650,157538
90650,118162
90650,61175
90650,122930
90650,125242
90650,41457
90650,57960
90650,27684
90650,91501
90650,52027
90650,2868
90650,101364
90650,28378
90650,44109
90650,83990
90650,148076
90650,151577
90650,166229
90650,19698
90650,59561
90650,74421
90650,107195
90650,3142
90650,107305
90650,68865
90650,155794
90650,20055
90650,148775
90650,4425
90650,123855
90650,151247
90650,34126
90650,150924
90650,147619
90650,35398
90650,73855
90650,155962
90650,20424
90650,93045
90650,107854
90650,11604
90650,4090
90650,141454
90650,136614
90650,116472
90650,157875
90650,101531
90650,134273
90650,133589
90650,12174
90650,165616
90650,98619
140731,156782
140731,25418
140731,68865
140731,134273
140731,158302
140731,49210
140731,44929
140731,11604
140731,44353
140731,107305
140731,17082
140731,98619
140731,20055
140731,164046
140731,136614
140731,9478
140731,155962
140731,33128
140731,58266
140731,17706
140731,20093
140731,156593
140731,133190
140731,98663
140731,19698
140731,118441
140731,76442
140731,131798
140731,85838
140731,42669
140731,51037
140731,60569
140731,126453
140731,32876
140731,57474
140731,954
140731,135019
140731,36640
140731,58270
140731,157280
140731,86080
140731,35971
140731,25981
140731,11987
140731,166908
140731,43778
140731,60393
51488,32922
51488,25418
51488,107305
51488,115044
51488,135337
51488,12174
98619,98777
98619,11883
98619,68865
98619,83990
98619,11604
98619,10466
98619,107305
98619,17082
98619,147903
98619,42669
98619,118441
98619,132159
98619,91914
98619,58266
98619,35981
98619,165893
98619,2028
98619,109898
98619,118869
98619,9736
98619,107113
98619,126603
98619,157881
98619,3377
98619,11296
98619,158871
98619,135019
98619,26453
98619,399
98619,58270
98619,92967
98619,25517
98619,157280
98619,35549
98619,58721
98619,1702
98619,148411
98619,28959
98619,131992
98619,117715
98619,164046
98619,9478
98619,123570
98619,27684
98619,27625
98619,141275
98619,158388
98619,34126
98619,165337
98619,165616
98619,10455
98619,150771
98619,44945
98619,69468
98619,131227
98619,116576
98619,115044
98619,20055
98619,125445
98619,167151
98619,150923
98619,93045
98619,93966
98619,118857
98619,155962
98619,29052
98619,115030
98619,151424
98619,12281
98619,42391
98619,156593
98619,150152
150686,156782
150686,150073
150686,11883
150686,68865
150686,107305
150686,115044
150686,28427
150686,28378
150686,43291
150686,98697
150686,93273
51003,156782
51003,107305
51003,125445
51003,135337
51003,157691
92530,68865
92530,245
92530,158302
92530,166384
92530,148756
92530,107305
92530,93045
92530,10455
92530,60740
92530,25517
92530,126602
92530,69468
92530,100446
92530,118441
92530,69045
92530,19132
92530,34126
92530,27625
92530,101321
92530,125731
92530,16655
92530,3377
92530,158871
92530,156755
92530,25355
92530,157280
92530,53445
92530,42124
92530,27126
92530,12174
92530,9061
92530,19842
57680,68865
57680,158302
57680,107305
57680,133411
57680,20093
124395,107305
124395,17082
124395,117795
133187,107305
68865,32922
68865,139993
68865,84025
68865,85573
68865,74409
68865,90918
68865,18341
68865,20093
68865,68617
68865,76442
68865,74343
68865,131798
68865,82488
68865,41164
68865,42669
68865,44929
68865,43600
68865,11976
68865,60740
68865,49609
68865,17082
68865,97629
68865,106735
68865,8236
68865,51037
68865,132587
68865,1311
68865,123462
68865,33662
68865,66859
68865,126453
68865,33128
68865,158302
68865,118869
68865,123800
68865,100220
68865,100208
68865,98663
68865,32876
68865,10469
68865,126603
68865,12347
68865,16655
68865,98981
68865,3377
68865,10776
68865,158871
68865,26453
68865,44742
68865,133396
68865,77623
68865,11552
68865,92967
68865,166283
68865,157280
68865,118162
68865,117105
68865,61175
68865,122930
68865,116472
68865,49478
68865,53445
68865,58721
68865,53115
68865,1644
68865,58108
68865,11608
68865,19132
68865,4425
68865,90934
68865,109156
68865,19842
68865,93618
68865,12174
68865,74991
68865,91501
68865,141275
68865,9478
68865,117715
68865,9061
68865,10730
68865,115166
68865,24650
68865,131227
68865,28378
68865,4252
68865,156593
68865,148076
68865,107678
68865,167151
68865,20464
68865,86356
68865,68758
68865,49817
68865,27684
68865,83990
68865,50019
68865,164605
68865,101734
68865,69331
68865,150152
68865,60104
68865,134273
68865,57848
68865,164046
68865,107089
68865,28699
68865,27126
68865,164839
68865,43112
68865,34126
68865,107305
68865,19797
68865,99705
68865,147619
68865,41457
68865,149603
68865,20055
68865,84602
68865,124101
68865,27625
68865,11987
68865,20424
68865,93045
68865,42247
68865,11604
68865,118477
68865,116969
68865,92835
68865,123570
68865,143304
68865,141454
68865,143326
68865,118857
68865,166777
68865,29052
68865,2868
68865,136614
68865,3078
68865,150442
68865,166908
68865,10805
68865,60393
109435,156782
109435,150073
109435,107305
109435,150152
148756,32922
148756,11883
148756,126424
148756,166384
148756,20424
148756,49210
148756,110530
148756,59944
148756,19441
148756,100446
148756,60740
148756,58266
148756,1311
148756,123462
148756,156749
148756,165203
148756,86047
148756,157881
148756,16655
148756,98981
148756,3377
148756,25355
148756,77623
148756,147505
148756,157280
148756,1702
148756,133742
148756,153473
148756,19842
148756,164046
148756,91750
148756,156059
148756,10455
148756,33316
148756,12174
148756,115166
148756,19958
148756,1849
148756,52563
148756,107305
148756,164932
148756,134036
148756,108475
148756,156437
148756,10730
148756,158209
148756,69468
131227,134273
131227,158302
131227,107305
131227,150152
131227,93045
131227,34126
131227,157280
67214,107854
67214,107305
17380,160024
17380,107305
17380,28427
11604,160024
11604,134273
11604,245
11604,83990
11604,8460
11604,20424
11604,11608
11604,107854
11604,58532
11604,102401
11604,20093
11604,17059
11604,101631
11604,18460
11604,42669
11604,58266
11604,25679
11604,133190
11604,99271
11604,165893
11604,141703
11604,107113
11604,848
11604,65451
11604,66008
11604,32876
11604,73946
11604,100948
11604,10776
11604,954
11604,127270
11604,44742
11604,84993
11604,58270
11604,3471
11604,99254
11604,118162
11604,122930
11604,49478
11604,58108
11604,19630
11604,158490
11604,158097
11604,119146
11604,90767
11604,109120
11604,116835
11604,141783
11604,20055
11604,44945
11604,107077
11604,27684
11604,147695
11604,4090
11604,2868
11604,117285
11604,141454
11604,148076
11604,75062
11604,140788
11604,20464
11604,107089
11604,115030
11604,57960
11604,118816
11604,107305
11604,150152
11604,60104
11604,134036
11604,164046
11604,143623
11604,100467
11604,44109
11604,126624
11604,28378
11604,84360
11604,67741
11604,92835
11604,75877
11604,166777
11604,136614
11604,9478
11604,1887
11604,110956
11604,110509
11604,118577
11604,118386
11604,142523
11604,98697
11604,60393
134273,84025
134273,160024
134273,90918
134273,123950
134273,59064
134273,114883
134273,42669
134273,109122
134273,24615
134273,17082
134273,60314
134273,97629
134273,148231
134273,58266
134273,157691
134273,66859
134273,33128
134273,9736
134273,10287
134273,66008
134273,156590
134273,2552
134273,11028
134273,135337
134273,57474
134273,157881
134273,10981
134273,10776
134273,158871
134273,133948
134273,26453
134273,127270
134273,44742
134273,75178
134273,157538
134273,133396
134273,58270
134273,157280
134273,99254
134273,61175
134273,114786
134273,122930
134273,11608
134273,19698
134273,49477
134273,98511
134273,165616
134273,82598
134273,90767
134273,109120
134273,116835
134273,107678
134273,74877
134273,75877
134273,123570
134273,41457
134273,27684
134273,2868
134273,57848
134273,11238
134273,16535
134273,19351
134273,98932
134273,136614
134273,86356
134273,107089
134273,43369
134273,4252
134273,156593
134273,42391
134273,107305
134273,150152
134273,83696
134273,93618
134273,116969
134273,100203
134273,151424
134273,155751
134273,27625
134273,43112
134273,118386
134273,100467
134273,35971
134273,1346
134273,20055
134273,155962
134273,166229
134273,29052
134273,108452
134273,49817
134273,126624
134273,156828
134273,133254
134273,8476
60104,107854
60104,107305
60104,11552
60104,5942
60104,11238
60104,147619
60104,12174
60104,52563
60104,50019
93966,158302
93966,37268
93966,107305
93966,150152
93966,93045
93966,28427
93966,41457
93966,74421
74421,160024
74421,117105
74421,17427
74421,107854
74421,107305
74421,153473
74421,28427
74421,123570
28378,107854
28378,107305
28378,150152
42391,11883
42391,126424
42391,158302
42391,17427
42391,107305
42391,17082
42391,150152
42391,93045
42391,164046
42391,126603
42391,134267
42391,27560
164046,11883
164046,126424
164046,245
164046,158302
164046,166384
164046,20424
164046,49210
164046,44929
164046,100750
164046,8236
164046,131695
164046,107305
164046,150152
164046,93045
164046,19797
164046,91914
164046,20055
164046,165893
164046,58532
164046,90918
164046,19441
164046,76442
164046,100446
164046,42669
164046,118441
164046,58266
164046,123462
164046,2028
164046,33128
164046,123800
164046,98663
164046,125731
164046,126603
164046,157881
164046,16655
164046,158871
164046,25355
164046,58270
164046,11552
164046,147505
164046,41470
164046,1644
164046,133742
164046,156611
164046,5942
164046,164190
164046,150923
164046,143042
164046,1849
164046,108475
164046,164839
164046,12174
164046,117285
164046,82688
164046,166908
164046,115166
164046,34126
151247,150073
151247,11608
151247,107305
151247,153473
151247,2405
151247,167151
151247,69045
151247,135184
151247,132159
151247,11976
151247,156419
151247,166183
151247,69331
151247,125445
151247,515
151247,139867
151247,155751
151247,62874
151247,19797
2868,150073
2868,160024
2868,114786
2868,107305
156437,25418
156437,49210
156437,107305
156437,65451
156437,43112
156437,125445
156437,75877
156437,77623
156437,148034
156437,82688
156437,74877
156437,82457
156437,131798
156437,134613
156437,42669
156437,60749
156437,157691
156437,66859
156437,75924
156437,73946
156437,27560
156437,158871
156437,135019
156437,33594
156437,19132
156437,159002
156437,515
156437,160107
156437,108475
156437,164605
156437,27625
156437,100467
156437,42247
156437,108452
156437,156593
156437,108098
19351,107305
19351,90826
19351,122930
107089,100602
107089,107305
107089,150152
107089,113707
107089,92967
107089,157691
32922,58532
32922,116353
32922,91309
32922,25418
32922,131645
32922,100602
32922,32917
32922,101631
32922,77733
32922,60749
32922,17082
32922,157691
32922,99271
32922,11883
32922,49258
32922,32876
32922,10469
32922,11028
32922,27560
32922,157881
32922,16655
32922,118860
32922,3377
32922,10776
32922,133948
32922,156755
32922,33594
32922,92967
32922,27265
32922,133742
32922,98511
32922,3142
32922,59058
32922,119146
32922,82464
32922,107854
32922,41176
32922,159002
32922,10730
32922,1474
32922,60517
32922,10455
32922,115166
32922,107305
32922,98777
32922,164932
32922,100467
32922,115044
32922,12174
32922,126783
32922,108475
32922,20639
32922,126624
32922,156828
32922,49210
32922,9061
32922,98932
32922,164190
32922,150771
32922,117715
32922,156059
32922,1849
32922,9581
32922,134036
32922,69468
32922,166908
32922,19811
44353,107854
44353,33128
44353,153473
44353,166648
44353,107305
44353,136614
44353,115044
44353,108475
44353,125445
93618,114786
93618,107305
93618,135337
119014,107305
119014,9763
115166,11883
115166,25418
115166,126424
115166,83990
115166,158302
115166,166384
115166,49210
115166,117105
115166,110530
115166,58108
115166,107305
115166,17082
115166,125445
115166,86047
115166,136614
115166,10455
115166,1644
115166,150923
115166,60740
115166,59944
115166,59064
115166,131798
115166,2079
115166,32917
115166,100446
115166,77804
115166,11976
115166,1311
115166,123462
115166,33662
115166,100208
115166,98663
115166,73946
115166,125731
115166,157881
115166,16655
115166,25355
115166,84993
115166,147505
115166,27265
115166,85037
115166,4425
115166,133742
115166,11112
115166,108308
115166,118857
115166,107678
115166,10730
115166,112134
115166,34126
115166,74203
115166,156059
115166,1849
115166,52563
115166,19958
115166,165337
115166,27625
115166,108475
115166,12174
115166,43997
115166,11238
115166,33316
115166,69468
115166,11711
115166,155751
115166,148076
115166,164932
67741,10287
67741,153473
67741,107305
67741,115044
67741,167193
67741,125445
67741,134036
67741,9478
41457,158302
41457,11608
41457,107854
41457,107305
41457,93045
41457,125445
41457,28427
41457,4425
41457,5942
41457,141454
41457,51990
41457,32876
41457,52563
41457,131798
159933,107305
107305,98777
107305,156782
107305,26752
107305,84025
107305,99848
107305,150073
107305,100602
107305,11883
107305,25418
107305,166688
107305,160024
107305,126424
107305,245
107305,83990
107305,158302
107305,166384
107305,8460
107305,58497
107305,20424
107305,11608
107305,49210
107305,44929
107305,91501
107305,2435
107305,17427
107305,53626
107305,107854
107305,114786
107305,110530
107305,100750
107305,10466
107305,148414
107305,58108
107305,2019
107305,37268
107305,8236
107305,131695
107305,20745
107305,117951
107305,85573
107305,58532
107305,74409
107305,102401
107305,90918
107305,126602
107305,18341
107305,108100
107305,75095
107305,59944
107305,20093
107305,19441
107305,1723
107305,68617
107305,43478
107305,100500
107305,77889
107305,28395
107305,76442
107305,69045
107305,74343
107305,18953
107305,66530
107305,52836
107305,82457
107305,42782
107305,118620
107305,127158
107305,90483
107305,44503
107305,20583
107305,116353
107305,86311
107305,20207
107305,151748
107305,2405
107305,91309
107305,84746
107305,123950
107305,131645
107305,59064
107305,41542
107305,131798
107305,17059
107305,11658
107305,132688
107305,131742
107305,10195
107305,2079
107305,148676
107305,32917
107305,114883
107305,9878
107305,102403
107305,116549
107305,101631
107305,94523
107305,33206
107305,82488
107305,158123
107305,147903
107305,134613
107305,99226
107305,85838
107305,41164
107305,109305
107305,127051
107305,18460
107305,141201
107305,51434
107305,17643
107305,1235
107305,74478
107305,100446
107305,51592
107305,134773
107305,98830
107305,41017
107305,42669
107305,77733
107305,109122
107305,77804
107305,11749
107305,60749
107305,123187
107305,134267
107305,43600
107305,149162
107305,24615
107305,118441
107305,132159
107305,11976
107305,60740
107305,148452
107305,49609
107305,73733
107305,139968
107305,17082
107305,4325
107305,91914
107305,60314
107305,83527
107305,8742
107305,85712
107305,35372
107305,106735
107305,148034
107305,43769
107305,51037
107305,132587
107305,25409
107305,82355
107305,53557
107305,148231
107305,58266
107305,92693
107305,25679
107305,158316
107305,92894
107305,101321
107305,1311
107305,133190
107305,123512
107305,35299
107305,157691
107305,11339
107305,74025
107305,93129
107305,43062
107305,123462
107305,35981
107305,82539
107305,33662
107305,99271
107305,156749
107305,60569
107305,66859
107305,165893
107305,126453
107305,91852
107305,60618
107305,2028
107305,109898
107305,33128
107305,141703
107305,106554
107305,12496
107305,67482
107305,118869
107305,9736
107305,126605
107305,158297
107305,139847
107305,94087
107305,45106
107305,127044
107305,123800
107305,74005
107305,100220
107305,18714
107305,75924
107305,117795
107305,68298
107305,65775
107305,107113
107305,165203
107305,82032
107305,102489
107305,848
107305,100208
107305,10287
107305,92498
107305,4321
107305,66008
107305,10791
107305,98663
107305,85145
107305,49258
107305,9546
107305,17706
107305,32876
107305,20379
107305,73946
107305,59804
107305,100948
107305,86047
107305,2552
107305,35588
107305,19188
107305,68963
107305,125837
107305,125731
107305,10469
107305,158960
107305,76564
107305,77537
107305,11028
107305,126603
107305,135337
107305,12347
107305,57474
107305,147472
107305,27560
107305,61277
107305,157881
107305,100786
107305,16655
107305,164806
107305,156419
107305,117592
107305,118860
107305,165103
107305,98981
107305,83875
107305,117939
107305,85355
107305,168032
107305,11296
107305,85722
107305,102405
107305,10981
107305,2174
107305,10776
107305,158871
107305,954
107305,133948
107305,91666
107305,98961
107305,148759
107305,114765
107305,156687
107305,26453
107305,127270
107305,2001
107305,44742
107305,75178
107305,399
107305,156755
107305,11555
107305,166915
107305,36640
107305,58236
107305,157538
107305,133396
107305,25355
107305,25254
107305,74764
107305,67367
107305,84993
107305,33594
107305,108570
107305,58270
107305,11552
107305,49743
107305,110038
107305,92967
107305,147505
107305,165554
107305,166283
107305,3471
107305,158847
107305,25517
107305,157280
107305,35549
107305,10593
107305,133007
107305,99254
107305,118162
107305,150460
107305,84061
107305,41470
107305,84133
107305,165850
107305,61175
107305,122930
107305,2842
107305,116472
107305,49478
107305,76492
107305,38519
107305,58502
107305,53445
107305,156106
107305,58721
107305,43291
107305,53115
107305,1644
107305,27265
107305,109401
107305,85037
107305,34888
107305,110278
107305,155794
107305,69571
107305,1702
107305,148411
107305,93013
107305,150220
107305,60207
107305,124625
107305,28959
107305,34177
107305,122995
107305,157353
107305,19630
107305,94103
107305,9495
107305,19698
107305,19132
107305,4425
107305,139660
107305,90934
107305,49477
107305,133742
107305,51990
107305,33734
107305,109156
107305,166990
107305,158490
107305,98511
107305,110954
107305,34166
107305,94218
107305,3142
107305,158097
107305,59058
107305,8444
107305,151055
107305,50378
107305,24657
107305,93273
107305,11112
107305,19842
107305,165616
107305,82598
107305,134681
107305,19397
107305,143228
107305,42124
107305,119146
107305,82464
107305,164525
107305,59657
107305,25981
107305,94070
107305,108308
107305,86080
107305,102095
107305,41176
107305,118857
107305,52103
107305,4201
107305,134393
107305,9138
107305,90767
107305,109120
107305,91750
107305,116835
107305,107678
107305,8588
107305,125596
107305,118134
107305,107112
107305,123855
107305,159002
107305,9468
107305,126343
107305,84602
107305,34947
107305,141783
107305,143326
107305,140788
107305,110956
107305,118577
107305,140349
107305,148795
107305,132202
107305,10730
107305,17694
107305,29052
107305,1474
107305,115030
107305,12281
107305,101734
107305,141049
107305,57848
107305,93003
107305,1836
107305,85228
107305,124101
107305,156611
107305,92835
107305,166229
107305,166777
107305,69331
107305,3112
107305,116938
107305,16521
107305,123570
107305,74991
107305,86158
107305,91361
107305,158212
107305,20479
107305,43778
107305,60517
107305,18352
107305,34126
107305,116907
107305,10455
107305,166648
107305,3078
107305,142248
107305,91125
107305,99864
107305,515
107305,150827
107305,99346
107305,160107
107305,35971
107305,74203
107305,155751
107305,131992
107305,76574
107305,85630
107305,134036
107305,143304
107305,164190
107305,147695
107305,164716
107305,147613
107305,45015
107305,50389
107305,74877
107305,151476
107305,60892
107305,50019
107305,150924
107305,9478
107305,156059
107305,27126
107305,166478
107305,86110
107305,125242
107305,143623
107305,139867
107305,90766
107305,28699
107305,164748
107305,16974
107305,35826
107305,107077
107305,57960
107305,151424
107305,43369
107305,61645
107305,156020
107305,132195
107305,1849
107305,68683
107305,27625
107305,134225
107305,141275
107305,98568
107305,164839
107305,43112
107305,156593
107305,100203
107305,117715
107305,52061
107305,9142
107305,52027
107305,9061
107305,150211
107305,115044
107305,58253
107305,85308
107305,117818
107305,158388
107305,20639
107305,86301
107305,67130
107305,43997
107305,82019
107305,11987
107305,165337
107305,34552
107305,118477
107305,125004
107305,90339
107305,101364
107305,117285
107305,9556
107305,111004
107305,8476
107305,150771
107305,101531
107305,99705
107305,11238
107305,10259
107305,92207
107305,44945
107305,147619
107305,69468
107305,24650
107305,124430
107305,118657
107305,36250
107305,16535
107305,134358
107305,108490
107305,141454
107305,100467
107305,106526
107305,116576
107305,4252
107305,44109
107305,11567
107305,133589
107305,142523
107305,148076
107305,134846
107305,90230
107305,84360
107305,164932
107305,43084
107305,43021
107305,19797
107305,149198
107305,36536
107305,107893
107305,20055
107305,73855
107305,126522
107305,118386
107305,116969
107305,75062
107305,26193
107305,74370
107305,118263
107305,10805
107305,67819
107305,151577
107305,125445
107305,167151
107305,98697
107305,34042
107305,20464
107305,150923
107305,52563
107305,36884
107305,143042
107305,93045
107305,123584
107305,42247
107305,125510
107305,60159
107305,126624
107305,118816
107305,19958
107305,141893
107305,127338
107305,33643
107305,117653
107305,8298
107305,59561
107305,126653
107305,35629
107305,142527
107305,4090
107305,1887
107305,75877
107305,12174
107305,133411
107305,86356
107305,53053
107305,98932
107305,159392
107305,61574
107305,109717
107305,155962
107305,131839
107305,69603
107305,28849
107305,126783
107305,136614
107305,149603
107305,115737
107305,108452
107305,165874
107305,27864
107305,33477
107305,68758
107305,49817
107305,57759
107305,27684
107305,82688
107305,82700
107305,3418
107305,42644
107305,83696
107305,158809
107305,11700
107305,33316
107305,150442
107305,110509
107305,167193
107305,166908
107305,164605
107305,165776
107305,141309
107305,11711
107305,124752
107305,9581
107305,1346
107305,106891
107305,83034
107305,157875
107305,44122
107305,124835
107305,108098
107305,156828
107305,67089
107305,167502
107305,77958
107305,28427
107305,108475
107305,19811
107305,133254
107305,150152
107305,2507
107305,141407
107305,158209
107305,60393
107305,109195
20055,156782
20055,150073
20055,11883
20055,126424
20055,158302
20055,20424
20055,11608
20055,44929
20055,17427
20055,107854
20055,100750
20055,8236
20055,17082
20055,150152
20055,93045
20055,153473
20055,19797
20055,115044
20055,20093
20055,147903
20055,42669
20055,11976
20055,25679
20055,168032
20055,26453
20055,44742
20055,92967
20055,25517
20055,19630
20055,118263
20055,5942
20055,12174
20055,133411
20055,125445
20055,141275
20055,141454
150152,84025
150152,100602
150152,158302
150152,20424
150152,11608
150152,44929
150152,17082
150152,6837
150152,59064
150152,101631
150152,42669
150152,24615
150152,118441
150152,25409
150152,58266
150152,118869
150152,66008
150152,98663
150152,157881
150152,10981
150152,158871
150152,26453
150152,44742
150152,33594
150152,58270
150152,92967
150152,122930
150152,34888
150152,148411
150152,118857
150152,69331
150152,34126
150152,166908
150152,131992
150152,10805
150152,11987
150152,9478
150152,118816
150152,43112
150152,155962
150152,167151
150152,27684
150152,2507
150152,156593
150152,12174
150152,93045
150152,151424
150152,16535
150152,98697
150152,44109
150152,36536
150152,108475
19811,156782
19811,150073
19811,160024
19811,158302
19811,107854
147613,165893
147613,143042
147613,60517
147613,41470
147613,42669
147613,58270
147613,82598
147613,29052
147613,98568
147613,134225
90766,1346
165337,156782
165337,11883
165337,126424
165337,166384
165337,17427
165337,165893
165337,28959
165337,133411
165337,92967
165337,132788
165337,82464
90230,114786
90230,69045
90230,12347
36536,139993
36536,150073
36536,160024
36536,83990
36536,166384
36536,20424
36536,117105
36536,17427
36536,19797
36536,165893
36536,33128
36536,9495
36536,5942
36536,515
36536,122930
36536,16655
36536,85220
36536,42669
36536,12174
36536,123950
36536,25679
36536,82488
36536,107678
36536,92835
36536,12555
156593,156782
156593,150073
156593,25418
156593,160024
156593,166384
156593,8460
156593,20424
156593,44929
156593,114786
156593,100750
156593,155937
156593,17082
156593,93045
156593,19797
156593,115044
156593,125445
156593,136614
156593,92967
156593,131798
156593,132159
156593,75924
156593,98663
156593,26453
156593,44742
156593,123570
156593,1346
156593,98697
42644,150073
42644,44929
42644,11296
147695,107854
50019,150073
50019,8460
50019,107854
99705,17082
99705,165893
99705,12174
125445,98777
125445,156782
125445,11883
125445,166688
125445,160024
125445,126424
125445,83990
125445,8460
125445,49210
125445,110530
125445,100750
125445,148411
125445,134036
125445,10287
125445,58532
125445,59064
125445,147903
125445,41017
125445,42669
125445,60740
125445,148452
125445,58266
125445,33662
125445,99271
125445,126453
125445,141703
125445,75924
125445,165203
125445,3377
125445,114765
125445,74764
125445,157280
125445,116472
125445,1644
125445,157353
125445,51990
125445,158490
125445,132788
125445,8444
125445,19842
125445,82464
125445,41176
125445,116835
125445,107678
125445,90826
125445,124101
125445,69331
125445,123570
125445,34126
125445,74370
125445,151476
125445,12174
125445,158209
125445,150442
125445,108475
125445,127338
125445,126624
125445,108452
125445,44945
125445,134846
125445,137575
125445,74877
125445,150771
125445,147619
125445,27625
125445,4090
125445,1849
125445,141454
125445,156059
125445,69468
125445,150923
125445,166908
125445,142523
125445,108098
125961,150073
125961,61084
125961,41891
25418,98777
25418,74409
25418,100500
25418,131695
25418,116353
25418,110530
25418,131992
25418,126453
25418,164190
25418,123462
25418,10455
25418,141201
25418,27560
25418,150220
25418,74005
25418,12174
25418,11552
25418,32876
25418,49210
25418,27684
25418,167193
25418,61645
25418,1849
25418,158871
25418,27625
25418,134225
25418,4425
25418,92967
25418,134036
25418,17427
25418,33128
25418,34126
25418,157881
25418,116907
25418,118477
25418,158302
25418,10466
25418,98663
25418,84993
25418,9556
25418,133742
25418,158960
25418,58108
25418,11608
25418,167151
25418,141454
25418,134681
25418,66859
25418,245
25418,42669
25418,108308
25418,60314
25418,156419
25418,26453
25418,84602
25418,25355
25418,118869
25418,9495
25418,124101
25418,156611
25418,20424
25418,117105
25418,19698
25418,108475
25418,143228
25418,118441
25418,98932
25418,93045
25418,53115
25418,136614
25418,115030
25418,166384
25418,77623
25418,3377
25418,166908
25418,19132
25418,44929
25418,109898
25418,1311
25418,44742
25418,157280
25418,156828
25418,155794
25418,100786
25418,58270
25418,10981
25418,38519
158302,26752
158302,84025
158302,100602
158302,11883
158302,83990
158302,74409
158302,76442
158302,52836
158302,166384
158302,17427
158302,59064
158302,85838
158302,42669
158302,77804
158302,118441
158302,60740
158302,49609
158302,17082
158302,58497
158302,1311
158302,66859
158302,126453
158302,109898
158302,131992
158302,50389
158302,24657
158302,99864
158302,12174
158302,11552
158302,107077
158302,27684
158302,3377
158302,1849
158302,4425
158302,44742
158302,101364
158302,57848
158302,19842
158302,19797
158302,150827
158302,118477
158302,91750
158302,98663
158302,93045
158302,115030
158302,160107
158302,157353
158302,25517
158302,26453
158302,86047
158302,19698
158302,74203
158302,28699
158302,68758
158302,19132
158302,157280
158302,38519
158302,117715
158302,93013
158302,59804
158302,27126
158302,100208
158302,35826
158302,27625
158302,127270
158302,158871
158302,28959
158302,34126
158302,17706
158302,10469
158302,147619
158302,58108
158302,69468
158302,167151
158302,166648
158302,84602
158302,118869
158302,124101
158302,156611
158302,20424
158302,108475
158302,118857
158302,136614
158302,28427
158302,116472
158302,117105
158302,166908
158302,123855
158302,165776
158302,85145
158302,142523
158302,11608
158302,92835
158302,16655
135019,156782
135019,155937
135019,90826
135019,41891
135019,94218
135019,23017
28427,84025
28427,83990
28427,153473
28427,33128
28427,32876
156782,98777
156782,85573
156782,102401
156782,18341
156782,43478
156782,6837
156782,69045
156782,44503
156782,8459
156782,151748
156782,131645
156782,131742
156782,32917
156782,116549
156782,147903
156782,127051
156782,41017
156782,149162
156782,17082
156782,97629
156782,60081
156782,35372
156782,51037
156782,25679
156782,158316
156782,92894
156782,101321
156782,43062
156782,92119
156782,33128
156782,9736
156782,10287
156782,65451
156782,4321
156782,66008
156782,98663
156782,17706
156782,59804
156782,2552
156782,77537
156782,16655
156782,10776
156782,158871
156782,26453
156782,33594
156782,108570
156782,25517
156782,84133
156782,165850
156782,95736
156782,116472
156782,109401
156782,148411
156782,34177
156782,157353
156782,19698
156782,133742
156782,50378
156782,93273
156782,116835
156782,90826
156782,93003
156782,85228
156782,156611
156782,92835
156782,166229
156782,139993
156782,91361
156782,43778
156782,60517
156782,18352
156782,166648
156782,160107
156782,74203
156782,136614
156782,118386
156782,27684
156782,60159
156782,115737
156782,117285
156782,115044
156782,75062
156782,36250
156782,10805
156782,49210
156782,148414
156782,20464
156782,166478
156782,58253
156782,35826
156782,35398
156782,167193
156782,73855
156782,93045
156782,133254
156782,1849
156782,69468
156782,68347
156782,103199
156782,27625
156782,150923
156782,4090
156782,1887
18341,150073
18341,160024
84025,44742
84025,3471
84025,12174
84025,123855
84025,115044
59064,11883
59064,83990
59064,110530
59064,77623
59064,69468
59064,26453
59064,1346
59064,12174
59064,123462
59064,147505
59064,157280
59064,33662
59064,1311
59064,109898
59064,19842
59064,10981
97629,150073
97629,44929
97629,107854
97629,155937
97629,142591
97629,41891
97629,32605
97629,25679
18048,157538
18048,59243
18048,92119
18048,107195
18048,157269
18048,41891
18048,32605
18048,142591
18048,9488
18048,108570
18048,23017
126453,100602
126453,166384
126453,11608
126453,117105
126453,44929
126453,17427
126453,17082
126453,93045
126453,19797
126453,86047
126453,156828
126453,20093
126453,32553
126453,118441
126453,4425
126453,118477
126453,118869
126453,42669
126453,92207
126453,85037
126453,157280
126453,133742
126453,166908
100208,150073
100208,166384
100208,11608
100208,93045
100208,28959
100208,26453
100208,109898
100208,115030
100208,83875
100208,51990
100208,122958
10469,166384
10469,11608
10469,117105
10469,44929
10469,93045
10469,19797
10469,136614
10469,92967
10469,25517
10469,19958
10469,4425
10469,76442
10469,147619
10469,16655
10469,74005
10469,12174
10469,86080
10469,116472
10469,4090
3377,11883
3377,83990
3377,166384
3377,49210
3377,117105
3377,17082
3377,19797
3377,133411
3377,9495
3377,60740
3377,148076
3377,141454
3377,27625
3377,16655
3377,108475
3377,12555
3377,157881
3377,41891
3377,166908
85355,4321
85355,125837
85355,126603
85355,34177
85355,60892
85355,92835
85355,8298
85355,60393
158871,83990
158871,166384
158871,20424
158871,11608
158871,117105
158871,44929
158871,91501
158871,17427
158871,17082
158871,93045
158871,19797
158871,17706
158871,20093
158871,92967
158871,9495
158871,60740
158871,25517
158871,98663
158871,126603
158871,101531
158871,11552
158871,100446
158871,118441
158871,44742
158871,26453
158871,61645
158871,19132
158871,1346
158871,27684
158871,34126
158871,16655
158871,12174
158871,28395
158871,131798
158871,11976
158871,1311
158871,125731
158871,57474
158871,10981
158871,166908
158871,19842
158871,155794
148759,92835
44742,150073
44742,44929
44742,107854
44742,17082
44742,93045
44742,19797
44742,115044
44742,85308
44742,126624
44742,9478
44742,58266
44742,17706
44742,44945
44742,92967
44742,98663
44742,66859
44742,98981
44742,10981
44742,19132
44742,1346
77623,83990
77623,44929
77623,8236
77623,134036
77623,33128
77623,60749
77623,118441
77623,17706
77623,158960
77623,157881
77623,10981
77623,41891
77623,26453
77623,8539
77623,90339
77623,151577
77623,61175
77623,131992
77623,108475
77623,44945
77623,113834
77623,1346
77623,82464
77623,8298
77623,157280
77623,2507
11552,11883
11552,126424
11552,83990
11552,166384
11552,11608
11552,49210
11552,117105
11552,44929
11552,17427
11552,110530
11552,58108
11552,93045
11552,141218
11552,35398
11552,10455
11552,44945
11552,9495
11552,132159
11552,98663
11552,69468
11552,6837
11552,118441
11552,92894
11552,33662
11552,118869
11552,18714
11552,157881
11552,26453
11552,123570
11552,156611
11552,61645
11552,1849
11552,108475
11552,142527
11552,166648
11552,34126
11552,116907
11552,118477
11552,90339
11552,19132
11552,157280
11552,155794
11552,8298
11552,91361
92967,20424
92967,49210
92967,100750
92967,167151
92967,115044
92967,43112
92967,9478
92967,85573
92967,58532
92967,6837
92967,86311
92967,82488
92967,99226
92967,118441
92967,2028
92967,118869
92967,9736
92967,32876
92967,77537
92967,133396
92967,25254
92967,74764
92967,84993
92967,34177
92967,50389
92967,24657
92967,93003
92967,10805
92967,12174
92967,143042
92967,139867
92967,167193
92967,27625
92967,110956
92967,49478
92967,98932
92967,109120
92967,132202
92967,84602
92967,60517
92967,60393
92967,117715
92967,1849
92967,155794
157280,11883
157280,126424
157280,83990
157280,166384
157280,49210
157280,117105
157280,17082
157280,93045
157280,107077
157280,1644
157280,20093
157280,60740
157280,25517
157280,98663
157280,69468
157280,118441
157280,69045
157280,26453
157280,109305
157280,19132
157280,1346
157280,118477
157280,38519
157280,147619
157280,156611
157280,34126
157280,27625
157280,12174
157280,43478
157280,41017
157280,24615
157280,1311
157280,66859
157280,83875
157280,10981
157280,73855
157280,117715
157280,57848
157280,166908
157280,107112
157280,8298
157280,42124
157280,19842
157280,116472
157280,133742
157280,42247
157280,164932
157280,160107
157280,141049
61175,166384
61175,43112
61175,57848
61175,139660
61175,113834
155937,131742
155937,148452
155937,65451
155937,32876
155937,41891
155937,34177
155937,1836
155937,159002
155937,118816
155937,92835
155937,75877
155937,9763
155937,90826
155937,60393
109120,134036
109120,123570
84602,150073
84602,11883
84602,117105
84602,86047
84602,156106
84602,26453
84602,19132
84602,141454
84602,85037
84602,116472
92835,150073
92835,83990
92835,166384
92835,8460
92835,11608
92835,49210
92835,117105
92835,44929
92835,17427
92835,131695
92835,17082
92835,153473
92835,167151
92835,19797
92835,58266
92835,1644
92835,20093
92835,132159
92835,101531
92835,6837
92835,5942
92835,148878
92835,118857
92835,51990
92835,42669
92835,99929
92835,165103
123570,20424
123570,117105
123570,35398
123570,115044
123570,86047
123570,109122
123570,10776
123570,25355
126424,150073
126424,11883
126424,90918
126424,28395
126424,166384
126424,82488
126424,42669
126424,11976
126424,91914
126424,78308
126424,74025
126424,123462
126424,109898
126424,118869
126424,123800
126424,18714
126424,68298
126424,98663
126424,86047
126424,125731
126424,157881
126424,16655
126424,118860
126424,26453
126424,156755
126424,58270
126424,35549
126424,117105
126424,116472
126424,156106
126424,9495
126424,4425
126424,133742
126424,33734
126424,110530
126424,118857
126424,91750
126424,115030
126424,57848
126424,156611
126424,69331
126424,3112
126424,134036
126424,151577
126424,1849
126424,108475
126424,8298
126424,164839
126424,49210
126424,136614
126424,1346
126424,83990
126424,101364
126424,10455
126424,44945
126424,69468
126424,166648
126424,2435
126424,34126
60393,107854
60393,156106
60393,135337
60393,32553
151424,160024
151424,133396
151424,17059
151424,18714
74370,117105
74370,91914
74370,1702
139867,11608
139867,91501
139867,143042
139867,164190
139867,148076
139867,98981
139867,118657
139867,85220
139867,108475
139867,90339
139867,100786
139867,132788
139867,82464
136614,150073
136614,160024
136614,166384
136614,117105
136614,17427
136614,107854
136614,17082
136614,153473
136614,167151
136614,113707
136614,118441
136614,132159
136614,25679
136614,33128
136614,100786
136614,41891
136614,41470
136614,4425
136614,139660
136614,151055
136614,86080
136614,118857
136614,133411
136614,27126
136614,12555
136614,27684
136614,166908
136614,11711
136614,141454
136614,85220
108452,107854
108452,135337
108452,11711
108452,3471
108452,49817
118816,107854
118816,58266
58532,11883
58532,115044
58532,126603
58532,12174
58532,108475
58532,157881
116353,134036
91309,11883
91309,110530
91309,100750
91309,58266
91309,9495
91309,41542
91309,12174
91309,156749
91309,90339
91309,157881
91309,166908
91309,98932
91309,53557
131645,44929
131645,107854
131645,110530
131645,93045
131645,20093
131645,19958
131645,147903
131645,166908
131645,141201
131645,86158
100602,20093
100602,158097
100602,20639
100602,57848
100602,17082
100602,27560
100602,68963
100602,166688
100602,58108
100602,118477
100602,93045
100602,126624
100602,134225
100602,118441
100602,75877
100602,117939
100602,163921
100602,166777
100602,107113
100602,69603
100602,2028
100602,9763
100602,19842
100602,19797
100602,41470
100602,8236
100602,116472
100602,10805
100602,27684
100602,11883
100602,91666
100602,150771
100602,69468
100602,17706
100602,19132
100602,44929
100602,111407
100602,156828
100602,66859
100602,42669
32917,11883
32917,166384
32917,49210
32917,117105
32917,17427
32917,110530
32917,116057
32917,113707
32917,115044
32917,10455
32917,44945
32917,150923
32917,59944
32917,157881
32917,123462
32917,4325
32917,147505
32917,100446
32917,133742
32917,1849
32917,108475
32917,33316
32917,90339
32917,69468
101631,11883
101631,166384
101631,107854
101631,115044
101631,134036
101631,58266
101631,44945
101631,5942
101631,157691
101631,42669
101631,32876
101631,156611
77733,20424
77733,11608
77733,44929
77733,17427
77733,9495
77733,4425
77733,118869
77733,1849
77733,157881
77733,131798
60749,43112
60749,33128
60749,17706
60749,26453
60749,98981
60749,49478
60749,157881
60749,158960
60749,113834
60749,33643
17082,11883
17082,245
17082,83990
17082,8236
17082,74409
17082,20093
17082,42669
17082,118441
17082,34177
17082,107678
17082,27560
17082,153473
17082,35826
17082,42247
17082,166908
17082,9478
17082,118857
17082,98932
17082,166777
17082,85037
17082,35372
17082,93045
17082,157881
17082,33662
17082,86047
17082,116472
17082,49817
17082,101364
17082,98663
17082,10455
17082,150771
17082,8588
17082,11339
17082,44945
17082,69468
17082,165776
17082,53445
17082,141454
17082,16655
17082,66859
17082,25409
157691,17427
157691,1644
157691,156828
157691,68347
157691,118441
157691,148076
157691,124101
157691,90918
157691,54448
157691,142523
157691,68963
99271,11883
99271,117105
99271,107854
99271,10287
99271,44109
99271,1849
99271,147903
99271,106891
11883,98777
11883,26752
11883,90918
11883,59944
11883,6837
11883,69045
11883,160024
11883,86311
11883,166384
11883,17427
11883,41542
11883,17059
11883,116549
11883,82488
11883,127051
11883,100446
11883,41017
11883,42669
11883,11749
11883,43600
11883,118441
11883,60740
11883,148452
11883,4325
11883,148034
11883,8236
11883,58266
11883,25679
11883,78308
11883,123512
11883,11339
11883,74025
11883,123462
11883,33662
11883,156749
11883,60569
11883,165893
11883,2028
11883,109898
11883,33128
11883,118869
11883,110530
11883,91125
11883,131992
11883,49210
11883,150771
11883,82019
11883,24657
11883,114765
11883,11567
11883,12174
11883,122930
11883,1849
11883,4425
11883,10730
11883,19797
11883,117285
11883,92207
11883,27625
11883,91750
11883,98663
11883,118860
11883,11608
11883,17694
11883,166990
11883,158490
11883,93045
11883,125731
11883,134681
11883,148076
11883,134846
11883,85308
11883,149198
11883,26453
11883,118263
11883,100948
11883,156419
11883,9495
11883,117653
11883,147505
11883,20479
11883,83990
11883,3112
11883,85630
11883,19132
11883,35398
11883,245
11883,141407
11883,158209
11883,148411
11883,117715
11883,134036
11883,68963
11883,166688
11883,164748
11883,41176
11883,10287
11883,20639
11883,9478
11883,34126
11883,157881
11883,90339
11883,10455
11883,60207
11883,92498
11883,44945
11883,69468
11883,131839
11883,66008
11883,157538
11883,106526
11883,164932
11883,156106
11883,135337
11883,25355
11883,98961
11883,164806
11883,20424
11883,85145
11883,4090
11883,75877
11883,118857
11883,98932
11883,59058
11883,5942
11883,86047
11883,41470
11883,116472
11883,118657
11883,1474
11883,34177
11883,110509
11883,150923
11883,2435
11883,33316
11883,166908
11883,91501
11883,84993
11883,954
11883,108475
11883,133742
11883,165850
11883,16655
11883,43778
49258,166688
49258,98932
32876,160024
32876,20424
32876,114786
32876,91914
32876,134036
32876,9478
32876,33128
32876,58266
32876,17706
32876,4321
32876,118441
32876,5942
32876,34126
32876,42669
32876,74005
32876,16974
32876,143228
32876,41470
32876,3471
32876,82598
11028,117105
11028,107854
11028,131695
11028,156828
11028,6837
11028,1346
11028,50389
11028,1849
11028,12174
11028,108475
11028,124101
11028,157881
11028,99226
27560,44929
27560,107854
27560,8236
27560,157538
27560,156828
27560,91666
27560,118441
27560,17059
27560,35826
27560,40324
27560,29052
27560,108475
27560,67089
157881,26752
157881,150073
157881,166384
157881,20424
157881,49210
157881,44929
157881,17427
157881,100750
157881,131695
157881,93045
157881,134036
157881,86047
157881,155962
157881,58266
157881,10455
157881,11339
157881,3142
157881,44945
157881,143042
157881,9495
157881,98663
157881,69468
157881,100446
157881,118441
157881,109305
157881,6837
157881,98981
157881,4425
157881,19132
157881,1346
157881,118869
157881,156611
157881,27684
157881,118857
157881,34126
157881,10730
157881,27625
157881,41470
157881,1849
157881,16655
157881,42669
157881,12174
157881,92207
157881,156749
157881,108475
157881,90339
157881,42124
157881,116835
157881,109401
157881,156059
157881,84993
157881,158209
157881,131798
157881,85838
157881,18714
157881,125837
157881,125731
157881,98932
157881,156755
157881,19842
157881,59058
157881,133742
157881,166908
157881,82598
157881,158847
157881,155794
157881,2507
157881,108308
16655,83990
16655,166384
16655,20424
16655,49210
16655,117105
16655,17427
16655,93045
16655,91914
16655,86047
16655,165203
16655,10455
16655,11339
16655,3142
16655,9495
16655,60740
16655,33734
16655,69468
16655,100446
16655,118441
16655,19958
16655,4425
16655,1346
16655,122930
16655,34126
16655,10730
16655,27625
16655,1849
16655,4325
16655,123462
16655,85145
16655,125731
16655,139660
16655,42247
16655,108475
16655,12174
16655,147505
16655,3112
16655,19842
16655,116472
16655,163921
16655,91750
16655,123846
16655,92207
16655,133742
16655,166908
16655,10981
16655,158490
16655,35549
16655,157648
16655,158209
16655,91361
118860,49210
118860,107854
118860,98663
118860,156755
118860,1849
118860,116835
118860,157538
118860,34126
118860,10981
118860,12174
10776,150073
10776,11608
10776,19797
10776,58266
10776,44109
10776,20093
10776,26453
156755,91501
156755,19797
156755,10287
156755,157538
156755,98663
156755,108475
156755,77804
156755,131798
156755,10981
156755,102405
156755,137575
33594,134036
33594,58266
33594,133411
27265,49210
27265,86047
27265,10455
27265,1644
27265,101531
27265,69468
27265,164190
27265,49478
27265,1849
27265,98830
27265,148452
27265,123462
27265,90339
27265,12174
27265,82464
27265,82700
27265,60207
27265,43084
27265,106526
133742,83990
133742,166384
133742,49210
133742,117105
133742,110530
133742,134036
133742,86047
133742,165203
133742,10455
133742,11339
133742,1644
133742,156106
133742,60740
133742,132159
133742,69468
133742,100446
133742,98981
133742,4425
133742,11238
133742,147619
133742,1849
133742,19441
133742,12174
133742,148452
133742,123462
133742,108475
133742,90339
133742,11112
133742,11976
133742,125731
133742,117715
133742,19842
133742,166908
133742,108308
98511,17427
98511,107854
98511,150827
98511,108475
3142,107854
3142,134036
59058,122780
59058,10287
59058,141454
59058,12174
82464,150073
82464,15928
82464,93045
82464,10455
82464,33316
82464,164190
82464,118441
82464,148076
82464,165271
82464,27684
82464,51990
82464,92207
82464,108475
82464,90339
82464,3471
82464,82700
82464,116907
82464,98830
82464,72471
107854,20424
107854,74409
107854,100500
107854,77889
107854,18953
107854,82457
107854,20583
107854,94523
107854,33206
107854,134613
107854,127051
107854,85712
107854,132587
107854,92693
107854,123512
107854,35981
107854,66859
107854,94087
107854,4321
107854,73946
107854,165103
107854,10466
107854,2001
107854,36640
107854,157538
107854,25254
107854,110038
107854,99254
107854,114786
107854,58721
107854,19630
107854,93273
107854,82598
107854,107077
107854,57960
107854,27684
107854,44109
107854,52027
107854,11987
107854,151577
107854,125596
107854,118134
107854,83696
107854,35398
107854,164748
107854,123855
107854,11711
107854,126522
107854,43778
107854,141454
107854,34042
107854,82019
107854,140788
107854,108098
107854,156828
107854,33643
107854,75877
107854,117285
107854,150771
107854,16521
107854,20464
107854,155962
107854,1474
107854,86110
107854,9478
107854,52061
107854,112134
107854,116835
107854,118577
107854,69603
107854,166229
107854,98932
107854,4252
107854,131839
107854,134036
107854,4201
107854,62874
41176,58266
41176,61645
41176,1849
41176,164932
159002,113707
159002,133411
159002,1849
10730,83990
10730,11608
10730,49210
10730,117105
10730,110530
10730,153473
10730,19797
10730,115044
10730,58266
10730,9495
10730,60740
10730,132159
10730,33316
10730,69468
10730,4425
10730,118657
10730,34126
10730,83527
10730,123462
10730,10981
10730,158847
10730,19842
10730,108308
10730,166908
10730,108475
10730,12174
1474,8236
1474,134036
1474,58266
1474,10455
1474,156828
1474,165616
1474,42669
1474,4201
1474,68963
60517,166384
60517,118441
60517,42669
60517,2028
60517,2174
60517,25254
60517,58270
60517,41470
60517,76492
60517,110956
60517,27684
60517,110509
60517,165776
60517,9763
60517,34126
10455,166688
10455,160024
10455,20424
10455,49210
10455,44929
10455,110530
10455,93045
10455,156419
10455,134036
10455,86047
10455,165203
10455,58266
10455,59944
10455,19441
10455,147903
10455,100446
10455,11976
10455,60740
10455,25679
10455,78308
10455,92894
10455,1311
10455,123462
10455,125731
10455,10981
10455,157538
10455,147505
10455,25517
10455,35549
10455,156106
10455,1644
10455,85037
10455,4425
10455,11112
10455,19842
10455,108308
10455,107678
10455,92207
10455,61645
10455,19958
10455,74203
10455,27625
10455,108475
10455,12174
10455,90339
10455,11238
10455,33316
10455,44945
10455,147619
10455,69468
10455,1849
10455,141407
98777,2079
98777,117105
98777,49478
98777,125242
98777,44945
164932,110530
164932,134036
164932,58266
164932,44945
164932,100446
164932,118657
164932,1849
164932,12174
164932,123462
164932,52563
164932,158209
164932,131798
100467,114786
100467,8236
100467,16974
115044,150073
115044,2435
115044,85573
115044,126602
115044,69045
115044,132159
115044,43769
115044,82539
115044,77537
115044,147472
115044,99254
115044,38519
115044,11112
115044,116835
115044,12281
115044,50389
115044,143623
115044,57960
115044,141275
115044,20464
115044,155962
115044,167193
115044,108098
12174,150073
12174,166688
12174,83990
12174,20424
12174,11608
12174,49210
12174,17427
12174,110530
12174,100750
12174,37268
12174,8236
12174,93045
12174,153473
12174,134036
12174,86047
12174,20464
12174,75877
12174,33128
12174,28959
12174,58266
12174,1644
12174,9495
12174,150923
12174,60740
12174,165850
12174,132159
12174,150771
12174,98663
12174,33316
12174,69468
12174,164190
12174,91125
12174,4425
12174,11238
12174,93013
12174,28699
12174,132195
12174,106735
12174,118657
12174,76442
12174,147619
12174,118869
12174,156611
12174,34126
12174,41542
12174,27625
12174,123855
12174,1849
12174,59944
12174,123950
12174,2079
12174,148676
12174,82488
12174,99226
12174,24615
12174,11976
12174,4325
12174,60314
12174,83527
12174,85712
12174,25679
12174,1311
12174,74025
12174,123462
12174,60618
12174,141703
12174,100948
12174,125731
12174,12347
12174,57474
12174,10981
12174,2001
12174,75178
12174,25355
12174,147505
12174,158847
12174,53115
12174,158490
12174,24657
12174,11112
12174,19842
12174,108308
12174,107678
12174,57848
12174,93003
12174,160107
12174,155751
12174,16974
12174,151476
12174,150211
12174,117285
12174,131992
12174,108215
12174,43997
12174,90339
12174,107893
12174,108475
12174,4090
12174,98932
12174,83696
12174,156020
12174,166908
12174,2507
12174,109717
126783,12281
108475,26752
108475,150073
108475,160024
108475,166384
108475,20424
108475,11608
108475,49210
108475,117105
108475,44929
108475,17427
108475,110530
108475,93045
108475,86047
108475,58266
108475,11339
108475,17706
108475,44945
108475,69468
108475,164190
108475,100446
108475,118441
108475,148076
108475,4425
108475,118657
108475,27684
108475,34126
108475,51990
108475,41470
108475,1849
108475,42669
108475,123950
108475,92207
108475,123462
108475,147903
108475,78308
108475,109898
108475,125731
108475,10981
108475,158847
108475,35549
108475,155794
108475,12281
108475,57848
108475,3112
108475,160107
108475,158209
108475,134846
108475,90339
108475,2507
20639,150073
20639,41470
126624,160024
126624,100750
126624,76442
156828,166384
156828,44929
156828,17427
156828,110530
156828,10466
156828,19797
156828,107077
156828,17706
156828,44109
156828,6837
156828,33206
156828,85712
156828,106735
156828,66859
156828,57474
156828,49477
156828,4201
156828,27684
156828,49817
156828,150923
156828,35826
49210,160024
49210,83990
49210,166384
49210,20424
49210,59944
49210,19441
49210,100446
49210,42669
49210,132159
49210,60740
49210,58266
49210,25679
49210,92894
49210,1311
49210,11339
49210,123462
49210,33662
49210,109898
49210,33128
49210,127044
49210,98663
49210,86047
49210,125731
49210,98981
49210,58270
49210,117105
49210,116472
49210,156106
49210,1644
49210,19132
49210,4425
49210,51990
49210,157648
49210,11112
49210,110530
49210,108308
49210,91750
49210,116835
49210,107678
49210,3112
49210,34126
49210,158209
49210,127338
49210,117715
49210,134036
49210,1849
49210,61645
49210,90339
49210,11238
49210,33316
49210,44945
49210,147619
49210,69468
49210,11711
9061,150073
9061,35549
98932,166688
98932,110530
98932,134267
98932,156749
98932,66859
98932,75095
98932,2174
98932,12281
98932,86158
164190,150073
164190,166384
164190,17427
164190,153473
164190,101531
164190,33316
164190,98830
164190,11976
164190,148878
164190,102489
164190,98961
164190,116907
164190,90339
164190,11711
164190,1346
164190,1849
164190,106526
164190,165271
164190,43084
150771,20424
150771,44929
150771,110530
150771,44945
150771,4425
150771,5942
150771,69468
117715,160024
117715,166384
117715,44929
117715,17427
117715,93045
117715,19797
117715,20093
117715,118441
117715,6837
117715,4425
117715,27684
117715,118857
117715,41470
117715,42669
117715,142523
156059,110530
156059,118620
156059,1702
156059,123462
156059,85037
156059,125242
1849,139993
1849,83990
1849,166384
1849,20424
1849,44929
1849,2435
1849,17427
1849,110530
1849,10466
1849,134036
1849,86047
1849,58266
1849,1644
1849,44945
1849,156106
1849,165616
1849,60740
1849,98663
1849,33316
1849,69468
1849,100446
1849,118441
1849,98981
1849,4425
1849,11238
1849,118869
1849,118857
1849,34126
1849,75095
1849,99226
1849,85838
1849,42669
1849,74025
1849,123462
1849,125731
1849,25355
1849,3471
1849,116472
1849,11112
1849,42124
1849,108308
1849,91750
1849,116835
1849,86158
1849,141407
1849,82700
1849,150442
1849,27126
1849,52563
1849,116265
9581,150073
9581,160024
9581,83990
9581,11608
9581,17427
9581,167151
9581,19797
9581,41017
9581,100948
9581,10981
9581,166908
134036,139993
134036,10466
134036,37268
134036,131695
134036,148411
134036,126602
134036,109305
134036,148452
134036,25409
134036,60569
134036,33128
134036,17706
134036,86047
134036,147472
134036,157648
134036,116835
134036,140788
134036,93003
134036,150827
134036,36250
134036,98697
134036,52563
134036,108098
134036,9478
134036,107077
134036,19958
134036,69468
69468,83990
69468,166384
69468,20424
69468,17427
69468,110530
69468,93045
69468,153473
69468,167151
69468,156419
69468,86047
69468,1644
69468,44945
69468,156106
69468,150923
69468,132159
69468,33316
69468,59944
69468,109305
69468,100446
69468,109122
69468,1311
69468,123462
69468,109898
69468,125731
69468,98981
69468,10981
69468,35549
69468,19132
69468,4425
69468,11112
69468,19842
69468,108308
69468,107678
69468,34126
69468,110509
69468,165776
69468,147619
69468,11711
69468,11238
69468,90339
69468,61645
166908,83990
166908,20424
166908,117105
166908,44929
166908,8543
166908,17427
166908,93045
166908,113707
166908,91914
166908,132159
166908,98663
166908,98981
166908,147619
166908,27625
166908,42669
166908,123950
166908,123462
166908,85037
166908,66859
166908,57848
166908,123800
166908,116472
166908,53445
166908,108308
166908,91750
2079,166384
2079,4425
2079,9763
2079,1723
2079,12555
2079,157648
2079,101364
117105,83990
117105,11608
117105,126602
117105,75095
117105,6837
117105,76442
117105,82488
117105,118441
117105,60740
117105,49609
117105,60314
117105,60081
117105,74025
117105,66859
117105,33128
117105,141703
117105,106554
117105,94087
117105,45106
117105,165203
117105,102489
117105,848
117105,156419
117105,10466
117105,41891
117105,26453
117105,25355
117105,25517
117105,91125
117105,117818
117105,75877
117105,16974
117105,4425
117105,53053
117105,19797
117105,164681
117105,11238
117105,107678
117105,20464
117105,19698
117105,116472
117105,158212
117105,149603
117105,19132
117105,38519
117105,27126
117105,27625
117105,58253
117105,116938
117105,58108
117105,28959
117105,28699
117105,58721
117105,11987
117105,118477
117105,53115
117105,33477
117105,141309
117105,167151
49478,44929
49478,19797
49478,32553
49478,11238
49478,141454
49478,20745
49478,122958
49478,43084
125242,10466
125242,135337
125242,49477
125242,132587
125242,43778
44945,245
44945,166384
44945,44929
44945,17427
44945,110530
44945,148411
44945,35981
44945,86047
44945,17706
44945,134613
44945,100446
44945,42669
44945,109122
44945,118441
44945,60740
44945,158316
44945,123462
44945,66859
44945,2028
44945,109898
44945,98663
44945,68963
44945,125837
44945,26453
44945,156106
44945,85037
44945,34177
44945,132202
44945,166648
44945,82019
44945,158209
44945,143042
44945,110509
44945,165776
44945,126522
44945,11567
44945,150923
44945,3418
44945,19958
44945,44109
44945,98697
44945,134846
74409,150073
74409,38519
74409,131992
100500,44929
100500,113707
69045,15928
69045,11608
69045,44929
69045,8543
69045,153473
69045,122780
69045,2405
69045,113707
69045,19797
69045,132159
69045,40641
69045,148775
69045,83875
69045,147903
69045,34126
69045,41470
69045,66859
69045,168032
69045,165271
69045,108308
74343,93045
20583,135337
131798,20424
131798,44929
131798,17706
131798,143042
131798,9495
131798,98663
131798,133396
131798,118441
131798,98981
131798,515
131798,118869
131798,2028
131798,27684
131798,118857
131798,132202
131798,41470
131798,42669
131798,90339
131798,101364
131798,85037
131798,77804
131798,58270
131798,53115
131798,156020
131798,131992
131798,42247
131798,85838
131798,2507
17059,20424
17059,165893
17059,118441
17059,147619
17059,19397
11658,123462
148676,150073
148676,151476
94523,150073
11749,20093
4325,245
4325,44109
4325,148076
4325,123462
85712,52563
85712,12347
61084,8543
61084,1694
61084,122780
61084,22152
61084,111929
61084,60081
61084,66212
61084,113707
61084,148775
61084,117745
61084,165271
61084,148878
61084,121287
61084,164232
61084,9763
61084,79945
61084,41891
92693,150073
25679,148411
25679,127270
25679,33128
25679,158097
25679,19958
25679,49477
25679,151476
25679,4252
133190,8236
133190,25517
165893,245
165893,20424
165893,58108
165893,91914
165893,134773
165893,42669
165893,118441
165893,4425
165893,142523
165893,150923
165893,52563
165893,2028
165893,150460
165893,9478
165893,75877
165893,166777
165893,155962
165893,74764
165893,41470
165893,147619
165893,17706
165893,109156
165893,141454
165893,34126
141703,93045
141703,149603
141703,112134
141703,160107
848,150073
17706,139993
17706,83990
17706,20424
17706,44929
17706,17427
17706,93045
17706,91914
17706,9478
17706,33128
17706,58266
17706,1644
17706,76442
17706,151748
17706,116549
17706,42669
17706,118441
17706,106735
17706,25409
17706,66859
17706,118869
17706,9736
17706,98663
17706,107678
17706,124101
17706,116907
17706,132788
17706,118857
17706,143042
17706,4425
17706,27684
17706,134225
17706,101364
17706,51990
17706,9556
17706,158960
17706,148076
17706,100786
17706,58270
117592,116835
117592,83696
165103,19958
165103,85037
165103,166130
150073,85573
150073,43478
150073,6837
150073,84746
150073,147903
150073,54448
150073,44929
150073,49609
150073,83527
150073,101321
150073,74025
150073,82539
150073,156749
150073,109898
150073,77537
150073,12347
150073,10466
150073,83875
150073,53053
150073,112830
150073,107893
150073,10805
150073,32605
150073,399
150073,68758
150073,85308
150073,28699
150073,153473
150073,11987
150073,115737
150073,116472
150073,3078
150073,164232
150073,123855
150073,132202
150073,166229
150073,19698
150073,159392
150073,133589
150073,166183
150073,38519
150073,143623
150073,167151
150073,58108
150073,58721
150073,43291
150073,108570
399,114786
399,76442
157538,20424
157538,59243
157538,77804
157538,158960
157538,27684
157538,44109
157538,116835
118162,133411
118162,148076
118162,85037
122930,8236
122930,93045
122930,20464
122930,33128
122930,58266
122930,126603
122930,26453
122930,5942
122930,141454
122930,49609
122930,66008
27684,83990
27684,11608
27684,100750
27684,19797
27684,1644
27684,44109
27684,143042
27684,9495
27684,150923
27684,60740
27684,98663
27684,126603
27684,118441
27684,148076
27684,1346
27684,38519
27684,76442
27684,118869
27684,156611
27684,2028
27684,85838
27684,42669
27684,109898
27684,18714
27684,158960
27684,58270
27684,41470
27684,118857
27684,132202
27684,131992
27684,98697
27684,134225
27684,101364
27684,2507
27684,103199
91501,166384
91501,20093
91501,35549
91501,34042
91501,34126
52027,141454
101364,83990
101364,93045
101364,1644
101364,9495
101364,98663
101364,102403
101364,4425
101364,147619
101364,2028
101364,118857
101364,41470
101364,90918
101364,33662
101364,58270
101364,116907
101364,149198
101364,42247
44109,160024
44109,118386
44109,41470
44109,85037
44109,158097
44109,16521
44109,43778
44109,117285
44109,24650
44109,141454
83990,139993
83990,131695
83990,166384
83990,17427
83990,82488
83990,100446
83990,41017
83990,42669
83990,118441
83990,132159
83990,91914
83990,2028
83990,98663
83990,158960
83990,98981
83990,26453
83990,74764
83990,58270
83990,41470
83990,53115
83990,1644
83990,58108
83990,34177
83990,11608
83990,19132
83990,4425
83990,19842
83990,118857
83990,107678
83990,20424
83990,132202
83990,57848
83990,166777
83990,116938
83990,9763
83990,27126
83990,68683
83990,113707
83990,33316
148076,166384
148076,17427
148076,107077
148076,165616
148076,158097
148076,118441
148076,24615
148076,66859
148076,147505
148076,35549
148076,41470
148076,85037
148076,51990
148076,117285
148076,9142
148076,133254
148076,141454
148076,109717
151577,141454
166229,60892
19698,160024
19698,11608
19698,156419
19698,19797
19698,20093
19698,90918
59561,19842
59561,28849
107195,113707
107195,142591
107195,141454
107195,9488
107195,41891
155794,20424
155794,17427
155794,93045
155794,19797
155794,58266
155794,117818
155794,19958
155794,106735
155794,34126
155794,41470
155794,156749
155794,139660
155794,109898
155794,42247
155794,141407
148775,8543
148775,153473
148775,141218
148775,113707
148775,19797
148775,121287
148775,79945
148775,165271
148775,53053
148775,66212
148775,8708
148775,89994
148775,41891
148775,117745
4425,166688
4425,166384
4425,20424
4425,44929
4425,17427
4425,153473
4425,86047
4425,58266
4425,1644
4425,9495
4425,98663
4425,98981
4425,19441
4425,82488
4425,134773
4425,42669
4425,123187
4425,83527
4425,66859
4425,2028
4425,118869
4425,125731
4425,10981
4425,25355
4425,58270
4425,147505
4425,35549
4425,41470
4425,116472
4425,38519
4425,131992
4425,107678
4425,118857
4425,11112
4425,34126
4425,118477
4425,11238
4425,2507
4425,147619
4425,116938
4425,116835
4425,108308
4425,83696
123855,8543
34126,166384
34126,20424
34126,11608
34126,44929
34126,2435
34126,17427
34126,110530
34126,93045
34126,86047
34126,58266
34126,156106
34126,60740
34126,33734
34126,98663
34126,126602
34126,118441
34126,38519
34126,118857
34126,90918
34126,42669
34126,35372
34126,78308
34126,1311
34126,158960
34126,35549
34126,116472
34126,19842
34126,116835
34126,112134
34126,142523
150924,114786
147619,166384
147619,17427
147619,107077
147619,33128
147619,20093
147619,1311
147619,58270
147619,11112
147619,19397
147619,108308
147619,118857
147619,107678
147619,57848
147619,43778
35398,15928
35398,114786
35398,106735
35398,156590
35398,135337
35398,41891
35398,38519
35398,32605
73855,109305
73855,1346
155962,44929
155962,19797
155962,92894
155962,5942
155962,141454
20424,126602
20424,123950
20424,17427
20424,100446
20424,42669
20424,44929
20424,118441
20424,58266
20424,66859
20424,2028
20424,118869
20424,107113
20424,98663
20424,86047
20424,10981
20424,91666
20424,26453
20424,58270
20424,35549
20424,41470
20424,156106
20424,53115
20424,1644
20424,1702
20424,9495
20424,19132
20424,158490
20424,24657
20424,19842
20424,110530
20424,118857
20424,107678
20424,131992
20424,141454
20424,151476
20424,27126
20424,156611
20424,93045
20424,27625
20424,134225
20424,9478
20424,166777
20424,90339
20424,33316
20424,19797
20424,100750
20424,42247
20424,2507
20424,158209
93045,245
93045,11608
93045,17427
93045,58108
93045,20093
93045,76442
93045,82488
93045,42669
93045,24615
93045,118441
93045,60740
93045,51037
93045,58266
93045,123462
93045,118869
93045,98663
93045,26453
93045,58270
93045,35549
93045,41470
93045,38519
93045,1644
93045,158097
93045,86080
93045,118857
93045,132202
93045,57848
93045,124101
93045,166777
93045,99864
93045,50389
93045,83696
93045,165776
93045,131992
93045,19958
93045,4090
93045,118477
93045,1346
4090,8460
4090,86047
4090,106891
141454,44929
141454,2019
141454,113707
141454,91914
141454,148411
141454,20464
141454,75877
141454,58266
141454,150923
141454,109156
141454,98663
141454,158097
141454,6837
141454,134613
141454,90918
141454,9878
141454,147903
141454,42669
141454,66859
141454,118869
141454,158297
141454,58270
141454,60207
141454,115030
141454,166777
141454,43778
141454,115737
141454,117285
141454,1887
141454,131992
141454,52061
141454,34552
116472,166384
116472,11608
116472,153473
116472,141218
116472,86047
116472,20093
116472,60740
116472,26764
116472,61645
116472,19132
116472,1346
116472,27625
116472,107678
116472,110956
116472,141201
116472,101321
116472,108308
116472,167502
116472,58721
101531,8460
101531,44929
101531,17427
101531,28959
101531,82688
101531,25517
101531,86311
101531,141201
101531,100446
101531,98830
101531,98961
101531,68683
101531,99929
133589,44929
133589,113707
133589,76442
133589,166915
133589,134846
165616,153473
165616,10287
165616,86311
165616,85037
85573,113707
102401,134267
43478,44929
43478,25517
6837,17427
6837,167151
6837,19797
6837,33128
6837,58266
6837,133411
6837,41470
6837,118477
6837,1346
6837,41891
6837,156749
6837,82700
6837,134773
6837,51990
44503,113707
44503,163921
8459,41891
151748,20093
131742,133411
116549,17427
116549,42669
147903,10466
147903,132159
147903,38519
147903,52061
147903,90918
147903,158960
147903,16535
147903,116835
41017,166384
41017,114786
41017,100750
41017,26453
41017,57848
41017,158960
60081,8543
60081,167151
60081,113707
60081,98663
60081,121287
60081,42850
60081,150381
60081,164232
60081,38519
60081,148878
60081,52101
60081,115030
60081,111929
60081,141893
60081,41891
60081,66212
60081,104848
60081,67089
60081,99929
60081,9763
51037,83696
92894,153473
92894,155751
92894,43778
92894,109122
92894,42782
101321,110530
92119,41891
92119,95736
92119,66856
33128,160024
33128,44929
33128,17427
33128,114786
33128,156419
33128,76442
33128,84746
33128,118441
33128,123462
33128,156749
33128,150220
33128,74005
33128,139660
33128,26453
33128,143228
33128,143326
33128,140788
33128,158960
33128,25355
33128,44122
33128,100786
9736,160024
9736,44929
9736,110530
9736,10287
9736,5942
9736,67130
9736,8298
10287,160024
10287,35981
10287,66859
10287,75877
10287,143326
10287,69603
10287,53115
10287,58253
10287,117285
10287,118134
10287,167193
10287,118386
10287,158490
10287,108098
65451,82457
65451,20464
65451,126603
65451,41891
66008,114786
66008,135337
66008,107206
98663,166384
98663,11608
98663,44929
98663,17427
98663,19797
98663,86047
98663,143042
98663,9495
98663,20745
98663,82488
98663,85838
98663,42669
98663,77804
98663,118441
98663,106735
98663,118869
98663,131992
98663,26453
98663,156611
98663,118857
98663,19842
98663,41470
98663,33316
98663,19132
98663,116835
98663,166648
98663,35549
98663,2507
2552,106891
77537,160024
77537,8460
77537,17427
77537,153473
26453,166384
26453,58497
26453,58108
26453,156419
26453,11339
26453,156106
26453,60740
26453,118441
26453,82488
26453,33662
26453,109898
26453,57848
26453,142527
26453,27126
26453,124101
26453,68683
26453,27625
26453,8298
26453,42124
26453,19842
26453,115030
26453,1346
26453,116938
26453,19132
26453,116835
108570,52563
25517,114786
25517,11339
25517,29228
25517,109305
25517,118441
25517,1311
25517,164748
25517,27625
25517,126653
25517,142527
25517,42124
25517,118857
25517,1346
84133,44929
84133,83875
84133,86158
95736,135184
95736,123462
95736,41891
95736,66856
95736,108215
109401,133411
148411,160024
148411,245
148411,114786
148411,2028
148411,165203
148411,86047
148411,10981
148411,156106
148411,33734
34177,20464
34177,127338
157353,142523
50378,143042
50378,123800
93273,160024
93273,58266
93273,98697
93273,59944
93273,43291
116835,86047
116835,135337
116835,9495
116835,32553
116835,5942
116835,118869
116835,156611
116835,11976
116835,10981
90826,20207
90826,132688
90826,109305
90826,41891
90826,94218
156611,9495
156611,118869
156611,85838
156611,42669
156611,77804
156611,10981
156611,58270
156611,147505
156611,35549
156611,132788
156611,2507
139993,166384
139993,41891
139993,9495
139993,110530
139993,86158
139993,68347
91361,83527
43778,44929
43778,110530
43778,131695
18352,17427
166648,11339
166648,61645
166648,115030
166648,157648
166648,109898
166648,2842
166648,74203
160107,166384
160107,44929
160107,3112
74203,110530
74203,100446
74203,109898
74203,164839
118386,44929
60159,82688
115737,153473
115737,167151
115737,126603
117285,160024
75062,19797
36250,153473
36250,99929
36250,156749
148414,114786
148414,135337
148414,153473
20464,114786
20464,153473
20464,2405
20464,19797
166478,114786
166478,110530
166478,74005
166478,11976
166478,100786
166478,36884
58253,114786
35826,160024
35826,166384
35826,17427
35826,148878
167193,245
167193,37268
167193,153473
167193,132159
167193,5942
167193,126522
133254,19797
68347,6816
68347,47975
68347,41891
68347,22152
68347,112134
68347,164232
68347,12555
68347,164681
103199,160024
103199,41891
27625,160024
27625,166384
27625,44929
27625,110530
27625,19797
27625,133411
27625,60740
27625,61645
27625,19132
27625,19842
150923,166384
150923,17427
150923,110530
150923,58266
150923,100446
150923,123462
150923,147505
150923,90339
1887,153473
1887,19797
1887,135337
45106,8543
45106,19797
45106,28849
29228,166384
29228,58543
29228,116057
29228,113707
29228,112830
29228,79945
29228,8708
29228,118477
29228,47975
29228,41891
29228,117745
127338,153473
127338,122780
127338,113707
127338,132159
127338,126602
90918,5942
90918,38519
90918,76442
90918,42669
90918,11976
40641,8543
40641,113707
40641,19797
40641,99929
40641,41891
40641,148878
40641,1694
40641,144755
165203,110530
165203,11339
165203,142527
102489,44929
102489,8543
102489,153473
102489,113707
102489,52101
102489,151055
102489,166130
102489,73175
89994,141218
89994,121287
89994,79945
89994,66212
89994,41891
75095,166688
75095,160430
75095,163921
1723,11711
1723,83527
91125,153473
91125,113707
91125,164716
164748,8543
42850,8543
42850,41891
42850,111929
79945,8543
79945,141218
79945,122780
79945,113707
79945,132159
79945,121287
79945,8708
79945,148878
79945,150381
79945,41891
79945,110278
79945,66212
79945,117745
79945,123846
79945,132195
79945,52101
79945,99929
22152,19797
22152,112134
22152,41891
69331,153473
69331,19797
69331,142527
116057,8543
116057,52101
116057,99929
116057,50241
116057,148878
116057,62874
116057,150381
116057,41891
18953,135337
11112,156106
11112,98981
11112,108308
11112,19842
52836,134773
82539,83696
19397,25981
106554,160024
141893,113707
141893,151476
42124,160024
42124,118441
42124,109305
42124,1346
132195,11608
132195,19797
132195,73175
35588,113707
35588,156106
35588,53445
133411,148452
133411,53445
133411,58721
133411,9556
133411,61574
133411,19958
11567,26752
11567,134846
85220,113707
85220,99254
85220,156749
85220,41891
85220,57848
85220,12555
33643,53626
33643,153473
33643,19797
33643,51990
33643,99929
33643,165879
10466,114786
10466,1235
10466,83875
10466,153473
10466,19797
123846,113707
123846,111929
123846,41891
52103,15928
52103,51990
52103,83875
4201,114786
4201,52563
23017,41891
158960,44929
158960,17427
158960,2405
158960,19797
158960,58266
158960,118441
158960,165271
158960,118857
158960,41470
158960,158490
158960,116907
158960,109122
156419,11608
156419,17427
156419,167151
156419,100446
156419,49609
156419,19797
113707,8543
113707,167151
113707,118620
113707,158123
113707,1694
113707,8708
113707,132159
113707,60740
113707,35981
113707,41891
113707,165879
113707,94849
113707,38519
113707,53445
113707,66212
113707,73175
113707,164232
113707,112830
113707,75877
113707,20927
113707,111929
113707,165271
113707,134225
113707,99929
113707,146264
113707,104848
113707,44122
156020,58497
156020,11608
156020,110530
156020,143042
107113,44929
107113,153473
107113,167151
107113,19797
107113,143042
107113,109898
107113,67130
107113,61645
107113,515
164681,8543
164681,112134
164681,40324
164681,47975
164681,41891
164681,94849
98981,53626
98981,110530
98981,19797
98981,1644
98981,143042
98981,143326
98981,132159
98981,133396
98981,123950
98981,60314
98981,1311
98981,53115
98981,151055
98981,132788
113842,164232
113842,9763
113842,12555
113842,41891
83875,11608
83875,41164
83875,38519
83875,28849
50389,17427
50389,19797
50389,156749
50389,19842
158490,123462
2405,11608
2405,153473
2405,167151
2405,19797
10981,245
10981,166384
10981,126603
10981,32553
10981,1346
10981,118869
10981,49743
10981,19842
41891,15928
41891,8543
41891,58543
41891,37268
41891,153473
41891,141218
41891,122780
41891,112830
41891,146264
41891,121287
41891,26764
41891,166431
41891,90894
41891,150381
41891,165271
41891,8539
41891,142591
41891,164232
41891,9488
41891,38519
41891,148878
41891,52101
41891,66212
41891,8708
41891,9763
41891,135184
41891,99929
41891,111929
41891,164493
41891,109361
41891,112134
41891,12555
41891,50241
41891,157648
41891,160430
41891,37476
41891,102845
41891,107206
41891,54448
41891,24298
41891,1694
41891,59243
41891,158712
41891,49291
41891,66856
41891,6816
41891,154314
41891,45118
41891,78308
41891,40324
41891,142563
41891,156590
41891,60347
41891,47975
41891,66366
41891,68072
41891,157269
41891,86305
41891,159842
41891,165879
41891,111407
41891,116265
41891,108215
41891,30582
41891,143266
41891,104848
41891,32605
41891,117745
41891,132788
41891,137575
41891,130106
41891,163921
41891,166183
41891,122958
41891,62874
41891,166130
41891,144755
41891,72471
41891,130904
41891,159924
41891,118917
41891,113834
41891,20927
41891,94849
41891,153192
41891,35227
41891,73175
90767,153473
90767,5942
74877,8460
148795,126653
158123,8543
115030,160024
115030,44929
115030,17427
115030,100750
115030,19797
115030,58266
115030,11339
115030,143042
115030,19132
115030,5942
115030,76442
115030,42669
115030,33662
115030,109898
115030,157648
115030,132788
115030,19842
115030,134393
166183,78308
11711,17427
11711,33316
11711,49817
11711,52563
155751,153473
155751,20093
155751,6816
1235,82700
106526,1644
159842,8543
159842,122780
159842,157269
159842,117745
1836,17427
165879,8543
165879,153473
165879,167151
165879,19797
165879,165271
118620,99929
118620,150381
166777,11608
166777,44929
166777,17427
166777,19797
166777,20093
166777,76442
166777,2028
166777,41470
166777,42669
166777,68963
166777,100786
67367,167151
67367,19797
141309,133396
141309,16974
141309,157648
156749,160024
156749,114786
156749,86047
156749,58266
156749,117818
156749,49477
156749,91750
156749,141407
28699,11608
28699,44929
28699,153473
28699,19797
53053,100750
53053,167151
150211,131695
150211,100446
150211,12555
20927,148878
20927,52101
20927,99929
130106,1694
153192,154314
123800,19132
123800,85037
123800,134773
83696,44929
83696,58266
83696,94070
83696,107112
116907,15928
116907,37268
116907,132159
116907,118857
116907,41470
116907,123950
116907,92207
116907,32605
116907,57848
116907,167502
116907,134846
165271,19797
165271,111929
123187,111929
123187,84746
123187,8588
8543,1694
8543,121287
8543,167151
8543,117745
8543,62874
8543,164232
8543,52101
8543,146264
8543,148878
8543,85308
8543,99929
8543,19797
8543,9488
8543,66212
8543,132159
8543,122780
118441,166384
118441,11608
118441,44929
118441,17427
118441,8236
118441,19797
118441,91914
118441,86047
118441,20093
118441,9495
118441,32553
118441,82488
118441,85838
118441,134773
118441,42669
118441,77804
118441,131992
118441,123462
118441,57848
118441,150220
118441,41470
118441,118869
118441,132788
118441,2028
118441,118857
118441,51990
118441,19842
118441,11976
118441,82700
118441,116938
118441,19132
118441,112134
118441,35549
118441,2507
118441,109717
132159,11608
132159,131695
132159,153473
132159,86047
132159,52101
132159,148878
132159,62874
132159,1346
132159,99929
132159,2507
11976,166384
11976,19797
11976,98830
11976,158847
11976,164839
60740,166384
60740,11608
60740,19797
60740,86047
60740,58266
60740,100446
60740,57848
60740,33316
60740,125731
60740,142527
60740,134846
60740,19958
148452,156106
148452,61645
148452,109717
50241,52101
50241,99929
50241,117745
146264,148878
146264,117745
67130,114786
67130,153473
67130,135337
67130,74005
67130,102095
67130,67089
85145,166384
49609,17427
515,17427
515,167151
515,19797
515,9488
134225,166384
134225,44929
134225,17427
134225,19797
134225,118869
134225,41470
134225,42669
134225,58270
118477,11608
118477,17427
118477,58108
118477,19797
118477,86047
118477,42669
118477,19842
118477,107678
99929,153473
99929,167151
99929,150381
99929,9488
99929,148878
99929,52101
99929,24615
99929,111929
43021,160024
43021,8476
86110,153473
91914,245
91914,166384
91914,44929
91914,2435
91914,42669
91914,58270
91914,2028
91914,35549
38519,15928
38519,11608
38519,153473
38519,167151
38519,19797
38519,19132
38519,142591
38519,164232
38519,9488
38519,148878
38519,111929
38519,32605
38519,166130
38519,157269
164839,160024
164839,19797
164839,28959
164839,1346
164839,33662
164839,109898
107678,166384
107678,44929
107678,110530
107678,86047
107678,1644
107678,20093
107678,19132
107678,41470
107678,111929
107678,123462
107678,157648
107678,108308
107678,86080
107678,91750
12555,1644
12555,9495
12555,90934
12555,157648
12555,132788
12555,86080
12555,57848
53445,166384
53445,61645
53445,109898
58721,44929
58721,20093
58721,1346
132587,8460
33477,134773
33477,1311
62874,153473
62874,167151
62874,52101
62874,111929
62874,1694
1694,122780
1694,121287
1694,117745
1694,144755
110278,153473
110278,19797
66212,141218
66212,121287
66212,52101
66212,117745
8708,121287
8708,73175
148878,150381
148878,9488
148878,52101
148878,111929
8476,163921
11339,100750
11339,123950
11339,165874
11339,126603
11339,33316
11339,90339
11339,19842
19797,166688
19797,11608
19797,44929
19797,17427
19797,153473
19797,167151
19797,20093
19797,28395
19797,99226
19797,109122
19797,66859
19797,2028
19797,158847
19797,41470
19797,139660
19797,151055
19797,86080
19797,118857
19797,9488
19797,42247
19797,100203
19797,27126
19797,33316
19797,150442
142591,153473
142591,32605
125731,110530
125731,86047
125731,1644
125731,33316
125731,100446
125731,123462
125731,108308
122995,158097
122995,52563
66859,11608
66859,44929
66859,17427
66859,86047
66859,58266
66859,9495
66859,5942
66859,76442
66859,42669
66859,85037
25254,114786
25254,20093
25254,126603
25254,19842
33662,17427
33662,58266
33662,2028
33662,109898
26752,134846
26752,92207
26752,147505
26752,90339
26752,100446
26752,166384
163921,53626
163921,141218
163921,122958
163921,151055
11608,160024
11608,17427
11608,85838
11608,44929
11608,43600
11608,118869
11608,86047
11608,41470
11608,58108
11608,131992
11608,164232
11608,27126
11608,153473
11608,86080
11608,167151
11608,51990
11608,33316
11608,19132
11608,100750
11608,2507
93013,86047
104848,167151
104848,52101
104848,111929
104848,117745
167151,44929
167151,17427
167151,153473
167151,19842
167151,9488
9488,153473
9488,150381
9488,32605
9488,52101
9488,157269
44122,20093
44122,108215
2028,166384
2028,44929
2028,17427
2028,110530
2028,20093
2028,33316
2028,42669
2028,24615
2028,41470
2028,142523
109898,166384
109898,44929
109898,2435
109898,100750
109898,86047
109898,109305
109898,16974
109898,158209
109898,3112
109898,19842
125004,153473
58108,166384
58108,17427
58108,86047
58108,124101
58108,19842
75877,160024
75877,114786
75877,110530
75877,37268
75877,100786
75877,132788
75877,5942
158809,160024
33316,53626
33316,9495
33316,117951
33316,59944
33316,134773
33316,57474
33316,151055
33316,118857
33316,82700
33316,19958
33316,90339
33316,149603
33316,109717
33316,49817
76442,166688
76442,245
76442,153473
76442,9478
76442,126522
76442,25355
76442,68963
76442,16974
76442,25981
76442,132788
76442,41470
76442,49477
76442,49817
76442,150442
76442,86311
76442,109122
160024,3078
160024,19630
160024,17427
160024,118263
160024,143623
160024,122958
160024,84993
160024,98961
160024,84360
160024,156106
160024,5942
160024,135337
160024,153473
160024,118869
160024,82019
160024,116938
17427,166384
17427,44929
17427,2435
17427,126602
17427,123950
17427,24657
17427,27126
17427,134613
17427,9478
17427,19842
17427,90339
17427,84993
17427,91666
17427,118857
17427,60207
17427,166990
17427,57848
17427,133396
17427,42669
17427,158097
17427,118869
17427,9495
17427,92207
17427,82488
17427,131992
17427,102403
17427,41470
17427,1644
17427,58270
17427,19132
17427,35549
17427,2507
44929,134613
44929,85838
44929,42669
44929,131992
44929,27126
44929,85630
44929,9478
44929,112830
44929,132202
44929,77804
44929,25355
44929,82598
44929,134681
44929,134846
44929,1702
44929,100948
44929,118869
44929,9495
44929,99254
44929,8236
44929,53115
44929,86047
44929,41470
44929,58266
44929,2435
44929,1644
44929,19132
44929,35549
44929,2507
44929,58270
44929,141049
109122,153473
109122,5942
109122,16974
85037,110530
85037,100446
85037,42669
85037,151476
5942,245
5942,9478
5942,42669
5942,84993
5942,60207
5942,49477
5942,16974
5942,86356
5942,142523
57848,166384
57848,110530
57848,37268
57848,100446
57848,19958
57848,19132
57848,42669
57848,74025
57848,73175
57848,19842
57848,108308
57848,167502
57848,8298
16974,8460
16974,153473
16974,9478
16974,83527
110530,166688
110530,245
110530,66530
110530,100446
110530,42669
110530,58266
110530,123462
110530,100220
110530,92498
110530,100948
110530,86047
110530,58270
110530,147505
110530,35549
110530,1644
110530,139660
110530,52563
110530,92207
110530,143326
110530,90339
110530,110509
110530,3418
110530,158209
1346,109305
1346,85838
1346,98830
1346,8298
100750,245
100750,42669
100750,58266
100750,126603
100750,158097
100750,142523
2435,166384
2435,100446
2435,42669
2435,9495
2435,33734
2435,3112
2435,61645
134846,166384
134846,131695
134846,100446
134846,9763
134846,92207
134846,147505
134846,90339
134846,77804
134846,58270
134846,59944
134846,124625
92207,86047
92207,100446
92207,51990
92207,78308
92207,147505
92207,90339
92207,167502
147505,131695
147505,100446
147505,123462
147505,78308
147505,90339
90339,166384
90339,100446
90339,52563
90339,59944
90339,98830
100446,166384
100446,19441
100446,82488
100446,123462
100446,43997
100446,19958
100446,35549
100446,158209
166384,20745
166384,126602
166384,131992
166384,43769
166384,100220
166384,58270
166384,102403
166384,42669
166384,61645
166384,9495
166384,42247
166384,19958
166384,60892
166384,82488
166384,118857
166384,85838
166384,53115
166384,86047
166384,41470
166384,133396
166384,33734
166384,3112
166384,1644
166384,19132
166384,35549
166384,123950
166384,158209
166384,118869
9495,85838
9495,42669
9495,118869
9495,58270
9495,35549
9495,41470
9495,53115
9495,131992
9495,29052
9495,3112
86158,131695
86158,100203
123462,86047
123462,3418
123462,19958
123462,60207
123462,74025
123462,142563
123462,92498
123462,35549
123462,19842
123462,2507
86047,245
86047,42669
86047,24615
86047,118869
86047,127044
86047,82032
86047,33734
86047,150442
86047,35549
86047,156106
245,131695
245,58266
245,74005
245,156106
245,30582
245,139660
245,142523
9478,20093
9478,42669
9478,126603
9478,149603
9478,142523
118857,1644
118857,20093
118857,143042
118857,42669
118857,41470
118857,106891
19132,123950
19132,41542
19132,24615
19132,118869
19132,68963
19132,110956
19132,43997
19132,2507
19132,132788
19132,42247
19132,9763
126602,82488
126602,67089
126602,35549
126602,132788
126602,42669
20093,27126
20093,151476
20093,98961
20093,139660
20093,1311
20093,82488
20093,35549
20093,134358
20093,19842
20093,954
20093,126603
20093,42669
19441,108308
131695,33734
131695,25355
131695,58266
131695,42669
131695,52563
131695,83527
117818,74005
42669,58266
42669,143042
42669,133396
42669,118869
42669,41470
42669,28395
42669,99226
42669,132788
42669,58270
42669,24615
42669,131992
42669,77804
42669,142523
42669,35549
42669,2507
151055,53626
151055,27126
151055,2507
151055,73175
151055,57759
35549,118869
35549,25355
35549,82488
35549,92498
27126,110956
143042,43112
143042,1644
143042,25409
143042,118869
143042,126603
143042,58270
143042,41470
143042,19842
143042,150442
143042,2507
110509,82488
110509,25981
2507,53626
2507,118869
2507,131992
2507,85838
164232,121287
164232,117745
164232,140349
164232,9763
164232,52101
164232,111929
114786,82457
114786,51592
114786,74005
114786,135337
114786,164806
114786,2001
114786,58236
114786,133396
114786,99864
114786,126522
114786,8588
114786,116969
114786,9142
114786,94070
114786,83034
9556,100786
112830,153473
86356,110954
66856,9763
126603,42247
126603,19842
156106,125837
32605,15928
32605,51990
32605,111929
32605,166130
32605,157269
53115,61645
53115,118869
154314,8539
154314,111929
74025,139847
118869,32553
118869,85838
118869,77804
118869,131992
118869,150827
118869,25355
118869,41470
118869,58270
118869,116938
118869,132788
131992,106735
131992,41470
131992,77804
131992,82488
131992,58270
131992,166130
131992,85838
86311,8236
86311,19842
58266,8236
58266,28395
58266,123950
58266,106735
58266,166990
58266,141407
11296,8236
93129,28959
60207,41470
60207,52563
25355,150442
25355,142523
143326,3471
143326,143228
143326,8539
143326,72471
19958,19842
132202,153473
132202,77804
82488,124101
54448,47975
109305,28959
109305,1644
109305,107112
9763,53626
9763,121287
9763,135184
9763,117745
9763,111929
9763,72471
9763,142527
158209,92498
139660,41470
139660,19842
37268,91750
37268,158388
32553,40324
32553,58270
32553,140349
8539,113834
3112,61645
33734,61645
33734,111407
33734,157648
98830,166431
98830,98961
150442,41470
150442,19842
3471,98961
3471,84993
3471,34166
77804,41470
65775,52101
65775,41470
135337,82457
135337,156590
135337,75178
135337,94070
135337,83034
12347,52563
12347,84061
11555,8460
58270,41470
58270,85838
58270,83527
58270,132788
165874,143228
165874,25981
153473,60314
153473,67482
153473,118917
153473,108215
153473,125510
153473,142527
153473,111929
99848,108308
108308,133396
108308,61645
108308,19630
158097,139968
158097,41470
158097,61645
166688,41470
166688,116265
69603,8236
19842,1311
19842,59944
41470,51990
41470,124101
41470,91750
8236,29052
8236,49817
8236,107077
15928,51990
15928,157269
51990,1644
51990,150381
51990,78308
51990,91750
43600,141218
123512,58543
91750,1644
91750,132788
92498,82598
98961,8298
98961,51592
84993,28959
116576,9142
74005,116969
74005,143228
143228,110954
122958,30582
151476,137575
43112,110954
8460,75924
8460,118577
106735,69571
100220,9142
166283,112134
1644,132788
1644,43084
123950,25981
24615,132788
57474,34166
18714,8298
8298,165776
167502,25981
142523,110956
141049,67089
150827,2019
53626,57759
127044,8588
137575,112134
121287,122780
121287,117745
121287,52101
117745,122780
117745,111929
117745,73175
52101,150381
52101,111929
122780,47975
58543,60347
58543,66366
58543,72471
58543,108215
60347,66366
60347,47975
66366,47975
66366,102845
72471,43084
72471,51592
110038,82355
108098,67089
139968,85722
82032,166915
142527,166431
47975,102845
113834,90894
