141493,157585
141493,64605
141493,50129
141493,100272
141493,108077
141493,52703
141493,114099
141493,81028
141493,49336
141493,36881
141493,41015
141493,34750
141493,82672
141493,10819
141493,33976
141493,54557
141493,58264
141493,46645
141493,32942
141493,123274
141493,102445
141493,100916
141493,92743
141493,54087
141493,93147
141493,89631
141493,100640
141493,89350
141493,43385
141493,103193
141493,97570
141493,82544
141493,74986
141493,86549
141493,163776
141493,157308
141493,17276
141493,53288
141493,111395
141493,28704
141493,135726
141493,67951
141493,37963
141493,78367
141493,134415
141493,25831
141493,60909
141493,126204
141493,79691
141493,135895
141493,29562
141493,151944
141493,2580
141493,34594
141493,55948
141493,73625
141493,120320
141493,126706
141493,78364
141493,21966
141493,40868
141493,67808
141493,34489
141493,66454
141493,50663
141493,40783
141493,138920
141493,158908
141493,162743
141493,20547
141493,13071
141493,53228
141493,37297
141493,60588
141493,163584
141493,107508
141493,37420
141493,142512
141493,160215
141493,145847
141493,142681
141493,91382
141493,111254
141493,164205
141493,84226
141493,89069
141493,23577
141493,108423
141493,81715
141493,131284
141493,23832
141493,2884
141493,79534
141493,26475
141493,112179
141493,32850
141493,45955
141493,88775
141493,769
141493,92492
141493,25865
141493,29941
141493,167683
141493,61485
141493,141561
141493,147083
141493,167145
141493,153573
141493,105634
141493,132517
141493,5303
141493,64066
141493,114422
141493,7800
141493,108133
141493,76462
141493,114516
141493,64959
141493,74013
141493,46342
141493,133671
141493,9758
141493,44345
141493,90192
141493,114118
141493,16813
141493,153063
141493,146173
141493,138878
141493,120928
141493,130028
141493,12481
141493,140201
141493,102590
141493,147230
141493,34625
141493,112131
141493,148149
141493,125430
141493,60379
141493,132985
141493,90770
141493,29789
141493,39757
141493,23029
141493,157106
141493,123452
141493,115666
141493,97970
141493,116842
141493,162374
141493,61125
141493,115223
141493,83848
141493,122295
141493,134560
141493,152460
141493,70651
141493,145111
141493,21003
141493,100028
141493,84440
141493,109338
141493,102569
141493,59298
141493,2841
141493,95697
141493,55261
157585,95914
157585,146733
157585,110345
157585,52703
157585,60588
157585,152296
157585,74908
157585,89069
157585,129396
157585,55261
157585,68078
157585,37963
157585,153604
157585,86266
157585,90364
157585,34823
157585,40868
157585,64959
157585,29391
157585,149870
157585,166226
157585,84427
157585,48214
157585,148010
157585,92773
157585,72974
157585,43766
157585,97570
157585,106397
157585,8430
157585,55524
157585,26475
157585,64791
157585,67122
157585,52328
157585,79006
157585,157106
157585,1189
157585,47096
157585,96676
157585,43385
157585,109530
157585,125904
157585,34085
157585,73625
157585,66807
157585,15901
64605,155127
64605,122269
64605,95697
64605,57532
64605,143423
64605,79678
64605,37420
64605,60922
64605,135895
64605,153672
64605,40078
64605,122761
64605,123832
64605,18311
64605,35250
64605,84226
64605,40080
64605,86549
64605,123274
64605,60424
64605,139735
64605,165493
64605,2957
64605,58658
64605,152296
64605,17276
64605,139365
64605,60117
64605,93032
64605,138010
64605,142512
64605,61216
64605,153961
64605,2566
64605,148637
64605,129378
64605,167299
64605,29562
64605,167196
64605,56602
64605,130028
64605,120819
64605,157280
64605,79534
64605,146733
64605,80397
64605,92773
64605,98223
64605,14424
64605,151944
64605,142072
64605,134415
64605,136349
64605,83964
64605,104558
64605,63645
64605,52042
64605,7659
64605,48283
64605,53288
64605,76589
64605,48214
64605,55948
64605,83848
64605,148276
64605,120798
64605,58264
64605,153918
64605,34625
64605,60123
64605,58021
64605,140049
64605,57046
64605,29142
64605,79605
64605,111152
64605,93591
64605,148452
64605,113139
64605,50705
64605,42448
64605,64869
64605,41015
64605,50821
64605,157845
64605,102569
64605,112373
64605,104914
64605,92530
64605,10819
64605,110351
64605,33798
64605,8430
64605,28207
64605,3546
64605,38432
64605,161681
64605,32942
64605,111205
64605,84077
64605,21970
64605,65714
64605,154357
64605,102744
64605,104154
64605,42711
64605,29442
64605,65576
64605,50663
64605,37586
64605,40783
64605,108664
64605,70419
64605,141960
64605,54911
64605,158908
64605,50884
64605,81304
64605,12306
64605,105992
64605,11037
64605,107508
64605,94936
64605,152352
64605,90904
64605,115854
64605,84427
64605,112129
64605,151510
64605,162374
64605,17242
64605,38379
64605,43191
64605,131284
64605,100018
64605,59059
64605,108133
64605,95434
64605,2184
64605,52703
64605,132517
64605,33976
64605,86444
64605,54669
64605,103668
64605,45319
64605,9758
64605,79691
64605,140514
64605,146373
64605,49336
64605,113094
64605,125642
64605,55743
64605,126470
64605,83318
64605,81028
64605,48028
64605,53092
64605,13071
64605,54087
64605,147230
64605,15192
64605,152043
64605,60379
64605,66454
64605,82672
64605,53228
64605,90770
64605,95048
64605,43244
64605,27725
64605,108423
64605,57619
64605,60588
64605,70987
64605,122295
64605,68904
64605,65086
64605,134560
64605,152460
64605,156081
64605,153604
64605,22370
64605,8585
64605,116442
64605,78367
64605,140731
64605,66391
64605,95857
64605,22941
64605,153883
64605,140488
64605,29859
64605,154291
64605,30911
64605,40868
64605,109401
64605,48368
64605,100916
64605,41660
64605,2841
64605,129782
64605,76278
64605,31053
64605,120128
64605,152570
64605,51551
64605,43766
64605,159777
64605,159342
64605,161476
64605,108728
64605,9145
64605,157106
64605,100640
64605,124409
64605,16813
64605,111465
64605,98653
64605,9914
64605,61125
64605,769
64605,151218
64605,34823
64605,105634
64605,112906
64605,120979
64605,120896
64605,64066
64605,53333
64605,112998
64605,91382
64605,29740
64605,95301
64605,64233
64605,89350
64605,111254
64605,24323
64605,133671
64605,149870
64605,123076
64605,65168
64605,158128
64605,111369
64605,102909
64605,102590
64605,19759
64605,81040
64605,20078
64605,27007
64605,129396
64605,75092
64605,29789
64605,163767
64605,21367
64605,73314
64605,129977
64605,89069
64605,66787
64605,92653
64605,77138
64605,97010
64605,123452
64605,88034
64605,29941
64605,126501
64605,163584
64605,118227
64605,34489
64605,74986
64605,123526
64605,151137
64605,76902
64605,1373
64605,64816
64605,110345
64605,149949
64605,67426
64605,92485
64605,51273
64605,114422
64605,131257
64605,135893
64605,98533
64605,126865
64605,76522
64605,112179
64605,164205
64605,80832
64605,44742
64605,117006
64605,68078
64605,2884
64605,50129
64605,67203
64605,154515
64605,147083
64605,153573
64605,5303
64605,108599
64605,113344
64605,62655
64605,106177
64605,166226
64605,126706
64605,160734
64605,106458
64605,81715
64605,46342
64605,162147
64605,29391
64605,127907
64605,924
64605,114665
64605,145111
64605,120648
64605,73984
64605,106730
64605,917
64605,132643
64605,124101
64605,148149
64605,32537
64605,148010
64605,7646
64605,150787
64605,122959
64605,108450
64605,60909
64605,70651
64605,88221
64605,100028
64605,84440
50129,95914
50129,159097
50129,57532
50129,125642
50129,146733
50129,58773
50129,32338
50129,110345
50129,52703
50129,40326
50129,78367
50129,89069
50129,164792
50129,132759
50129,85822
50129,105992
50129,47245
50129,68078
50129,120819
50129,68865
50129,104492
50129,34823
50129,40868
50129,29391
50129,149870
50129,151944
50129,37297
50129,148010
50129,54993
50129,126706
50129,72974
50129,97570
50129,8430
50129,126603
100272,155127
100272,57532
100272,125642
100272,32338
100272,110345
100272,60588
100272,152296
100272,40326
100272,123274
100272,63730
100272,129396
100272,55261
100272,34625
100272,86266
100272,40868
100272,84226
100272,110351
100272,151944
100272,40078
100272,30911
100272,145424
100272,165222
108077,155127
108077,32338
108077,152296
108077,49210
108077,151944
108077,147892
108077,74986
108077,164520
108077,93354
108077,96163
52703,125430
52703,89631
52703,95914
52703,95697
52703,159097
52703,123076
52703,70518
52703,58773
52703,100028
52703,32338
52703,110345
52703,143423
52703,45213
52703,83761
52703,42326
52703,165493
52703,108508
52703,92133
52703,13747
52703,106715
52703,98175
52703,59791
52703,54927
52703,81033
52703,50884
52703,35157
52703,67951
52703,135726
52703,75038
52703,81623
52703,162124
52703,60922
52703,166202
52703,135895
52703,84915
52703,95489
52703,138377
52703,40078
52703,67426
52703,132985
52703,73625
52703,164398
52703,102590
52703,38588
52703,39730
52703,18311
52703,48368
52703,109530
52703,92530
52703,131991
52703,84226
52703,86549
52703,60424
52703,5998
52703,163776
52703,48214
52703,58658
52703,157308
52703,152296
52703,17276
52703,148199
52703,100640
52703,136553
52703,151944
52703,161171
52703,163004
52703,61216
52703,48047
52703,160296
52703,157106
52703,166877
52703,75004
52703,162309
52703,114118
52703,60017
52703,144099
52703,150787
52703,79534
52703,162147
52703,14562
52703,2420
52703,38208
52703,45955
52703,92773
52703,29941
52703,98223
52703,1373
52703,100208
52703,147908
52703,451
52703,51273
52703,54911
52703,73736
52703,21422
52703,112599
52703,154515
52703,23577
52703,134134
52703,104558
52703,159777
52703,52042
52703,155608
52703,74628
52703,117010
52703,53288
52703,76589
52703,27357
52703,111395
52703,118162
52703,55948
52703,67591
52703,116403
52703,89462
52703,64944
52703,153918
52703,148563
52703,34625
52703,128662
52703,58021
52703,17712
52703,60420
52703,126711
52703,130085
52703,122037
52703,117006
52703,165222
52703,112373
52703,93591
52703,65576
52703,90637
52703,60740
52703,12306
52703,144602
52703,115814
52703,114422
52703,153961
52703,113139
52703,98809
52703,50705
52703,113048
52703,89299
52703,71308
52703,134800
52703,50821
52703,46645
52703,3946
52703,103193
52703,49210
52703,144801
52703,129782
52703,93147
52703,136349
52703,100018
52703,25831
52703,162743
52703,41816
52703,127069
52703,19470
52703,64622
52703,92492
52703,8585
52703,111205
52703,114235
52703,2841
52703,81089
52703,60834
52703,95434
52703,154357
52703,109765
52703,167683
52703,43191
52703,13480
52703,160964
52703,131257
52703,50663
52703,83656
52703,55524
52703,40783
52703,83964
52703,108664
52703,141960
52703,92825
52703,156081
52703,17082
52703,158908
52703,102445
52703,117013
52703,148452
52703,168106
52703,9324
52703,68629
52703,152352
52703,57561
52703,111749
52703,145847
52703,72504
52703,162374
52703,101121
52703,40080
52703,80510
52703,17242
52703,89011
52703,107823
52703,131284
52703,91713
52703,117880
52703,76462
52703,92743
52703,80708
52703,75092
52703,61485
52703,120979
52703,132517
52703,114099
52703,114516
52703,64959
52703,4890
52703,66807
52703,36512
52703,68904
52703,107560
52703,141533
52703,68865
52703,20547
52703,125904
52703,114665
52703,9758
52703,79691
52703,140514
52703,146373
52703,113094
52703,123526
52703,153063
52703,117043
52703,153264
52703,126470
52703,64816
52703,126603
52703,81028
52703,30038
52703,58721
52703,13071
52703,54087
52703,156345
52703,101825
52703,152043
52703,34750
52703,102569
52703,60379
52703,82672
52703,53228
52703,90770
52703,134649
52703,37586
52703,46342
52703,127813
52703,27725
52703,738
52703,108423
52703,76902
52703,164792
52703,116842
52703,57619
52703,60588
52703,122295
52703,65086
52703,134560
52703,976
52703,21003
52703,153604
52703,131992
52703,10730
52703,122761
52703,43766
52703,78367
52703,27887
52703,95857
52703,22941
52703,93354
52703,161476
52703,84063
52703,90407
52703,70987
52703,25332
52703,70259
52703,98663
52703,30911
52703,161681
52703,109401
52703,9913
52703,142512
52703,67032
52703,159314
52703,94508
52703,41660
52703,65586
52703,138920
52703,29783
52703,93347
52703,49336
52703,152570
52703,51551
52703,159342
52703,95513
52703,9145
52703,85037
52703,11171
52703,55743
52703,90904
52703,89504
52703,133212
52703,160215
52703,283
52703,54392
52703,70964
52703,79037
52703,66097
52703,133671
52703,155794
52703,53165
52703,28704
52703,140201
52703,150723
52703,769
52703,151218
52703,118838
52703,34823
52703,105634
52703,112906
52703,78364
52703,15383
52703,19265
52703,136679
52703,53333
52703,147892
52703,151510
52703,29391
52703,30892
52703,5394
52703,91382
52703,114108
52703,29740
52703,79006
52703,64233
52703,91658
52703,89350
52703,126706
52703,147230
52703,129799
52703,137193
52703,127944
52703,149870
52703,125370
52703,148537
52703,68672
52703,142681
52703,56602
52703,111369
52703,16028
52703,66845
52703,19759
52703,116939
52703,41015
52703,157845
52703,72974
52703,42448
52703,39757
52703,89069
52703,103111
52703,129396
52703,74889
52703,81304
52703,117960
52703,110085
52703,58803
52703,106177
52703,39894
52703,16813
52703,145111
52703,109338
52703,98864
52703,73314
52703,21970
52703,36447
52703,90181
52703,99333
52703,9914
52703,138878
52703,163788
52703,37963
52703,134415
52703,60909
52703,32850
52703,126204
52703,35536
52703,145979
52703,33976
52703,105137
52703,92653
52703,9282
52703,87244
52703,165151
52703,97010
52703,88034
52703,36850
52703,92292
52703,53737
52703,110351
52703,107171
52703,67808
52703,91221
52703,34489
52703,92199
52703,133868
52703,6927
52703,126501
52703,97570
52703,39636
52703,102403
52703,45187
52703,146173
52703,82544
52703,118227
52703,2721
52703,74986
52703,141561
52703,152408
52703,103961
52703,79721
52703,37297
52703,114322
52703,163584
52703,26475
52703,120462
52703,76522
52703,31019
52703,64066
52703,44742
52703,58905
52703,12481
52703,2884
52703,20825
52703,15429
52703,161415
52703,70419
52703,104492
52703,91421
52703,167145
52703,29789
52703,29823
52703,26453
52703,67364
52703,165182
52703,116963
52703,62655
52703,122230
52703,72906
52703,81715
52703,158302
52703,163270
52703,127907
52703,140731
52703,112131
52703,4514
52703,924
52703,63645
52703,152460
52703,120648
52703,130028
52703,100916
52703,94137
52703,106730
52703,45306
52703,74013
52703,104344
52703,41078
52703,144418
52703,98174
52703,148149
52703,34594
52703,155195
52703,7646
52703,20870
52703,151111
52703,108450
52703,115666
52703,7800
52703,86704
52703,111254
52703,61125
52703,83848
52703,91223
52703,49490
52703,59298
52703,31748
52703,32322
52703,70651
52703,97782
52703,84440
52703,29562
114099,95914
114099,155127
114099,95697
114099,159097
114099,125642
114099,146733
114099,32338
114099,110345
114099,60588
114099,152296
114099,21003
114099,78367
114099,86321
114099,89069
114099,105992
114099,47245
114099,6357
114099,68078
114099,72568
114099,68865
114099,120462
114099,158302
114099,138920
114099,34625
114099,153604
114099,141561
114099,86266
114099,34823
114099,66097
114099,126204
114099,102569
114099,113048
114099,71308
114099,29391
114099,12481
114099,41078
114099,149870
114099,28704
114099,84226
114099,151944
114099,37297
114099,123832
114099,32546
114099,42326
114099,9914
114099,64251
114099,91713
114099,92773
114099,29941
114099,114118
114099,154716
114099,118838
114099,80708
114099,100208
114099,95857
114099,140201
114099,19265
114099,32850
114099,145979
114099,157106
114099,5303
114099,64066
114099,102720
114099,23577
114099,8430
114099,5394
114099,162332
114099,52042
114099,68904
114099,81715
114099,98663
114099,109338
114099,92530
114099,117010
114099,79691
114099,112131
114099,113094
114099,34489
114099,166226
114099,97570
114099,111395
114099,9945
114099,30029
114099,57375
114099,26453
114099,126603
114099,50663
114099,100916
114099,40744
114099,60424
114099,54959
114099,54087
114099,74013
114099,104558
114099,147230
114099,144418
114099,55743
114099,48214
114099,15192
114099,13071
114099,148149
114099,148276
114099,46588
114099,57619
114099,60379
114099,120107
114099,28889
114099,35556
114099,82672
114099,72974
114099,81040
114099,142512
114099,65576
114099,111749
114099,6083
114099,9145
114099,163584
114099,101121
114099,855
114099,163767
114099,58721
114099,94137
114099,113139
114099,31019
114099,16813
114099,44742
114099,96163
114099,131284
114099,157280
114099,155794
114099,98864
114099,18169
114099,31748
114099,15429
114099,161415
81028,95914
81028,155127
81028,125642
81028,110345
81028,78367
81028,85822
81028,105992
81028,55261
81028,68078
81028,72568
81028,120819
81028,68865
81028,104492
81028,153604
81028,29391
81028,151944
81028,91040
81028,84427
81028,48214
81028,148010
81028,92773
81028,126706
81028,72974
81028,97570
81028,8430
81028,26475
81028,41491
49336,95914
49336,57532
49336,146733
49336,100028
49336,110345
49336,40326
49336,54023
49336,105992
49336,68865
49336,86266
49336,29391
49336,151944
49336,148010
49336,126706
49336,72974
49336,30911
49336,31019
49336,122959
36881,155127
36881,100028
36881,110345
36881,60588
36881,152296
36881,123274
36881,78367
36881,86321
36881,163650
36881,120819
36881,98175
36881,90364
36881,113048
36881,134649
36881,120928
36881,29391
36881,149870
36881,84226
36881,110351
36881,97570
36881,145424
36881,109765
36881,123548
36881,79691
36881,112599
36881,106715
36881,26475
36881,43385
36881,112906
36881,156187
36881,162124
36881,2721
36881,26453
36881,59868
36881,29789
36881,160215
36881,57872
36881,84440
36881,114516
36881,120517
36881,76702
36881,60922
36881,76902
36881,39894
36881,6684
36881,34750
36881,58082
36881,31157
36881,81623
36881,103090
36881,17712
41015,155127
41015,57532
41015,125642
41015,58773
41015,32338
41015,110345
41015,60588
41015,40326
41015,78367
41015,54023
41015,85822
41015,34823
41015,40868
41015,129896
41015,167147
41015,84226
41015,151944
41015,91040
41015,84427
41015,92773
41015,63518
41015,6938
41015,8430
41015,64791
41015,140731
41015,160946
41015,96676
34750,155127
34750,159097
34750,125642
34750,146733
34750,32338
34750,110345
34750,60588
34750,152296
34750,21003
34750,123274
34750,78367
34750,63730
34750,86321
34750,89069
34750,55261
34750,72568
34750,68865
34750,158302
34750,138920
34750,141561
34750,144099
34750,79037
34750,40868
34750,102569
34750,113048
34750,134649
34750,64959
34750,90637
34750,118227
34750,12481
34750,149870
34750,167147
34750,84226
34750,60834
34750,84915
34750,65576
34750,43766
34750,23586
34750,109765
34750,55524
34750,79691
34750,30029
34750,112599
34750,106715
34750,1189
34750,43385
34750,2957
34750,156187
34750,162124
34750,126603
34750,2721
34750,5394
34750,15192
34750,50549
34750,109338
34750,59868
34750,29789
34750,160215
34750,164205
34750,48283
34750,31748
34750,10730
34750,144418
34750,92530
34750,9145
34750,25459
34750,157280
34750,146373
34750,8585
34750,151218
34750,20078
34750,111924
34750,2367
34750,100277
34750,89504
34750,86455
34750,60017
34750,6684
34750,31157
34750,75004
34750,148199
34750,22238
34750,140201
34750,112558
82672,95914
82672,159097
82672,123076
82672,146733
82672,100028
82672,110345
82672,60588
82672,40326
82672,112771
82672,78367
82672,105992
82672,68865
82672,98175
82672,158302
82672,153604
82672,141561
82672,90364
82672,34823
82672,126204
82672,59753
82672,29391
82672,12481
82672,149870
82672,110351
82672,151944
82672,109885
82672,84427
82672,48214
82672,148010
82672,76278
82672,72974
82672,97570
82672,8430
82672,52328
82672,73625
82672,34489
82672,133671
82672,26453
82672,40783
82672,46342
82672,120979
10819,155127
10819,125642
10819,123076
10819,32338
10819,110345
10819,60588
10819,123274
10819,78367
10819,54023
10819,105992
10819,17656
10819,59753
10819,167147
10819,84226
10819,151944
10819,91040
10819,84427
10819,92773
10819,63518
10819,62655
10819,98533
10819,109765
10819,4514
10819,52328
10819,27887
10819,157280
33976,155127
33976,159097
33976,57532
33976,125642
33976,146733
33976,100028
33976,32338
33976,110345
33976,60588
33976,152296
33976,40326
33976,78367
33976,89069
33976,105992
33976,68865
33976,34625
33976,153604
33976,141561
33976,86266
33976,34823
33976,40868
33976,64959
33976,12481
33976,77138
33976,167147
33976,84226
33976,151944
33976,37297
33976,113139
33976,8430
33976,73625
33976,139980
54557,95914
54557,155127
54557,125642
54557,110345
54557,85822
54557,98175
54557,84226
54557,151944
54557,37297
54557,126706
54557,148276
54557,72974
54557,97570
58264,155127
58264,57532
58264,125642
58264,146733
58264,110345
58264,60588
58264,152296
58264,123274
58264,78367
58264,68865
58264,34625
58264,153604
58264,90364
58264,40868
58264,29391
58264,167147
58264,84226
58264,151944
58264,84427
58264,163767
58264,92773
58264,8430
58264,76702
58264,17712
58264,152570
46645,123076
46645,58773
46645,100028
46645,32338
46645,60588
46645,137193
46645,120462
46645,158302
46645,138920
46645,48047
46645,90364
46645,79037
46645,40868
46645,126204
46645,59753
46645,12481
46645,84226
46645,151944
46645,48214
46645,154716
46645,60834
46645,89299
46645,67364
46645,29562
46645,8430
46645,23076
46645,1189
46645,76462
46645,32850
46645,15192
46645,55406
46645,58962
46645,112558
46645,77110
46645,20954
46645,60424
46645,74013
46645,160946
46645,2367
46645,105634
46645,129977
46645,146373
32942,125642
32942,146733
32942,110345
32942,60588
32942,152296
32942,123274
32942,63730
32942,89069
32942,72568
32942,158302
32942,34823
32942,40868
32942,102569
32942,149870
32942,167147
32942,84226
32942,151944
32942,37297
32942,40078
32942,23586
32942,8430
32942,64791
32942,47096
32942,21966
32942,29789
32942,22238
32942,30038
123274,125430
123274,57532
123274,110345
123274,60588
123274,152296
123274,83761
123274,42326
123274,63730
123274,9913
123274,30029
123274,76702
123274,40180
123274,112558
123274,112906
123274,148537
123274,106397
123274,21970
123274,28704
123274,58129
123274,109401
123274,144801
123274,78484
123274,91221
123274,147083
123274,100018
123274,167145
123274,34823
123274,153573
123274,60909
123274,60922
123274,79691
123274,89069
123274,26475
123274,108133
123274,108599
123274,40078
123274,127069
123274,8430
123274,44345
123274,138920
123274,64959
123274,113219
123274,167533
123274,72906
123274,128067
123274,95301
123274,79006
123274,102909
123274,52042
123274,38588
123274,113139
123274,158302
123274,98663
123274,89011
123274,64622
123274,90364
123274,110351
123274,21966
123274,4514
123274,109765
123274,76589
123274,40868
123274,128662
123274,117043
123274,115223
123274,88221
123274,39636
123274,8747
123274,64816
123274,111749
123274,84226
123274,83318
123274,2721
123274,120819
123274,40783
123274,111369
123274,54087
123274,116963
123274,27357
123274,102590
123274,147230
123274,2957
123274,34625
123274,29789
123274,152570
123274,22866
123274,23586
123274,102569
123274,111970
123274,109093
123274,149949
123274,71308
123274,132985
123274,105634
123274,90770
123274,151944
123274,23315
123274,161171
123274,146242
123274,93032
123274,14765
123274,75092
123274,65576
123274,27725
123274,63155
123274,99323
123274,74908
123274,120462
123274,76902
123274,160215
123274,17276
123274,111254
123274,37963
123274,98533
123274,118227
123274,115814
123274,80510
123274,135895
123274,146173
123274,31748
123274,132759
123274,133671
123274,116267
123274,113048
123274,12481
123274,49974
123274,134800
123274,66714
123274,168012
123274,73314
123274,59298
123274,161415
123274,69319
123274,2841
102445,95914
102445,155127
102445,95697
102445,159097
102445,146733
102445,110345
102445,60588
102445,152296
102445,86321
102445,68078
102445,68865
102445,126204
102445,102569
102445,29391
102445,167147
102445,110351
102445,151944
102445,16813
102445,10627
102445,132985
102445,30029
102445,26475
102445,34489
102445,112906
102445,126603
102445,15192
102445,39730
102445,45955
102445,122295
102445,40080
102445,79534
102445,41526
100916,95914
100916,57532
100916,125642
100916,146733
100916,32338
100916,110345
100916,60588
100916,152296
100916,78367
100916,74908
100916,86321
100916,89069
100916,129396
100916,68078
100916,68865
100916,153604
100916,141561
100916,86266
100916,90364
100916,34823
100916,40868
100916,149870
100916,84226
100916,110351
100916,151944
100916,166226
100916,48214
100916,92773
100916,63518
100916,163004
100916,126706
100916,72974
100916,113139
100916,98533
100916,145424
100916,109765
100916,8430
100916,26475
100916,73625
100916,66807
100916,112906
100916,124314
100916,140731
100916,29789
100916,167533
92743,155127
92743,125642
92743,146733
92743,32338
92743,110345
92743,60588
92743,152296
92743,40326
92743,89069
92743,6357
92743,120819
92743,68865
92743,158302
92743,141561
92743,117043
92743,29391
92743,84226
92743,151944
92743,37297
92743,130085
92743,145424
92743,106715
92743,43385
92743,73625
92743,112906
92743,160215
92743,124101
92743,31157
54087,155127
54087,95697
54087,57532
54087,125642
54087,123076
54087,146733
54087,58773
54087,32338
54087,110345
54087,60588
54087,152296
54087,153672
54087,112771
54087,78367
54087,63730
54087,86321
54087,89069
54087,163650
54087,105992
54087,47245
54087,55261
54087,68078
54087,120819
54087,68865
54087,98175
54087,120462
54087,158302
54087,138920
54087,34625
54087,153604
54087,141561
54087,86266
54087,34823
54087,40868
54087,49210
54087,64959
54087,29391
54087,149870
54087,129896
54087,81304
54087,167147
54087,84226
54087,151944
54087,48214
54087,534
54087,92773
54087,60834
54087,63518
54087,148276
54087,60931
54087,16813
54087,40078
54087,7295
54087,98533
54087,153601
54087,17276
54087,109765
54087,8430
54087,55524
54087,114322
54087,64791
54087,52328
54087,79006
54087,1189
54087,96676
54087,66807
54087,34489
54087,21966
54087,112906
54087,95301
54087,27887
54087,139980
54087,82544
54087,72906
54087,83318
54087,154291
54087,111749
54087,84440
54087,152460
54087,162332
54087,100018
54087,55743
54087,76902
54087,133212
54087,97970
54087,22238
54087,39894
93147,125430
93147,89631
93147,159097
93147,125642
93147,146733
93147,100028
93147,110345
93147,60588
93147,21003
93147,119922
93147,78367
93147,86321
93147,89069
93147,163650
93147,72568
93147,68865
93147,120462
93147,158302
93147,138920
93147,34625
93147,153604
93147,141561
93147,86266
93147,90364
93147,79037
93147,49210
93147,126204
93147,102569
93147,113048
93147,71308
93147,59753
93147,120928
93147,64959
93147,29391
93147,118227
93147,12481
93147,28704
93147,110351
93147,151944
93147,76278
93147,10627
93147,97570
93147,55524
93147,30029
93147,100640
93147,156345
93147,26475
93147,73625
93147,112906
93147,95301
93147,147892
93147,2721
93147,76283
93147,40783
93147,164205
93147,115814
93147,114235
93147,25459
93147,167145
89631,125430
89631,32338
89631,13747
89631,40326
89631,35157
89631,30029
89631,92773
89631,131992
89631,138878
89631,20078
89631,167147
89631,103193
89631,71308
89631,44742
89631,144099
89631,163650
89631,12481
89631,97570
89631,98663
89631,21003
89631,118227
89631,40665
89631,68865
89631,85822
89631,95914
89631,120462
89631,149870
89631,8430
89631,153604
89631,115814
89631,151944
89631,89069
89631,126204
89631,86266
89631,160964
89631,86321
89631,16813
89631,146733
89631,113048
89631,55524
89631,10627
89631,155127
89631,59753
89631,158302
89631,55261
89631,19265
100640,125430
100640,155127
100640,125642
100640,146733
100640,58773
100640,32338
100640,110345
100640,60588
100640,152296
100640,21003
100640,153672
100640,78367
100640,86321
100640,89069
100640,55261
100640,68865
100640,120462
100640,158302
100640,138920
100640,34625
100640,141561
100640,86266
100640,90364
100640,49210
100640,126204
100640,102569
100640,113048
100640,59753
100640,134649
100640,64959
100640,29391
100640,12481
100640,129896
100640,28704
100640,84226
100640,151944
100640,48214
100640,50870
100640,60931
100640,65576
100640,162374
100640,122761
100640,10627
100640,97570
100640,109765
100640,30029
100640,142072
100640,112906
100640,86455
100640,117010
100640,70259
100640,155354
100640,131992
100640,95973
100640,54605
100640,167145
100640,24323
100640,147892
100640,55948
100640,148563
100640,10730
100640,95301
100640,91658
100640,769
100640,98663
100640,151550
100640,113094
100640,13480
100640,64816
100640,130028
100640,2721
100640,134695
100640,6850
100640,65586
100640,76283
100640,144418
100640,29442
100640,157308
100640,152043
100640,85037
100640,89504
100640,25459
100640,115814
100640,61645
100640,89011
100640,114235
100640,31019
100640,70651
100640,157280
100640,162147
89350,95914
89350,155127
89350,57532
89350,125642
89350,123076
89350,100028
89350,110345
89350,40326
89350,78367
89350,105992
89350,55261
89350,72568
89350,98175
89350,153604
89350,17656
89350,63764
89350,34823
89350,40868
89350,126204
89350,59753
89350,64959
89350,77138
89350,151944
89350,3546
89350,166226
89350,48214
89350,18673
89350,163767
89350,148010
89350,92773
89350,63518
89350,126706
89350,113139
89350,20870
89350,30911
89350,97570
89350,55524
89350,30029
89350,64791
89350,34489
89350,145042
89350,45104
89350,2566
89350,40987
89350,49974
43385,128482
43385,60588
43385,153672
43385,40326
43385,112771
43385,63730
43385,137193
43385,105137
43385,120819
43385,75128
43385,158302
43385,48047
43385,61125
43385,63764
43385,90364
43385,79037
43385,40665
43385,40868
43385,96285
43385,102569
43385,59753
43385,125577
43385,134649
43385,120928
43385,90637
43385,102590
43385,84226
43385,110351
43385,151944
43385,32546
43385,109885
43385,54993
43385,130085
43385,67364
43385,145424
43385,81162
43385,109765
43385,123548
43385,152365
43385,55524
43385,79691
43385,112599
43385,106715
43385,131101
43385,1479
43385,26475
43385,88775
43385,150787
43385,136349
43385,67122
43385,1189
43385,47096
43385,96676
43385,72196
43385,42326
43385,59791
43385,113708
43385,157072
43385,165440
43385,76702
43385,112906
43385,58658
43385,148452
43385,155354
43385,21970
43385,117880
43385,160296
43385,53165
43385,69319
43385,100277
43385,151550
43385,59868
43385,6684
43385,83815
43385,60424
43385,10401
43385,103719
43385,104145
43385,94703
43385,134439
43385,61645
43385,167299
43385,66845
43385,147892
43385,92825
43385,167006
43385,48667
43385,153236
43385,97970
43385,40987
43385,56454
43385,149704
43385,33798
43385,61316
43385,61030
43385,6850
43385,128662
43385,106070
43385,28392
43385,95797
43385,976
43385,55530
43385,67203
43385,153573
43385,116939
43385,35447
43385,11968
43385,162124
43385,127813
43385,95973
43385,29740
43385,5414
43385,52779
43385,138010
43385,67808
43385,27357
43385,31157
43385,32385
43385,108599
43385,23832
43385,120517
43385,144094
43385,45306
43385,29941
43385,22238
43385,111395
43385,159342
43385,138848
43385,50549
43385,114235
43385,48283
43385,88221
43385,117006
43385,124314
43385,11217
43385,57872
43385,34930
43385,43244
43385,106484
43385,84440
43385,115223
43385,161171
43385,125904
43385,156187
43385,34085
43385,26813
43385,115708
43385,111749
43385,4890
43385,90407
43385,124231
43385,20825
43385,15999
43385,146373
43385,101376
43385,86089
43385,11171
43385,77110
43385,2773
43385,2721
43385,75092
43385,164520
43385,113373
43385,58803
43385,125266
43385,111970
43385,25633
43385,13542
43385,92627
43385,54771
43385,107606
43385,129977
43385,140514
43385,14301
43385,34594
43385,93591
43385,4129
43385,17712
43385,16044
43385,29789
43385,160215
43385,37586
43385,86549
43385,106177
43385,103090
43385,81623
43385,21966
43385,137817
103193,125642
103193,58773
103193,110345
103193,60931
103193,113139
103193,40533
103193,126204
103193,5303
103193,151944
103193,130028
103193,76278
103193,145847
103193,149870
103193,164205
103193,10627
103193,137817
97570,95697
97570,159097
97570,70518
97570,100028
97570,152296
97570,21003
97570,86321
97570,89069
97570,163650
97570,105992
97570,68078
97570,37963
97570,72568
97570,68865
97570,98175
97570,120462
97570,158302
97570,138920
97570,34625
97570,48047
97570,153604
97570,144099
97570,86266
97570,34823
97570,79037
97570,40868
97570,126204
97570,102569
97570,113048
97570,71308
97570,64959
97570,118227
97570,12481
97570,41078
97570,112373
97570,149870
97570,151944
97570,37297
97570,3546
97570,17082
97570,63518
97570,126706
97570,72974
97570,6927
97570,102909
97570,113139
97570,134560
97570,64622
97570,98533
97570,45213
97570,165493
97570,108508
97570,106715
97570,49222
97570,66807
97570,36512
97570,738
97570,18169
97570,136674
97570,31053
97570,5394
97570,125575
97570,30029
97570,40080
97570,7646
97570,139857
97570,83074
97570,117010
97570,60740
97570,15429
97570,54069
97570,41660
97570,36447
97570,144801
97570,154291
97570,2420
97570,134415
97570,59059
97570,145979
97570,33798
97570,136679
97570,8430
97570,73625
97570,162332
97570,38588
97570,72171
97570,109338
97570,81089
97570,93354
97570,154357
97570,13480
97570,159314
97570,9945
97570,50663
97570,15901
97570,2721
97570,55524
97570,48368
97570,6684
97570,60424
97570,92825
97570,26453
97570,95023
97570,76283
97570,114108
97570,163270
97570,158908
97570,115223
97570,164385
97570,13071
97570,46588
97570,64869
97570,91510
97570,142721
97570,65586
97570,35556
97570,93842
97570,168106
97570,67426
97570,94936
97570,108728
97570,55743
97570,142512
97570,19265
97570,160215
97570,73739
97570,9145
97570,769
97570,142681
97570,77592
97570,54392
97570,84072
97570,855
97570,95797
97570,7469
97570,133671
97570,76522
97570,44742
97570,96163
97570,98653
97570,79534
97570,26475
97570,161415
97570,58721
97570,45955
97570,25865
97570,29941
97570,151218
97570,120979
97570,118838
97570,155195
97570,1373
97570,17995
97570,100208
97570,30892
97570,132517
97570,64066
97570,93455
97570,160734
97570,59868
97570,79006
97570,52042
97570,90407
97570,47096
97570,7800
97570,9758
97570,140731
97570,98308
97570,110636
97570,53288
97570,145111
97570,27357
97570,130028
97570,126603
97570,94137
97570,140201
97570,67808
97570,30038
97570,52328
97570,101121
97570,148563
97570,29740
97570,144418
97570,153918
97570,156611
97570,34594
97570,60379
97570,157845
97570,81715
97570,146373
97570,156187
97570,81040
97570,93591
97570,83848
97570,31748
97570,153961
97570,152460
97570,66787
82544,125430
82544,155127
82544,95697
82544,58773
82544,110345
82544,152296
82544,153672
82544,40326
82544,85822
82544,55261
82544,68865
82544,34625
82544,153604
82544,17656
82544,151944
82544,145847
82544,134560
82544,122761
82544,40078
82544,81162
82544,8430
82544,13071
82544,1189
82544,95301
82544,93591
82544,142280
82544,24948
82544,40080
82544,140333
82544,15429
82544,125370
82544,9914
82544,39730
82544,45955
82544,104558
82544,147230
82544,88034
82544,8585
82544,112131
82544,89011
82544,122295
82544,157308
82544,39894
82544,31019
82544,42448
82544,109338
82544,137817
74986,155127
74986,125642
74986,146733
74986,58773
74986,32338
74986,110345
74986,60588
74986,152296
74986,21003
74986,153672
74986,112771
74986,89069
74986,120819
74986,158302
74986,17656
74986,141561
74986,120928
74986,29391
74986,118227
74986,12481
74986,129896
74986,84226
74986,151944
74986,37297
74986,63518
74986,27887
74986,60420
74986,115814
74986,12684
74986,50663
86549,146733
86549,100028
86549,21003
86549,89069
86549,105992
86549,158302
86549,138920
86549,141561
86549,12481
86549,84226
86549,63518
86549,10627
86549,20870
86549,60909
86549,109765
86549,8430
86549,60740
86549,26475
86549,157106
86549,130028
86549,26453
86549,31716
86549,150584
86549,138267
86549,100277
86549,126711
86549,161171
163776,125642
163776,110345
163776,60588
163776,105992
163776,120819
163776,40868
163776,113048
163776,84226
163776,151944
163776,154716
163776,60834
163776,109765
163776,79006
163776,96676
163776,160215
163776,114516
157308,125642
157308,123076
157308,100028
157308,78367
157308,85822
157308,129396
157308,104492
157308,153604
157308,151944
157308,109885
157308,148276
157308,8430
157308,157106
157308,142280
157308,8585
157308,89011
157308,132625
17276,125642
17276,146733
17276,100028
17276,60588
17276,152296
17276,21003
17276,63730
17276,74908
17276,86321
17276,89069
17276,17147
17276,137193
17276,37963
17276,72568
17276,158302
17276,141561
17276,86266
17276,34823
17276,79037
17276,40868
17276,126204
17276,102569
17276,113048
17276,117043
17276,29391
17276,129896
17276,81304
17276,84226
17276,110351
17276,151944
17276,129378
17276,22941
17276,72974
17276,93032
17276,162374
17276,98533
17276,91221
17276,145424
17276,76702
17276,112599
17276,112906
17276,148452
17276,168012
17276,125370
17276,124314
17276,71825
17276,66845
17276,1189
17276,26453
17276,131213
17276,93354
17276,50663
17276,79006
17276,147230
17276,79691
17276,130302
17276,135726
17276,13071
17276,134415
17276,105634
17276,29789
17276,22866
17276,54139
17276,40987
17276,60922
17276,61645
17276,147892
17276,160946
17276,116842
17276,154515
17276,92653
17276,8430
17276,91382
17276,95301
17276,109765
17276,96831
17276,115666
17276,162124
17276,86704
17276,126865
17276,92530
17276,142280
17276,116442
17276,39894
17276,31019
17276,152460
17276,14765
17276,123548
17276,130028
17276,131257
17276,55524
17276,26475
17276,132985
17276,161415
53288,125642
53288,110345
53288,60588
53288,78367
53288,86321
53288,129396
53288,104492
53288,151944
53288,5303
53288,148276
53288,72974
53288,102909
53288,151510
53288,157106
53288,7659
53288,29142
53288,917
53288,102345
53288,15429
53288,41660
53288,80832
53288,24323
53288,126711
53288,159777
53288,68629
53288,130028
53288,62330
111395,32338
111395,152296
111395,89069
111395,68865
111395,29391
111395,123832
111395,48214
111395,134560
111395,16813
111395,73625
111395,59868
111395,74889
111395,77039
28704,155127
28704,146733
28704,32338
28704,110345
28704,152296
28704,21003
28704,40326
28704,86321
28704,89069
28704,163650
28704,164792
28704,47245
28704,68865
28704,120462
28704,158302
28704,138920
28704,34823
28704,66097
28704,126204
28704,102569
28704,113048
28704,117043
28704,134649
28704,118227
28704,12481
28704,102590
28704,143423
28704,165493
28704,106715
28704,131101
28704,18169
28704,140207
28704,112558
28704,112906
28704,117010
28704,106397
28704,60834
28704,69319
28704,26813
28704,23076
28704,31748
28704,10627
28704,98663
28704,122037
28704,26453
28704,157280
28704,115814
28704,64791
28704,161171
28704,75004
28704,134695
28704,55524
28704,113094
28704,30038
28704,11171
28704,29941
28704,95973
28704,156611
28704,112179
28704,25459
28704,16813
28704,25633
28704,2367
28704,9145
28704,152805
28704,110351
28704,65235
28704,114235
28704,109765
28704,151550
28704,51776
28704,167006
28704,89299
28704,48214
28704,26475
28704,151944
28704,140201
28704,150787
28704,65086
28704,164520
28704,84226
135726,57532
135726,100028
135726,110345
135726,60588
135726,152296
135726,40326
135726,78367
135726,86321
135726,89069
135726,163650
135726,132759
135726,137193
135726,129396
135726,55261
135726,68865
135726,98175
135726,40868
135726,149870
135726,167147
135726,84226
135726,110351
135726,151944
135726,91040
135726,60834
135726,76829
135726,126706
135726,89299
135726,40078
135726,23586
135726,81162
135726,106397
135726,8430
135726,123548
135726,150787
135726,64791
135726,1189
135726,96676
135726,125904
135726,21966
135726,27887
135726,139980
135726,140514
135726,145042
135726,2773
135726,855
135726,55406
135726,49222
135726,160946
135726,25142
135726,14469
135726,100018
135726,54669
135726,146373
135726,55743
135726,105634
135726,89011
135726,28185
135726,55530
135726,15999
67951,95914
67951,155127
67951,125642
67951,146733
67951,58773
67951,100028
67951,110345
67951,60588
67951,152296
67951,68865
67951,34625
67951,141561
67951,86266
67951,40868
67951,64959
67951,29391
67951,102590
67951,151944
67951,37297
67951,109885
67951,17082
67951,166226
67951,89299
67951,10627
67951,23586
67951,109765
67951,8430
67951,123548
67951,30029
67951,26475
67951,147892
67951,45319
67951,155354
67951,21970
67951,69319
67951,161171
67951,45306
37963,95914
37963,125642
37963,110345
37963,21003
37963,89069
37963,105992
37963,166910
37963,106715
37963,56306
37963,30029
37963,76702
37963,102345
37963,54959
37963,112599
37963,112906
37963,139857
37963,50821
37963,168012
37963,111369
37963,158302
37963,40078
37963,124314
37963,52042
37963,64251
37963,92492
37963,147230
37963,49974
37963,138920
37963,92653
37963,123548
37963,84915
37963,157280
37963,115814
37963,12481
37963,64066
37963,113048
37963,31019
37963,20870
37963,13071
37963,84440
37963,60922
37963,27007
37963,55524
37963,158908
37963,90770
37963,134415
37963,160215
37963,86266
37963,2420
37963,112179
37963,120896
37963,21966
37963,9145
37963,110351
37963,91223
37963,38588
37963,20547
37963,123832
37963,64622
37963,80900
37963,55743
37963,91382
37963,132985
37963,120819
37963,29789
37963,116963
37963,147083
37963,60909
37963,79691
37963,26475
37963,151944
37963,162374
37963,154716
37963,146173
37963,90364
37963,163584
37963,84226
37963,140201
78367,95914
78367,95697
78367,57532
78367,125642
78367,128482
78367,110345
78367,60588
78367,119922
78367,165493
78367,7659
78367,13747
78367,98175
78367,29142
78367,28207
78367,59791
78367,60117
78367,95048
78367,31053
78367,44188
78367,165440
78367,25332
78367,41491
78367,107171
78367,102345
78367,112906
78367,58658
78367,29859
78367,60420
78367,60740
78367,148452
78367,50821
78367,1509
78367,105992
78367,11037
78367,84427
78367,38379
78367,8747
78367,95857
78367,22941
78367,53333
78367,59397
78367,98864
78367,64816
78367,90566
78367,117006
78367,101307
78367,136831
78367,75038
78367,98223
78367,124314
78367,2566
78367,52042
78367,139735
78367,59059
78367,61485
78367,147230
78367,29391
78367,72974
78367,81304
78367,90181
78367,88034
78367,79721
78367,152408
78367,92485
78367,104492
78367,34823
78367,110636
78367,152460
78367,23029
78367,108450
78367,23577
78367,99793
78367,108423
78367,14469
78367,51273
78367,64944
78367,99089
78367,142280
78367,112373
78367,115820
78367,3546
78367,25865
78367,70419
78367,145847
78367,12481
78367,53228
78367,22238
78367,134560
78367,51551
78367,93591
78367,98653
78367,39894
78367,37297
78367,76522
78367,31019
78367,81715
78367,98174
78367,13071
78367,84440
78367,140049
78367,78484
78367,60922
78367,110084
78367,93032
78367,129378
78367,29562
78367,134134
78367,143769
78367,60123
78367,27007
78367,113139
78367,31716
78367,68629
78367,152352
78367,68865
78367,126470
78367,30038
78367,122295
78367,153604
78367,2841
78367,134415
78367,26827
78367,7287
78367,39100
78367,106177
78367,27838
78367,74889
78367,29941
78367,108599
78367,112998
78367,116267
78367,86321
78367,60424
78367,148637
78367,112179
78367,30895
78367,22370
78367,116403
78367,141080
78367,120896
78367,38709
78367,104154
78367,88775
78367,167683
78367,120798
78367,153961
78367,167533
78367,125577
78367,122761
78367,91040
78367,84226
78367,56602
78367,68672
78367,26475
78367,86704
78367,76589
78367,58021
78367,126711
78367,57046
78367,75092
78367,65576
78367,114422
78367,144801
78367,129782
78367,34625
78367,41078
78367,29442
78367,131257
78367,108664
78367,769
78367,7469
78367,131284
78367,7800
78367,138010
78367,148010
78367,140514
78367,55743
78367,99251
78367,29789
78367,156081
78367,12276
78367,8585
78367,79691
78367,60909
78367,21966
78367,39612
78367,63155
78367,159777
78367,25831
78367,108728
78367,142681
78367,9145
78367,54392
78367,105634
78367,155499
78367,91382
78367,19759
78367,163650
78367,130321
78367,39757
78367,129396
78367,89069
78367,77138
78367,97010
78367,102909
78367,163584
78367,34489
78367,167147
78367,151944
78367,149949
78367,67426
78367,2884
78367,126706
78367,154515
78367,153573
78367,166226
78367,160734
78367,45306
78367,145111
78367,53092
78367,130028
78367,73984
78367,133917
78367,122959
78367,111254
78367,151510
78367,83848
134415,155127
134415,125642
134415,32338
134415,110345
134415,60588
134415,152296
134415,86321
134415,72568
134415,34625
134415,153604
134415,86266
134415,167147
134415,151944
134415,64791
134415,79006
134415,115814
134415,116963
25831,125642
25831,110345
25831,60588
25831,40326
25831,85822
25831,129396
25831,120462
25831,138920
25831,40868
25831,71308
25831,149870
25831,151944
25831,76829
25831,58021
25831,25142
25831,164205
60909,155127
60909,125642
60909,146733
60909,32338
60909,110345
60909,60588
60909,152296
60909,89069
60909,55261
60909,68865
60909,158302
60909,104492
60909,153604
60909,141561
60909,86266
60909,29391
60909,118227
60909,12481
60909,149870
60909,84226
60909,110351
60909,151944
60909,17082
60909,64622
60909,151510
60909,16813
60909,66807
60909,41526
60909,139857
60909,111369
60909,147230
60909,133671
60909,88034
60909,79534
60909,30895
60909,9145
60909,157106
60909,7469
60909,39757
60909,73732
60909,130028
60909,154515
60909,91713
60909,145111
126204,95914
126204,159097
126204,70518
126204,110345
126204,60588
126204,21003
126204,89069
126204,163650
126204,17147
126204,105992
126204,47245
126204,6357
126204,68865
126204,98175
126204,120462
126204,158302
126204,138920
126204,34625
126204,48047
126204,153604
126204,141561
126204,90364
126204,34823
126204,79037
126204,49210
126204,106715
126204,96285
126204,54927
126204,49222
126204,35157
126204,74628
126204,30029
126204,92773
126204,54959
126204,40180
126204,112599
126204,90637
126204,7646
126204,60931
126204,139857
126204,60420
126204,155354
126204,60834
126204,117880
126204,84063
126204,54605
126204,79678
126204,31748
126204,50870
126204,135162
126204,10627
126204,98663
126204,146373
126204,71308
126204,79006
126204,40533
126204,72974
126204,103111
126204,88034
126204,118227
126204,2721
126204,164205
126204,44742
126204,67203
126204,152460
126204,135895
126204,64959
126204,157280
126204,112373
126204,9945
126204,145847
126204,76462
126204,103961
126204,76278
126204,12481
126204,46588
126204,134560
126204,140731
126204,161476
126204,85037
126204,155794
126204,19265
126204,95301
126204,113048
126204,131213
126204,76283
126204,99323
126204,84440
126204,75004
126204,113139
126204,102569
126204,113094
126204,152043
126204,2841
126204,160215
126204,72906
126204,144816
126204,60424
126204,56512
126204,2420
126204,23586
126204,20078
126204,154357
126204,16813
126204,117043
126204,134649
126204,76902
126204,147892
126204,131992
126204,140201
126204,155195
126204,15383
126204,26475
126204,43191
126204,55948
126204,62655
126204,109765
126204,126706
126204,150787
126204,162147
126204,111205
126204,109338
126204,59753
126204,93354
126204,110351
126204,145111
126204,34489
126204,160964
126204,111749
126204,94137
126204,13480
126204,156345
126204,151944
126204,91713
126204,157106
126204,155927
126204,54392
126204,60379
126204,148010
126204,133868
79691,125642
79691,146733
79691,100028
79691,110345
79691,60588
79691,152296
79691,21003
79691,86321
79691,89069
79691,105137
79691,120819
79691,68865
79691,120462
79691,158302
79691,138920
79691,17656
79691,141561
79691,90364
79691,34823
79691,79037
79691,40868
79691,102569
79691,113048
79691,117043
79691,134649
79691,120928
79691,64959
79691,29391
79691,12481
79691,84226
79691,110351
79691,154716
79691,92773
79691,16813
79691,10627
79691,40078
79691,145424
79691,23586
79691,92653
79691,109765
79691,8430
79691,123548
79691,132985
79691,99333
79691,153031
79691,30029
79691,76702
79691,112599
79691,112906
79691,111369
79691,31748
79691,100208
79691,92492
79691,147230
79691,73739
79691,49974
79691,55406
79691,164205
79691,161415
79691,157280
79691,48283
79691,115814
79691,19265
79691,64066
79691,60922
79691,92530
79691,147721
79691,152352
79691,113094
79691,90770
79691,11171
79691,160215
79691,142902
79691,2420
79691,104558
79691,120979
79691,114516
79691,21966
79691,105634
79691,74013
79691,38588
79691,91382
79691,29789
79691,45187
79691,30892
79691,116963
79691,26475
79691,147083
79691,45306
79691,146173
135895,95914
135895,155127
135895,57532
135895,125642
135895,21003
135895,163650
135895,105992
135895,68078
135895,68865
135895,120462
135895,158302
135895,144099
135895,90364
135895,40868
135895,102569
135895,113048
135895,71308
135895,59753
135895,112373
135895,151944
135895,109885
135895,84427
135895,148010
135895,154716
135895,58021
135895,62655
135895,6927
135895,10627
135895,40078
135895,23586
135895,60740
135895,30029
135895,52328
135895,47096
135895,34489
135895,95301
135895,2721
135895,5998
135895,31748
135895,100277
135895,146373
135895,164205
135895,59868
135895,8585
135895,76902
135895,140731
135895,92530
135895,157280
135895,14765
135895,115814
29562,125642
29562,32338
29562,110345
29562,60588
29562,74908
29562,86321
29562,132759
29562,47245
29562,68078
29562,120819
29562,34625
29562,153604
29562,17656
29562,86266
29562,34823
29562,40868
29562,110351
29562,151944
29562,60834
29562,6927
29562,130085
29562,107508
29562,122761
29562,43766
29562,95857
29562,77110
29562,40078
29562,79006
29562,165182
29562,109765
29562,160215
29562,108133
29562,167533
29562,55524
151944,125430
151944,95914
151944,155127
151944,122269
151944,95697
151944,159097
151944,57532
151944,125642
151944,123076
151944,70518
151944,146733
151944,58773
151944,100028
151944,110345
151944,60588
151944,152296
151944,21003
151944,119922
151944,113219
151944,74908
151944,86321
151944,89069
151944,163650
151944,164792
151944,132759
151944,17147
151944,54023
151944,85822
151944,105992
151944,166910
151944,2580
151944,47245
151944,129396
151944,6357
151944,55261
151944,21032
151944,68078
151944,72568
151944,68865
151944,98175
151944,63155
151944,120462
151944,23608
151944,158302
151944,138920
151944,104492
151944,34625
151944,153604
151944,141561
151944,144099
151944,86266
151944,34823
151944,49210
151944,66097
151944,102569
151944,113048
151944,71308
151944,117043
151944,64959
151944,29391
151944,118227
151944,12481
151944,41078
151944,103111
151944,132183
151944,112373
151944,54391
151944,120798
151944,149870
151944,77138
151944,143423
151944,81304
151944,167147
151944,45213
151944,113039
151944,83761
151944,165493
151944,139365
151944,108508
151944,92133
151944,7659
151944,13747
151944,123402
151944,106715
151944,10130
151944,142072
151944,112129
151944,40299
151944,29142
151944,39733
151944,28207
151944,54927
151944,49222
151944,31270
151944,81033
151944,50884
151944,142304
151944,35157
151944,59587
151944,54386
151944,917
151944,76044
151944,66807
151944,60117
151944,56306
151944,153264
151944,137429
151944,36512
151944,95048
151944,738
151944,45319
151944,136553
151944,18169
151944,99333
151944,153883
151944,99162
151944,9913
151944,136674
151944,31053
151944,44188
151944,90904
151944,283
151944,2184
151944,102720
151944,24948
151944,153031
151944,74628
151944,140207
151944,79883
151944,5394
151944,125575
151944,95889
151944,60017
151944,30029
151944,26290
151944,41526
151944,25332
151944,101825
151944,41491
151944,40080
151944,92773
151944,159035
151944,9127
151944,107171
151944,102403
151944,102960
151944,102345
151944,54959
151944,40180
151944,112558
151944,112599
151944,80708
151944,53391
151944,113344
151944,63490
151944,141888
151944,32537
151944,7646
151944,60931
151944,49490
151944,127907
151944,59120
151944,140333
151944,116574
151944,5998
151944,139857
151944,61216
151944,148537
151944,534
151944,14293
151944,131390
151944,86455
151944,147908
151944,73736
151944,150584
151944,63645
151944,58082
151944,83074
151944,117010
151944,106397
151944,27607
151944,29859
151944,72034
151944,60420
151944,138267
151944,24615
151944,70259
151944,154407
151944,60740
151944,15429
151944,136039
151944,50821
151944,79605
151944,150745
151944,21970
151944,60834
151944,8769
151944,1509
151944,6938
151944,17082
151944,148688
151944,12306
151944,63518
151944,11037
151944,84427
151944,3154
151944,38379
151944,83057
151944,95434
151944,8747
151944,15192
151944,6927
151944,168012
151944,54069
151944,95857
151944,22941
151944,84063
151944,56919
151944,41660
151944,120128
151944,23315
151944,45104
151944,70964
151944,33818
151944,54605
151944,146242
151944,53333
151944,125370
151944,111369
151944,79678
151944,145773
151944,142399
151944,110085
151944,59397
151944,98864
151944,36447
151944,58129
151944,81234
151944,64816
151944,90566
151944,135893
151944,98533
151944,131038
151944,23076
151944,72740
151944,924
151944,120648
151944,101307
151944,800
151944,136831
151944,32322
151944,31748
151944,50870
151944,75038
151944,40078
151944,162332
151944,39730
151944,18311
151944,98223
151944,124314
151944,141533
151944,77423
151944,66391
151944,135162
151944,148199
151944,106427
151944,163004
151944,7295
151944,2566
151944,101121
151944,14424
151944,1373
151944,100208
151944,451
151944,120117
151944,10627
151944,52042
151944,46756
151944,67591
151944,98663
151944,122037
151944,139735
151944,67398
151944,134800
151944,59059
151944,19470
151944,38432
151944,84077
151944,65714
151944,42711
151944,72405
151944,83656
151944,35250
151944,117505
151944,100532
151944,57561
151944,72504
151944,89011
151944,159314
151944,36642
151944,49209
151944,64251
151944,6684
151944,92492
151944,61485
151944,54771
151944,86444
151944,9758
151944,146373
151944,153834
151944,126603
151944,21367
151944,40744
151944,147230
151944,95797
151944,80832
151944,70987
151944,73739
151944,49974
151944,90426
151944,111924
151944,140488
151944,28185
151944,15901
151944,62330
151944,152570
151944,45018
151944,89504
151944,133212
151944,133671
151944,32850
151944,79006
151944,129799
151944,40533
151944,72974
151944,14562
151944,90181
151944,163788
151944,92653
151944,9282
151944,87244
151944,165151
151944,88034
151944,53737
151944,87061
151944,66454
151944,79721
151944,64869
151944,39636
151944,2721
151944,26453
151944,152408
151944,55406
151944,92485
151944,164205
151944,44742
151944,161415
151944,110636
151944,152460
151944,142864
151944,144418
151944,151111
151944,23029
151944,108450
151944,115666
151944,23577
151944,75676
151944,97782
151944,58556
151944,84915
151944,95489
151944,40908
151944,5709
151944,66714
151944,2957
151944,77039
151944,99793
151944,108423
151944,157280
151944,163767
151944,14469
151944,51273
151944,118162
151944,64944
151944,18673
151944,99089
151944,115814
151944,142280
151944,54669
151944,115820
151944,90192
151944,2842
151944,3546
151944,25865
151944,9945
151944,70419
151944,48129
151944,162529
151944,145847
151944,157334
151944,107823
151944,115184
151944,76462
151944,132517
151944,29783
151944,103961
151944,64791
151944,76278
151944,83318
151944,58721
151944,80835
151944,153274
151944,53228
151944,27725
151944,46588
151944,109093
151944,56294
151944,134560
151944,140731
151944,14481
151944,161476
151944,72171
151944,111152
151944,109401
151944,132032
151944,65586
151944,82689
151944,51551
151944,85037
151944,50380
151944,155794
151944,17995
151944,19265
151944,64066
151944,95301
151944,5880
151944,77862
151944,134858
151944,98653
151944,39894
151944,131213
151944,130555
151944,33082
151944,80837
151944,76283
151944,79534
151944,37297
151944,114322
151944,62158
151944,99323
151944,76522
151944,31019
151944,29823
151944,5303
151944,165182
151944,122230
151944,106458
151944,81715
151944,106730
151944,98174
151944,148149
151944,20870
151944,13071
151944,84440
151944,140049
151944,78484
151944,60922
151944,109530
151944,92530
151944,110084
151944,131704
151944,57619
151944,25142
151944,93032
151944,75004
151944,129378
151944,167196
151944,21422
151944,134134
151944,162928
151944,51907
151944,143769
151944,60123
151944,165222
151944,104914
151944,102744
151944,139435
151944,27007
151944,113139
151944,157845
151944,41816
151944,38817
151944,31716
151944,94472
151944,134695
151944,55524
151944,158908
151944,154503
151944,91510
151944,147721
151944,168106
151944,68629
151944,107508
151944,152352
151944,17242
151944,113094
151944,88221
151944,126470
151944,138878
151944,30038
151944,48028
151944,152043
151944,90770
151944,122295
151944,114665
151944,104344
151944,128067
151944,127678
151944,140337
151944,153907
151944,142512
151944,153063
151944,94508
151944,2841
151944,76829
151944,97391
151944,142721
151944,26827
151944,160215
151944,167145
151944,73988
151944,103454
151944,10494
151944,145042
151944,125904
151944,7287
151944,39100
151944,98809
151944,27838
151944,22866
151944,57375
151944,74889
151944,131219
151944,16224
151944,146116
151944,45955
151944,66787
151944,10730
151944,126501
151944,162743
151944,91421
151944,7970
151944,103063
151944,72906
151944,4514
151944,112998
151944,144816
151944,124101
151944,156611
151944,116267
151944,142902
151944,132625
151944,73625
151944,116442
151944,113427
151944,60424
151944,120320
151944,56512
151944,84072
151944,148637
151944,2420
151944,112179
151944,30895
151944,12684
151944,22370
151944,14438
151944,28889
151944,116403
151944,166704
151944,112131
151944,148276
151944,104558
151944,25459
151944,35536
151944,141080
151944,162309
151944,120896
151944,8430
151944,153601
151944,38709
151944,23586
151944,20078
151944,128104
151944,154357
151944,104154
151944,65168
151944,83964
151944,163270
151944,16813
151944,108133
151944,167683
151944,120979
151944,54139
151944,114516
151944,153961
151944,167533
151944,130492
151944,13542
151944,44345
151944,158355
151944,76902
151944,74370
151944,122761
151944,27887
151944,2367
151944,88395
151944,21966
151944,129782
151944,70337
151944,93347
151944,35556
151944,9145
151944,108728
151944,142681
151944,96831
151944,152805
151944,98781
151944,133917
151944,150723
151944,769
151944,151218
151944,105634
151944,136679
151944,64233
151944,24323
151944,158128
151944,117960
151944,116613
151944,73314
151944,127530
151944,102909
151944,123452
151944,36850
151944,137024
151944,151137
151944,118838
151944,99936
151944,149949
151944,155499
151944,65235
151944,148563
151944,2884
151944,54392
151944,46342
151944,126459
151944,74013
151944,91658
151944,122959
151944,91223
151944,70651
151944,166202
151944,157106
151944,38588
151944,58962
151944,20547
151944,165874
151944,107560
151944,90374
151944,6083
151944,91221
151944,68672
151944,155927
151944,123832
151944,67032
151944,55948
151944,29442
151944,71825
151944,58021
151944,82756
151944,120107
151944,65576
151944,40783
151944,100018
151944,109765
151944,50663
151944,108664
151944,141960
151944,131991
151944,94936
151944,7469
151944,12276
151944,43766
151944,123526
151944,95267
151944,20954
151944,53637
151944,8585
151944,52882
151944,149445
151944,95023
151944,98308
151944,64622
151944,57872
151944,80900
151944,48368
151944,55743
151944,73984
151944,159777
151944,89462
151944,91382
151944,114108
151944,46131
151944,127944
151944,132985
151944,97010
151944,147713
151944,144602
151944,103992
151944,39757
151944,111254
151944,73732
151944,126865
151944,80397
151944,145424
151944,163584
151944,45187
151944,103196
151944,92199
151944,103090
151944,130302
151944,164385
151944,48214
151944,30892
151944,3946
151944,58905
151944,51776
151944,160946
151944,96163
151944,116963
151944,62655
151944,78364
151944,39612
151944,94137
151944,140201
151944,132643
151944,155195
151944,81040
151944,44577
151944,7800
151944,155608
151944,14765
151944,131992
151944,138377
151944,67426
151944,164398
151944,137333
151944,76589
151944,91040
151944,156345
151944,103668
151944,52328
151944,9914
151944,38208
151944,144801
151944,126706
151944,51175
151944,105141
151944,93455
151944,41885
151944,154716
151944,153918
151944,19759
151944,147083
151944,166226
151944,15383
151944,54911
151944,126711
151944,145979
151944,60379
151944,160964
151944,57046
151944,156081
151944,43970
151944,163082
151944,117013
151944,93842
151944,154515
151944,6825
151944,99251
151944,151510
151944,95513
151944,9324
151944,130321
151944,42448
151944,127069
151944,68450
151944,145111
151944,106244
151944,37420
151944,160734
151944,167091
151944,27381
151944,77592
151944,68904
151944,91713
151944,134384
151944,115930
151944,154291
151944,86704
151944,162374
151944,162147
151944,111205
151944,65086
151944,120218
151944,855
151944,39592
151944,116842
151944,77137
151944,80510
151944,93354
151944,114118
151944,114422
151944,25022
151944,166877
151944,83848
151944,89299
151944,148010
151944,59298
151944,43191
151944,161681
151944,92292
151944,130638
151944,50705
151944,113763
151944,111465
151944,34489
151944,131284
151944,133868
151944,53092
151944,13480
151944,157091
151944,124409
151944,77799
151944,81089
151944,130028
151944,131257
151944,146173
151944,100649
151944,109338
151944,131692
151944,56602
2580,132759
2580,72568
2580,30029
2580,79721
2580,164205
2580,64959
2580,102569
2580,68865
2580,90364
2580,167147
34594,95914
34594,155127
34594,159097
34594,32338
34594,152296
34594,85822
34594,55261
34594,68865
34594,149870
34594,37297
34594,72974
34594,60379
34594,49222
55948,125642
55948,123076
55948,110345
55948,152296
55948,132759
55948,85822
55948,55261
55948,75128
55948,120462
55948,34625
55948,63764
55948,86266
55948,34823
55948,40868
55948,49210
55948,102569
55948,113048
55948,64959
55948,167147
55948,92773
55948,89299
55948,60931
55948,79721
55948,10627
55948,106397
55948,76462
55948,95301
55948,14481
55948,152043
55948,97010
73625,125430
73625,95697
73625,32338
73625,89069
73625,166910
73625,68078
73625,138920
73625,153604
73625,141561
73625,79037
73625,40868
73625,49210
73625,113048
73625,12481
73625,102590
73625,103111
73625,166877
73625,166226
73625,48214
73625,5303
73625,93032
73625,162374
73625,163584
73625,134560
73625,151510
73625,16813
73625,14293
73625,92653
73625,13071
73625,52042
73625,42326
73625,102720
73625,41526
73625,139857
73625,61216
73625,86455
73625,29859
73625,21970
73625,75038
73625,162332
73625,120117
73625,134800
73625,61485
73625,9758
73625,147230
73625,49974
73625,133212
73625,163788
73625,26453
73625,152460
73625,108450
73625,23577
73625,97782
73625,118162
73625,115814
73625,132517
73625,58721
73625,46588
73625,22238
73625,85037
73625,64066
73625,79534
73625,31019
73625,84440
73625,57619
73625,75004
73625,68629
73625,113094
73625,90770
73625,122295
73625,73988
73625,29941
73625,126501
73625,103063
73625,109338
73625,120979
73625,159777
73625,57046
73625,108133
73625,136679
73625,91713
73625,130492
73625,93354
73625,21966
73625,53092
73625,130028
73625,50663
73625,95023
73625,74013
73625,9914
73625,55743
73625,9145
73625,25459
73625,855
73625,146173
73625,96163
73625,81089
73625,58962
120320,85822
120320,62655
120320,26475
120320,157106
120320,96676
120320,114665
126706,155127
126706,122269
126706,57532
126706,125642
126706,70518
126706,100028
126706,110345
126706,21003
126706,89069
126706,163650
126706,17147
126706,105992
126706,47245
126706,68078
126706,68865
126706,98175
126706,158302
126706,138920
126706,34625
126706,153604
126706,34823
126706,102569
126706,113048
126706,71308
126706,29391
126706,12481
126706,103111
126706,167147
126706,110351
126706,91040
126706,17082
126706,166226
126706,84427
126706,163767
126706,148010
126706,92773
126706,135162
126706,163004
126706,45213
126706,165493
126706,738
126706,136674
126706,60017
126706,61216
126706,138267
126706,154407
126706,22941
126706,111369
126706,36447
126706,31748
126706,66391
126706,120117
126706,98663
126706,153834
126706,40744
126706,111924
126706,72974
126706,26453
126706,152408
126706,84915
126706,157280
126706,145847
126706,107823
126706,46588
126706,140731
126706,51551
126706,64066
126706,79534
126706,13071
126706,84440
126706,60922
126706,92530
126706,93032
126706,162928
126706,27007
126706,113139
126706,158908
126706,154503
126706,107508
126706,122295
126706,45955
126706,112998
126706,113427
126706,112179
126706,22370
126706,104558
126706,20078
126706,153961
126706,27887
126706,129782
126706,70337
126706,9145
126706,769
126706,151218
126706,151137
126706,153573
126706,46342
126706,65576
126706,50663
126706,7469
126706,64622
126706,159777
126706,91382
126706,132985
126706,29789
126706,163584
126706,160946
126706,96163
126706,62655
126706,155195
126706,81040
126706,103668
126706,130028
126706,26475
126706,34489
126706,150787
126706,81089
126706,9324
126706,131284
126706,65086
126706,99251
126706,144801
126706,19759
126706,162374
126706,109338
126706,145979
78364,155127
78364,58773
78364,32338
78364,110345
78364,60588
78364,152296
78364,21003
78364,85822
78364,55261
78364,72568
78364,23608
78364,158302
78364,138920
78364,144099
78364,40665
78364,40868
78364,120928
78364,12481
78364,112373
78364,84226
78364,109885
78364,17082
78364,84427
78364,48214
78364,89299
78364,66807
78364,27887
78364,2721
78364,140731
78364,15192
78364,60017
78364,92199
21966,95914
21966,155127
21966,57532
21966,125642
21966,110345
21966,60588
21966,152296
21966,21003
21966,63730
21966,89069
21966,132759
21966,105992
21966,55261
21966,72568
21966,120819
21966,68865
21966,63155
21966,120462
21966,34625
21966,141561
21966,34823
21966,79037
21966,40868
21966,102569
21966,117043
21966,29391
21966,84226
21966,110351
21966,166877
21966,89299
21966,40078
21966,145424
21966,23586
21966,106397
21966,109765
21966,8430
21966,55524
21966,30029
21966,112599
21966,26475
21966,3946
21966,67122
21966,1189
21966,112906
21966,87244
21966,79534
21966,158908
21966,30038
21966,74889
21966,114516
21966,76902
21966,130302
21966,129977
21966,55743
21966,130028
21966,116963
21966,29789
40868,122269
40868,95697
40868,57532
40868,125642
40868,123076
40868,146733
40868,110345
40868,60588
40868,152296
40868,40326
40868,63730
40868,74908
40868,86321
40868,89069
40868,163650
40868,55261
40868,68078
40868,120819
40868,63155
40868,158302
40868,138920
40868,34625
40868,153604
40868,141561
40868,61125
40868,113039
40868,42326
40868,165493
40868,142072
40868,59791
40868,9913
40868,90904
40868,2184
40868,153031
40868,79883
40868,5394
40868,25332
40868,92773
40868,107171
40868,76702
40868,112599
40868,113344
40868,112906
40868,59120
40868,5998
40868,58658
40868,61216
40868,63645
40868,58082
40868,148452
40868,50821
40868,21970
40868,12306
40868,38379
40868,8747
40868,160296
40868,41660
40868,23315
40868,66097
40868,111369
40868,59397
40868,64816
40868,135893
40868,117006
40868,20825
40868,32546
40868,40078
40868,162332
40868,167299
40868,100208
40868,52042
40868,122037
40868,134800
40868,64251
40868,92492
40868,9758
40868,146373
40868,21367
40868,147230
40868,29391
40868,152570
40868,89504
40868,133671
40868,32850
40868,103111
40868,81304
40868,14562
40868,92653
40868,87244
40868,88034
40868,53737
40868,39636
40868,26453
40868,92485
40868,44742
40868,161415
40868,67203
40868,144418
40868,115666
40868,64959
40868,2957
40868,118162
40868,132517
40868,83318
40868,58721
40868,22238
40868,109401
40868,93591
40868,98653
40868,80837
40868,79534
40868,37297
40868,5303
40868,81715
40868,13071
40868,84440
40868,140049
40868,78484
40868,60922
40868,92530
40868,93032
40868,129378
40868,167196
40868,21422
40868,134134
40868,27357
40868,102744
40868,113139
40868,157845
40868,102569
40868,55524
40868,107508
40868,113094
40868,88221
40868,30038
40868,122295
40868,14301
40868,30911
40868,142512
40868,2841
40868,73988
40868,149870
40868,45955
40868,43244
40868,66787
40868,29941
40868,60424
40868,148637
40868,54993
40868,112179
40868,104558
40868,120896
40868,8430
40868,23586
40868,163270
40868,120979
40868,167533
40868,117043
40868,134649
40868,76902
40868,122761
40868,129782
40868,9145
40868,142681
40868,769
40868,105634
40868,158128
40868,73314
40868,77138
40868,102909
40868,110351
40868,118838
40868,149949
40868,2884
40868,54392
40868,153573
40868,46342
40868,91658
40868,91223
40868,70651
40868,38588
40868,20547
40868,123832
40868,65576
40868,40783
40868,109765
40868,128662
40868,129977
40868,94936
40868,43766
40868,8585
40868,55743
40868,91382
40868,114108
40868,132985
40868,97010
40868,39757
40868,111254
40868,29789
40868,30892
40868,3946
40868,140201
40868,84226
40868,76589
40868,130028
40868,26475
40868,86704
40868,34489
40868,53092
40868,131257
40868,92825
40868,80510
40868,131284
40868,65086
40868,140514
40868,146173
40868,100649
40868,130085
40868,91713
40868,116842
40868,83848
40868,95513
40868,148010
40868,9914
40868,102590
40868,19759
40868,42448
40868,154291
40868,145111
40868,109338
67808,32338
67808,110345
67808,152296
67808,17147
67808,55261
67808,102569
67808,149870
67808,145424
67808,8430
67808,64791
67808,1189
34489,155127
34489,95697
34489,159097
34489,57532
34489,125642
34489,70518
34489,146733
34489,32338
34489,110345
34489,60588
34489,152296
34489,86321
34489,89069
34489,163650
34489,105992
34489,47245
34489,55261
34489,68078
34489,72568
34489,120819
34489,68865
34489,98175
34489,158302
34489,138920
34489,34625
34489,153604
34489,144099
34489,90364
34489,34823
34489,102569
34489,113048
34489,71308
34489,29391
34489,12481
34489,41078
34489,112373
34489,110351
34489,3546
34489,17082
34489,48214
34489,148010
34489,92773
34489,89299
34489,72974
34489,60931
34489,145847
34489,113139
34489,134560
34489,10627
34489,132985
34489,60740
34489,112599
34489,76589
34489,150787
34489,136349
34489,79006
34489,113094
34489,165493
34489,60117
34489,738
34489,18169
34489,31053
34489,40180
34489,112906
34489,15429
34489,111369
34489,110085
34489,98864
34489,135893
34489,31748
34489,148199
34489,101121
34489,98663
34489,42711
34489,126603
34489,40744
34489,45018
34489,86089
34489,44742
34489,144418
34489,151111
34489,83318
34489,46588
34489,65586
34489,76283
34489,84440
34489,134134
34489,27007
34489,158908
34489,154503
34489,90770
34489,128067
34489,2420
34489,104558
34489,25459
34489,35536
34489,154357
34489,151218
34489,73314
34489,36850
34489,118838
34489,54392
34489,46342
34489,38588
34489,20954
34489,140201
34489,155195
34489,131992
34489,67426
34489,130028
34489,59298
34489,80510
34489,109338
34489,9324
34489,127069
34489,116842
34489,130638
34489,68904
34489,60379
66454,110345
66454,60588
66454,152296
66454,17656
66454,167147
66454,92773
66454,43766
50663,125430
50663,155127
50663,95697
50663,159097
50663,100028
50663,110345
50663,152296
50663,40326
50663,86321
50663,89069
50663,55261
50663,104492
50663,141561
50663,149870
50663,84226
50663,148276
50663,72974
50663,109765
50663,8430
50663,64791
50663,79006
50663,96676
50663,25142
50663,114516
50663,140207
50663,39894
50663,76902
40783,146733
40783,58773
40783,100028
40783,32338
40783,110345
40783,60588
40783,152296
40783,63730
40783,89069
40783,132759
40783,68078
40783,120462
40783,138920
40783,141561
40783,86266
40783,34823
40783,79037
40783,29391
40783,54391
40783,77138
40783,81304
40783,92773
40783,76829
40783,16813
40783,10627
40783,109765
40783,8430
40783,132985
40783,156345
40783,26475
40783,140731
40783,50549
40783,45213
40783,92825
40783,42326
40783,50884
40783,77110
40783,31748
40783,95489
40783,115814
40783,31019
40783,60922
40783,152043
40783,159342
40783,60424
40783,9145
40783,105634
40783,136679
40783,46342
40783,126459
40783,111749
40783,154291
40783,15383
40783,124409
138920,95914
138920,95697
138920,159097
138920,57532
138920,146733
138920,100028
138920,32338
138920,110345
138920,60588
138920,152296
138920,21003
138920,86321
138920,89069
138920,163650
138920,105992
138920,47245
138920,68078
138920,120819
138920,68865
138920,158302
138920,42326
138920,165493
138920,108508
138920,96285
138920,49222
138920,18169
138920,99333
138920,5394
138920,60017
138920,30029
138920,112558
138920,112599
138920,112906
138920,61216
138920,86455
138920,117010
138920,106397
138920,29859
138920,60420
138920,60740
138920,50821
138920,60834
138920,17082
138920,84427
138920,15192
138920,54069
138920,41660
138920,120128
138920,69319
138920,54605
138920,66097
138920,110085
138920,36447
138920,98533
138920,23076
138920,31748
138920,40078
138920,124314
138920,100277
138920,63764
138920,120117
138920,10627
138920,52042
138920,98663
138920,57561
138920,146373
138920,40744
138920,29391
138920,49974
138920,111924
138920,116963
138920,72974
138920,131213
138920,163788
138920,8585
138920,141561
138920,154716
138920,2420
138920,129782
138920,118838
138920,167145
138920,34823
138920,105634
138920,140201
138920,19265
138920,122761
138920,60922
138920,110351
138920,26453
138920,95489
138920,26475
138920,43191
138920,151550
138920,109338
138920,149870
138920,136349
138920,154357
138920,165151
138920,160734
138920,59868
138920,102590
138920,91713
138920,23586
138920,20078
138920,156611
138920,46342
138920,154291
138920,65086
138920,130492
138920,34930
138920,103961
138920,25022
138920,92530
138920,53737
138920,16813
138920,113094
138920,13480
138920,163584
138920,120928
138920,45187
138920,118162
138920,111749
138920,84226
138920,83318
138920,2721
138920,134695
138920,55524
138920,79037
138920,74013
138920,76283
138920,104558
138920,144418
138920,93347
138920,38588
138920,13071
138920,29789
138920,17712
138920,22866
138920,55406
138920,152043
138920,102569
138920,142721
138920,35556
138920,167533
138920,20870
138920,90770
138920,42448
138920,161171
138920,103111
138920,113048
138920,142512
138920,93591
138920,76902
138920,9145
138920,162374
138920,79534
138920,118227
138920,48047
138920,25459
138920,115814
138920,60379
138920,166877
138920,75004
138920,94137
138920,148010
138920,113139
138920,162309
138920,75676
138920,134560
138920,152460
138920,70651
138920,157280
138920,12481
138920,155794
138920,84440
138920,153604
138920,58962
138920,114516
138920,163767
138920,132985
158908,95914
158908,159097
158908,125642
158908,123076
158908,146733
158908,100028
158908,32338
158908,110345
158908,60588
158908,152296
158908,40326
158908,85822
158908,105992
158908,120819
158908,34625
158908,59753
158908,77138
158908,81304
158908,167147
158908,37297
158908,84427
158908,148010
158908,148276
158908,72974
158908,6938
158908,153601
158908,106397
158908,8430
158908,106715
158908,60379
158908,49222
158908,2566
162743,63730
162743,85822
162743,55261
162743,102569
162743,149870
162743,167147
162743,62655
162743,8430
162743,64791
162743,96676
20547,155127
20547,159097
20547,57532
20547,146733
20547,58773
20547,32338
20547,60588
20547,40326
20547,74908
20547,89069
20547,105992
20547,68865
20547,153604
20547,34823
20547,29391
20547,129896
20547,84226
20547,84427
20547,48214
20547,92773
20547,63518
20547,56294
20547,113139
20547,60740
20547,23076
20547,69319
20547,64251
20547,144418
20547,115814
20547,113094
20547,138878
20547,96831
20547,160964
20547,131257
20547,116963
13071,95914
13071,155127
13071,159097
13071,57532
13071,125642
13071,146733
13071,58773
13071,32338
13071,110345
13071,60588
13071,152296
13071,153672
13071,112771
13071,113219
13071,86321
13071,89069
13071,54023
13071,85822
13071,105992
13071,129396
13071,55261
13071,68078
13071,120819
13071,68865
13071,34625
13071,17656
13071,141561
13071,86266
13071,34823
13071,29391
13071,149870
13071,77138
13071,129896
13071,84226
13071,37297
13071,91040
13071,166226
13071,84427
13071,48214
13071,163767
13071,148010
13071,92773
13071,117505
13071,76829
13071,63518
13071,56294
13071,163004
13071,148276
13071,89299
13071,72974
13071,162374
13071,6938
13071,109765
13071,8430
13071,49222
13071,84063
13071,125370
13071,31748
13071,124314
13071,122037
13071,42711
13071,64791
13071,112998
13071,139980
13071,166704
13071,60379
13071,90374
13071,97970
13071,6083
53228,155127
53228,122269
53228,57532
53228,125642
53228,123076
53228,32338
53228,110345
53228,60588
53228,152296
53228,21003
53228,89069
53228,120819
53228,34625
53228,29391
53228,77138
53228,129896
53228,167147
53228,84226
53228,166226
53228,84427
53228,148010
53228,92773
53228,60834
53228,72974
53228,16813
53228,6938
53228,52328
53228,124314
53228,2957
53228,153883
53228,48283
53228,104154
53228,59059
53228,108133
53228,97970
37297,95914
37297,159097
37297,57532
37297,125642
37297,70518
37297,146733
37297,32338
37297,110345
37297,60588
37297,152296
37297,21003
37297,89069
37297,141561
37297,49210
37297,66097
37297,102569
37297,12481
37297,102590
37297,143423
37297,45213
37297,165493
37297,106715
37297,49222
37297,50884
37297,56306
37297,36512
37297,90904
37297,5394
37297,60017
37297,92773
37297,107171
37297,102345
37297,7646
37297,138267
37297,40078
37297,66391
37297,1373
37297,100208
37297,52042
37297,19470
37297,126603
37297,40744
37297,70987
37297,73739
37297,15901
37297,133671
37297,26453
37297,92485
37297,44742
37297,110636
37297,152460
37297,144418
37297,115666
37297,157280
37297,33798
37297,132517
37297,103961
37297,58721
37297,64066
37297,79534
37297,35536
37297,116442
37297,145979
37297,36850
37297,76589
37297,92199
37297,48368
37297,114108
37297,29789
37297,142512
37297,111749
37297,9145
37297,142681
37297,76522
37297,129378
37297,3946
37297,31019
37297,56602
37297,96163
37297,131284
37297,60424
37297,5303
37297,160946
37297,7800
37297,86704
37297,43766
37297,113094
37297,145111
37297,27357
37297,94137
37297,140201
37297,71825
37297,29740
37297,91221
37297,153918
37297,98308
37297,60379
37297,132985
37297,81715
37297,39757
37297,97970
37297,126470
37297,83848
37297,122295
37297,113139
37297,50705
37297,66787
60588,125430
60588,95697
60588,159097
60588,125642
60588,128482
60588,146733
60588,100028
60588,32338
60588,110345
60588,143423
60588,42326
60588,165493
60588,139365
60588,108508
60588,92133
60588,7659
60588,106715
60588,142072
60588,98175
60588,59791
60588,49222
60588,50884
60588,113708
60588,40326
60588,60117
60588,95048
60588,738
60588,136553
60588,99333
60588,44188
60588,90904
60588,24948
60588,72568
60588,60017
60588,25332
60588,41491
60588,6357
60588,107171
60588,76702
60588,40180
60588,112599
60588,90637
60588,80708
60588,53391
60588,112906
60588,32537
60588,5998
60588,58658
60588,148537
60588,63645
60588,58082
60588,106397
60588,67122
60588,60420
60588,60740
60588,148452
60588,50821
60588,79605
60588,150745
60588,21970
60588,38379
60588,8747
60588,168012
60588,54069
60588,22941
60588,84063
60588,17656
60588,70964
60588,146242
60588,66097
60588,111369
60588,79678
60588,98864
60588,36447
60588,64816
60588,135893
60588,98533
60588,117006
60588,924
60588,138848
60588,120648
60588,32322
60588,31748
60588,50870
60588,40078
60588,18311
60588,148199
60588,7295
60588,100208
60588,52042
60588,98663
60588,122037
60588,139735
60588,134800
60588,84077
60588,83656
60588,35250
60588,64251
60588,92492
60588,61485
60588,9758
60588,146373
60588,147230
60588,95797
60588,80832
60588,70987
60588,73739
60588,152570
60588,133671
60588,32850
60588,71308
60588,79006
60588,72974
60588,103111
60588,81304
60588,55261
60588,92653
60588,88034
60588,53737
60588,79721
60588,39636
60588,118227
60588,2721
60588,26453
60588,152408
60588,115223
60588,92485
60588,164205
60588,123548
60588,161415
60588,152460
60588,144418
60588,148745
60588,108450
60588,115666
60588,23577
60588,97782
60588,6850
60588,64959
60588,66714
60588,2957
60588,108423
60588,64944
60588,115814
60588,112373
60588,33798
60588,25865
60588,48129
60588,145847
60588,48047
60588,76462
60588,132517
60588,76278
60588,12481
60588,58721
60588,37586
60588,27725
60588,22238
60588,134560
60588,21003
60588,140731
60588,161476
60588,90407
60588,72171
60588,109401
60588,132032
60588,82689
60588,93591
60588,19265
60588,141561
60588,95301
60588,113048
60588,33082
60588,79534
60588,56454
60588,76522
60588,31019
60588,5303
60588,81715
60588,98174
60588,84440
60588,78484
60588,60922
60588,57619
60588,166202
60588,157106
60588,86321
60588,123832
60588,38588
60588,90364
60588,76589
60588,115854
60588,111749
60588,137817
60588,109338
60588,165874
60588,138010
60588,166910
60588,34085
60588,75004
60588,129378
60588,163650
60588,103090
60588,29941
60588,91221
60588,30892
60588,115930
60588,30895
60588,26475
60588,104558
60588,102590
60588,86704
60588,27357
60588,46131
60588,71825
60588,153918
60588,34625
60588,81623
60588,130085
60588,120979
60588,165222
60588,17712
60588,75092
60588,102744
60588,65576
60588,3946
60588,113139
60588,49210
60588,80900
60588,144801
60588,129782
60588,127530
60588,41816
60588,127069
60588,8430
60588,23586
60588,91040
60588,111205
60588,109765
60588,128662
60588,13480
60588,55524
60588,108664
60588,93842
60588,129977
60588,769
60588,25459
60588,80510
60588,131284
60588,100018
60588,60424
60588,114516
60588,4890
60588,107560
60588,12276
60588,43766
60588,140514
60588,113094
60588,117043
60588,88221
60588,126470
60588,100649
60588,30038
60588,102569
60588,60379
60588,90770
60588,29789
60588,43244
60588,76902
60588,73314
60588,146173
60588,122295
60588,114665
60588,59298
60588,8585
60588,122761
60588,116442
60588,27887
60588,152365
60588,128067
60588,11171
60588,93032
60588,48368
60588,2841
60588,55743
60588,26827
60588,156081
60588,9145
60588,142681
60588,160215
60588,54392
60588,79037
60588,73988
60588,111465
60588,133917
60588,140201
60588,150723
60588,151218
60588,105634
60588,116939
60588,91382
60588,29740
60588,64233
60588,124409
60588,44345
60588,120819
60588,29442
60588,27007
60588,39757
60588,162374
60588,73732
60588,16813
60588,116613
60588,132985
60588,89069
60588,43970
60588,142512
60588,36850
60588,110351
60588,92292
60588,145424
60588,45187
60588,118838
60588,149949
60588,131257
60588,120462
60588,152296
60588,68672
60588,112179
60588,5414
60588,68078
60588,2884
60588,147083
60588,153573
60588,132759
60588,54139
60588,91223
60588,7800
60588,160734
60588,162147
60588,67032
60588,145111
60588,130028
60588,94137
60588,74013
60588,144816
60588,144099
60588,156611
60588,148010
60588,122959
60588,111254
60588,83848
60588,116267
60588,70651
60588,84226
163584,146733
163584,58773
163584,100028
163584,32338
163584,110345
163584,163650
163584,105992
163584,55261
163584,120819
163584,158302
163584,48047
163584,90364
163584,79037
163584,90637
163584,120798
163584,149870
163584,167147
163584,84226
163584,84427
163584,163767
163584,148010
163584,60834
163584,56294
163584,72974
163584,62655
163584,58658
163584,106397
163584,67122
163584,162332
163584,164205
163584,151111
163584,64791
163584,85037
163584,1189
163584,75004
163584,103063
163584,8430
163584,27887
163584,96831
163584,40987
163584,156187
163584,116963
163584,153236
163584,26475
107508,57532
107508,125642
107508,146733
107508,110345
107508,152296
107508,40326
107508,164792
107508,158302
107508,90364
107508,102569
107508,134649
107508,112373
107508,84226
107508,154716
107508,65576
107508,84063
107508,36447
107508,40078
107508,100277
107508,146373
107508,152570
107508,53737
107508,108450
107508,40908
107508,118162
107508,83318
107508,37586
107508,85037
107508,93591
107508,31019
107508,60922
107508,73314
107508,147083
107508,27887
107508,22866
107508,126711
107508,54139
107508,90374
107508,86704
107508,122295
107508,140514
107508,161681
107508,113094
107508,39612
107508,131284
37420,125642
37420,110345
37420,129396
37420,29391
37420,149870
37420,77138
37420,6938
37420,8430
142512,95914
142512,159097
142512,146733
142512,32338
142512,110345
142512,152296
142512,21003
142512,89069
142512,55261
142512,68865
142512,34625
142512,141561
142512,34823
142512,29391
142512,84226
142512,166226
142512,48214
142512,92773
142512,72974
142512,16813
142512,8430
142512,96676
142512,97782
142512,27887
142512,60379
142512,152460
142512,54771
160215,146733
160215,163650
160215,137193
160215,158302
160215,48047
160215,141561
160215,90364
160215,79037
160215,66097
160215,102569
160215,113048
160215,59753
160215,125577
160215,134649
160215,120928
160215,64959
160215,90637
160215,29391
160215,12481
160215,102590
160215,103111
160215,132183
160215,64622
160215,10627
160215,145424
160215,109765
160215,8430
160215,132985
160215,55524
160215,112599
160215,106715
160215,451
160215,1479
160215,26475
160215,113094
160215,112906
160215,133671
160215,156187
160215,162124
160215,4890
160215,2721
160215,44742
160215,61645
160215,130302
160215,92825
160215,59868
160215,131257
160215,60017
160215,76702
160215,40180
160215,80708
160215,58658
160215,139857
160215,155354
160215,21970
160215,11037
160215,117880
160215,95434
160215,160296
160215,84063
160215,98864
160215,20825
160215,924
160215,138848
160215,77110
160215,100277
160215,167299
160215,100208
160215,120117
160215,134800
160215,6684
160215,92492
160215,54771
160215,146373
160215,95797
160215,73739
160215,83815
160215,58803
160215,90181
160215,53737
160215,67203
160215,144418
160215,108450
160215,6850
160215,58721
160215,22238
160215,109093
160215,90407
160215,72171
160215,17995
160215,64066
160215,11968
160215,79534
160215,60922
160215,66845
160215,30038
160215,90770
160215,14301
160215,60424
160215,40987
160215,148563
160215,103719
160215,38588
160215,6825
160215,17712
160215,81623
160215,91223
160215,103454
160215,43970
160215,31157
160215,108599
160215,153236
160215,114516
160215,43244
160215,34930
160215,129977
160215,160734
160215,95023
160215,91658
160215,165874
160215,45306
160215,73314
160215,57872
160215,128662
160215,59298
160215,114235
160215,77799
160215,68672
160215,103090
145847,95914
145847,155127
145847,159097
145847,125642
145847,58773
145847,32338
145847,110345
145847,152296
145847,40326
145847,86321
145847,163650
145847,85822
145847,105992
145847,72568
145847,68865
145847,158302
145847,153604
145847,144099
145847,86266
145847,90364
145847,96285
145847,29391
145847,112373
145847,167147
145847,109885
145847,84427
145847,76278
145847,62655
145847,60931
145847,112599
145847,10627
145847,2721
145847,55406
145847,164205
145847,151111
145847,115814
145847,97010
145847,47096
145847,25022
145847,140731
145847,105634
145847,107606
145847,113139
145847,54139
145847,92199
145847,155195
145847,150787
145847,8430
145847,68450
142681,125430
142681,95914
142681,155127
142681,159097
142681,146733
142681,100028
142681,110345
142681,152296
142681,40326
142681,89069
142681,132759
142681,17147
142681,85822
142681,47245
142681,129396
142681,55261
142681,72568
142681,68865
142681,34625
142681,141561
142681,86266
142681,71308
142681,29391
142681,118227
142681,167147
142681,84226
142681,148276
142681,89299
142681,14293
142681,8430
142681,64791
142681,79006
142681,1189
142681,855
142681,58962
142681,49222
142681,160946
142681,105634
91382,125642
91382,123076
91382,110345
91382,74908
91382,89069
91382,85822
91382,55261
91382,120819
91382,104492
91382,34625
91382,153604
91382,17656
91382,120928
91382,29391
91382,149870
91382,167147
91382,84226
91382,92773
91382,63518
91382,72974
91382,60931
91382,109765
91382,123548
91382,96676
91382,1509
91382,148199
91382,131213
111254,155127
111254,125642
111254,110345
111254,152296
111254,40326
111254,113219
111254,34625
111254,149870
111254,129896
111254,110351
111254,112906
111254,61216
111254,23315
111254,2957
111254,95301
111254,131213
111254,27838
111254,8430
111254,23586
111254,44345
111254,109765
111254,29789
111254,144801
164205,95914
164205,125642
164205,70518
164205,100028
164205,110345
164205,152296
164205,21003
164205,163650
164205,132759
164205,105992
164205,55261
164205,68078
164205,72568
164205,68865
164205,120462
164205,158302
164205,86266
164205,90364
164205,49210
164205,102569
164205,134649
164205,64959
164205,12481
164205,112373
164205,167147
164205,84226
164205,123832
164205,166877
164205,109885
164205,84427
164205,48214
164205,163767
164205,58021
164205,72974
164205,62655
164205,60931
164205,65576
164205,113139
164205,134560
164205,64622
164205,23586
164205,115854
164205,92653
164205,132985
164205,112179
164205,35250
164205,112906
164205,133671
164205,76462
164205,70651
164205,98663
164205,95301
164205,165493
164205,93591
164205,147892
164205,2721
164205,117006
164205,145042
164205,9324
164205,45955
164205,35536
164205,81033
164205,29789
164205,161476
164205,49490
164205,147908
164205,117010
164205,54605
164205,98864
164205,67591
164205,89011
164205,92492
164205,146373
164205,40744
164205,154515
164205,111970
164205,153573
164205,60922
164205,129977
164205,155794
164205,90407
164205,10730
164205,46342
164205,140201
164205,116842
164205,58905
164205,53092
164205,106730
164205,155195
164205,144418
164205,29442
164205,108450
164205,23577
164205,74889
164205,9145
164205,54392
164205,145979
164205,75004
164205,31019
164205,122295
164205,30038
84226,125430
84226,122269
84226,125642
84226,146733
84226,100028
84226,32338
84226,110345
84226,152296
84226,21003
84226,40326
84226,89069
84226,68078
84226,120819
84226,75128
84226,68865
84226,120462
84226,158302
84226,34625
84226,17656
84226,141561
84226,144099
84226,90364
84226,34823
84226,79037
84226,49210
84226,66097
84226,102569
84226,113048
84226,71308
84226,117043
84226,64959
84226,29391
84226,118227
84226,12481
84226,102590
84226,103111
84226,149870
84226,143423
84226,83761
84226,42326
84226,165493
84226,92133
84226,59791
84226,49222
84226,50884
84226,56306
84226,36512
84226,738
84226,99333
84226,2184
84226,165440
84226,153031
84226,79883
84226,92773
84226,76702
84226,112599
84226,80708
84226,53391
84226,112906
84226,32537
84226,140333
84226,5998
84226,148537
84226,63645
84226,58082
84226,60740
84226,148452
84226,50821
84226,21970
84226,11037
84226,15192
84226,6927
84226,84063
84226,120128
84226,23315
84226,146242
84226,26813
84226,111369
84226,98864
84226,36447
84226,64816
84226,31748
84226,50870
84226,40078
84226,124314
84226,148199
84226,163004
84226,100208
84226,52042
84226,122037
84226,57561
84226,64251
84226,92492
84226,146373
84226,40744
84226,147230
84226,133671
84226,79006
84226,72974
84226,92653
84226,165151
84226,53737
84226,39636
84226,2721
84226,26453
84226,115223
84226,123548
84226,161415
84226,152460
84226,144418
84226,108450
84226,115666
84226,23577
84226,97782
84226,108423
84226,157280
84226,48283
84226,118162
84226,64944
84226,115814
84226,25865
84226,162529
84226,76462
84226,46588
84226,140731
84226,90407
84226,72171
84226,93591
84226,98653
84226,39894
84226,131213
84226,79534
84226,114322
84226,31019
84226,81715
84226,20870
84226,84440
84226,60922
84226,92530
84226,75004
84226,113139
84226,55524
84226,113094
84226,138878
84226,30038
84226,90770
84226,128067
84226,2841
84226,76829
84226,11171
84226,73988
84226,22866
84226,29941
84226,124101
84226,142902
84226,2420
84226,112179
84226,104558
84226,25459
84226,120979
84226,54139
84226,114516
84226,76902
84226,129782
84226,9145
84226,769
84226,105634
84226,64233
84226,73314
84226,102909
84226,36850
84226,110351
84226,155499
84226,2884
84226,54392
84226,91223
84226,70651
84226,166202
84226,58962
84226,107560
84226,68672
84226,123832
84226,67032
84226,65576
84226,109765
84226,128662
84226,108664
84226,129977
84226,94936
84226,138010
84226,12276
84226,43766
84226,20954
84226,132985
84226,97010
84226,39757
84226,29789
84226,31157
84226,50549
84226,145424
84226,45187
84226,103196
84226,48214
84226,30892
84226,116963
84226,140201
84226,166226
84226,91713
84226,76589
84226,166877
84226,111465
84226,154716
84226,130085
84226,162374
84226,39592
84226,111205
84226,131257
84226,134384
84226,131284
84226,26475
84226,41885
84226,147083
84226,45306
84226,25022
84226,140514
84226,9914
84226,60379
84226,86704
84226,146173
84226,59298
89069,125430
89069,155127
89069,95697
89069,159097
89069,125642
89069,146733
89069,32338
89069,110345
89069,152296
89069,21003
89069,86321
89069,143423
89069,42326
89069,165493
89069,106715
89069,49222
89069,60117
89069,36512
89069,131101
89069,738
89069,99333
89069,90904
89069,5394
89069,60017
89069,30029
89069,92773
89069,76702
89069,112599
89069,80708
89069,53391
89069,113344
89069,112906
89069,63645
89069,117010
89069,60420
89069,70259
89069,60740
89069,50821
89069,21970
89069,60834
89069,11037
89069,15192
89069,6927
89069,84063
89069,41660
89069,17656
89069,66097
89069,110085
89069,98864
89069,117006
89069,158302
89069,120648
89069,31748
89069,40078
89069,162332
89069,18311
89069,124314
89069,100208
89069,10627
89069,52042
89069,159314
89069,64251
89069,61485
89069,54771
89069,9758
89069,146373
89069,40744
89069,147230
89069,29391
89069,70987
89069,49974
89069,133671
89069,32850
89069,71308
89069,72974
89069,103111
89069,14562
89069,163788
89069,92653
89069,39636
89069,118227
89069,2721
89069,26453
89069,161415
89069,34823
89069,152460
89069,144418
89069,115666
89069,75676
89069,97782
89069,64959
89069,108423
89069,157280
89069,48283
89069,115814
89069,132517
89069,103961
89069,12481
89069,58721
89069,134560
89069,140731
89069,90407
89069,109401
89069,19265
89069,64066
89069,141561
89069,113048
89069,76283
89069,79534
89069,31019
89069,81715
89069,84440
89069,60922
89069,92530
89069,161171
89069,75004
89069,66845
89069,165222
89069,113139
89069,102569
89069,55524
89069,68865
89069,113094
89069,126470
89069,90770
89069,122295
89069,153604
89069,2841
89069,11171
89069,167145
89069,73988
89069,22866
89069,43244
89069,66787
89069,29941
89069,1479
89069,124101
89069,112179
89069,112131
89069,104558
89069,25459
89069,35536
89069,8430
89069,120928
89069,16813
89069,120979
89069,130492
89069,117043
89069,129782
89069,9145
89069,769
89069,73314
89069,36850
89069,110351
89069,118838
89069,148563
89069,2884
89069,74013
89069,70651
89069,111749
89069,68672
89069,67032
89069,120462
89069,65576
89069,49210
89069,114235
89069,109765
89069,129977
89069,43766
89069,8585
89069,55743
89069,97970
89069,132985
89069,120819
89069,97010
89069,147713
89069,39757
89069,29789
89069,90364
89069,166877
89069,7800
89069,79037
89069,77137
89069,48214
89069,102590
89069,34625
89069,130085
89069,41078
89069,43970
89069,68904
89069,80397
89069,160964
89069,45187
89069,131257
89069,147083
89069,93842
89069,26475
89069,96163
89069,131284
89069,154515
89069,114118
89069,140514
89069,145111
89069,130028
89069,94137
89069,140201
89069,60379
89069,83848
89069,59298
23577,125430
23577,95914
23577,125642
23577,146733
23577,58773
23577,110345
23577,21003
23577,85822
23577,47245
23577,98175
23577,149870
23577,148276
23577,72974
23577,122761
23577,10627
23577,23586
23577,8430
23577,157106
23577,1189
23577,96676
23577,95301
23577,917
23577,134695
23577,146373
23577,91713
108423,125642
108423,58773
108423,32338
108423,110345
108423,152296
108423,17147
108423,85822
108423,129396
108423,55261
108423,158302
108423,141561
108423,149870
108423,64791
108423,157106
108423,96676
108423,139980
108423,122037
108423,79534
81715,159097
81715,125642
81715,146733
81715,58773
81715,110345
81715,152296
81715,63730
81715,132759
81715,17147
81715,85822
81715,55261
81715,120819
81715,68865
81715,34625
81715,153604
81715,141561
81715,64959
81715,29391
81715,77138
81715,167147
81715,148010
81715,6938
81715,115854
81715,109765
81715,8430
81715,64791
81715,124314
81715,27887
81715,60379
81715,49222
81715,2566
131284,125430
131284,95914
131284,57532
131284,125642
131284,146733
131284,58773
131284,32338
131284,110345
131284,152296
131284,21003
131284,112771
131284,86321
131284,85822
131284,6357
131284,55261
131284,68078
131284,120819
131284,68865
131284,158302
131284,17656
131284,29391
131284,149870
131284,77138
131284,129896
131284,167147
131284,91040
131284,17082
131284,84427
131284,92773
131284,63518
131284,148276
131284,72974
131284,162374
131284,109765
131284,8430
131284,64791
131284,19470
131284,124314
131284,27887
131284,42448
131284,15192
131284,162332
131284,85037
131284,39894
131284,90374
131284,154291
131284,114118
23832,120819
23832,68865
23832,158302
23832,113048
23832,113139
23832,151111
23832,147892
23832,115814
23832,106070
23832,151218
23832,38588
23832,160946
2884,155127
2884,125642
2884,110345
2884,152296
2884,153672
2884,74908
2884,85822
2884,55261
2884,120819
2884,141561
2884,102569
2884,149870
2884,167147
2884,92773
2884,6938
2884,98533
2884,145424
2884,109765
2884,96676
79534,95914
79534,155127
79534,125642
79534,146733
79534,58773
79534,32338
79534,110345
79534,152296
79534,21003
79534,153672
79534,40326
79534,112771
79534,163650
79534,132759
79534,17147
79534,85822
79534,105137
79534,55261
79534,120819
79534,120462
79534,158302
79534,34625
79534,141561
79534,34823
79534,71308
79534,29391
79534,118227
79534,12481
79534,149870
79534,167147
79534,89299
79534,62655
79534,162374
79534,10627
79534,106397
79534,109765
79534,55524
79534,1189
79534,96676
79534,151111
79534,95301
79534,27887
79534,147892
79534,39730
79534,29789
79534,115814
79534,39757
79534,95973
79534,161171
26475,95914
26475,125642
26475,70518
26475,146733
26475,100028
26475,32338
26475,110345
26475,152296
26475,21003
26475,163650
26475,132759
26475,120819
26475,68865
26475,63155
26475,120462
26475,158302
26475,153604
26475,17656
26475,141561
26475,86266
26475,90364
26475,34823
26475,66097
26475,102569
26475,113048
26475,71308
26475,117043
26475,59753
26475,134649
26475,64959
26475,90637
26475,12481
26475,112373
26475,110351
26475,17082
26475,92773
26475,133868
26475,76278
26475,129378
26475,54959
26475,84915
26475,72974
26475,113139
26475,162374
26475,79721
26475,134560
26475,10627
26475,98533
26475,91221
26475,145424
26475,23586
26475,109765
26475,123548
26475,132985
26475,55524
26475,112599
26475,106715
26475,112179
26475,10130
26475,738
26475,76702
26475,40180
26475,112906
26475,24615
26475,148452
26475,21970
26475,168012
26475,84063
26475,41660
26475,111369
26475,52042
26475,98663
26475,35250
26475,64251
26475,6684
26475,92492
26475,146373
26475,95797
26475,49974
26475,58803
26475,53737
26475,2721
26475,161415
26475,110636
26475,115814
26475,76462
26475,90407
26475,95301
26475,31019
26475,60922
26475,113094
26475,88221
26475,30038
26475,90770
26475,122295
26475,2841
26475,22866
26475,72906
26475,60424
26475,2420
26475,14438
26475,104558
26475,54139
26475,76902
26475,9145
26475,769
26475,147892
26475,73314
26475,91223
26475,166202
26475,38588
26475,68672
26475,114235
26475,129977
26475,97010
26475,29789
26475,45187
26475,92199
26475,140201
26475,103668
26475,56602
26475,160734
26475,93354
26475,15999
26475,147083
26475,162147
26475,124409
26475,13480
26475,19759
26475,146173
112179,125430
112179,125642
112179,146733
112179,110345
112179,152296
112179,105992
112179,129396
112179,68078
112179,120819
112179,98175
112179,34625
112179,86266
112179,34823
112179,102569
112179,117043
112179,29391
112179,167147
112179,30911
112179,109765
112179,8430
112179,152365
112179,55524
32850,125642
32850,146733
32850,58773
32850,32338
32850,110345
32850,152296
32850,21003
32850,55261
32850,68865
32850,29391
32850,154716
32850,60834
32850,67364
32850,43766
32850,145424
32850,23076
32850,1189
32850,96676
32850,49222
32850,147230
32850,55406
32850,74013
32850,44742
32850,114516
32850,39757
32850,2367
32850,105634
32850,58962
45955,125430
45955,95697
45955,159097
45955,125642
45955,110345
45955,152296
45955,86321
45955,163650
45955,158302
45955,34625
45955,102569
45955,149870
45955,62655
45955,151510
45955,23586
45955,146116
45955,26453
45955,55406
45955,58962
45955,112131
45955,102720
45955,5998
45955,115814
45955,39894
45955,148149
45955,9914
45955,105634
45955,140201
45955,116403
88775,125642
88775,32338
88775,40326
88775,55261
88775,102569
88775,102590
88775,149870
88775,167147
88775,150787
88775,164520
88775,126459
769,155127
769,125642
769,146733
769,58773
769,32338
769,110345
769,152296
769,86321
769,163650
769,17147
769,85822
769,47245
769,55261
769,120819
769,68865
769,98175
769,34625
769,144099
769,86266
769,29391
769,120798
769,149870
769,77138
769,129896
769,17082
769,166226
769,84427
769,48214
769,18673
769,148010
769,534
769,54993
769,148276
769,113139
769,6938
769,23586
769,8430
769,55524
769,124314
769,140731
769,153883
769,2566
769,114516
769,116963
92492,146733
92492,152296
92492,63730
92492,137193
92492,105992
92492,6357
92492,68865
92492,120462
92492,158302
92492,144099
92492,90364
92492,102569
92492,117043
92492,29391
92492,132183
92492,166877
92492,145424
92492,109765
92492,2957
92492,156187
92492,162124
92492,93591
92492,27887
92492,2721
92492,26453
92492,61645
92492,92292
92492,92825
92492,72906
92492,29789
92492,148452
92492,120517
92492,76702
92492,58658
92492,152570
92492,138848
92492,66845
92492,153236
92492,80900
92492,20954
92492,6850
92492,113373
25865,125642
25865,100028
25865,110345
25865,55261
25865,120928
25865,29391
25865,77138
25865,115854
25865,52328
25865,124314
25865,104558
25865,2367
25865,153236
29941,95914
29941,155127
29941,125642
29941,146733
29941,58773
29941,32338
29941,110345
29941,152296
29941,21003
29941,113219
29941,86321
29941,34625
29941,153604
29941,86266
29941,113048
29941,64959
29941,118227
29941,129896
29941,167147
29941,17082
29941,163767
29941,92773
29941,54993
29941,72974
29941,153601
29941,115854
29941,109765
29941,66807
29941,139980
29941,134695
29941,15192
29941,76702
29941,26813
29941,167145
29941,167006
29941,95973
29941,114235
29941,92199
29941,51776
167683,125642
167683,146733
167683,105992
167683,55261
167683,68865
167683,98175
167683,29391
167683,63518
167683,96676
167683,27887
167683,122295
167683,136831
61485,155127
61485,95697
61485,125642
61485,32338
61485,110345
61485,152296
61485,112771
61485,86321
61485,164792
61485,85822
61485,98175
61485,34625
61485,153604
61485,92773
61485,60931
61485,109765
61485,112906
61485,917
61485,81033
61485,152460
61485,125370
61485,39894
141561,125430
141561,159097
141561,125642
141561,70518
141561,146733
141561,58773
141561,100028
141561,32338
141561,110345
141561,152296
141561,21003
141561,40326
141561,112771
141561,163650
141561,6357
141561,68078
141561,68865
141561,158302
141561,104492
141561,34625
141561,17656
141561,45213
141561,113039
141561,42326
141561,106715
141561,49222
141561,18169
141561,153883
141561,5394
141561,30029
141561,92773
141561,76702
141561,53391
141561,113344
141561,112906
141561,86455
141561,117010
141561,60740
141561,155354
141561,21970
141561,60834
141561,17082
141561,6927
141561,120128
141561,70964
141561,66097
141561,98864
141561,31748
141561,50870
141561,2566
141561,451
141561,122037
141561,35250
141561,9758
141561,146373
141561,126603
141561,147230
141561,29391
141561,133671
141561,71308
141561,163788
141561,92653
141561,165151
141561,118227
141561,2721
141561,26453
141561,34823
141561,152460
141561,144418
141561,64959
141561,157280
141561,12481
141561,22238
141561,134560
141561,140731
141561,90407
141561,109401
141561,64066
141561,8585
141561,129782
141561,13542
141561,49210
141561,122959
141561,43970
141561,136679
141561,8430
141561,91040
141561,111205
141561,92530
141561,110351
141561,109765
141561,145424
141561,113048
141561,146173
141561,167147
141561,76283
141561,130302
141561,93347
141561,55743
141561,29789
141561,93842
141561,129977
141561,25142
141561,9145
141561,11171
141561,77138
141561,2841
141561,106244
141561,145042
141561,91221
141561,118838
141561,155195
141561,147892
141561,1479
141561,130492
141561,43766
141561,16813
141561,140514
141561,79037
141561,113094
141561,14438
141561,145111
141561,167533
141561,48214
141561,120928
141561,130028
141561,94137
141561,140201
141561,97010
141561,148563
141561,102590
141561,29442
141561,102569
141561,89299
141561,165222
141561,132985
141561,90770
141561,39757
141561,41078
141561,65576
141561,97970
141561,25459
141561,73314
141561,60379
141561,83848
141561,113139
141561,36850
141561,70651
141561,4129
147083,155127
147083,125642
147083,32338
147083,110345
147083,86321
147083,137193
147083,105992
147083,129396
147083,68078
147083,72568
147083,68865
147083,104492
147083,17656
147083,90364
147083,79037
147083,102569
147083,113048
147083,71308
147083,59753
147083,120928
147083,29391
147083,129896
147083,167147
147083,110351
147083,91040
147083,154716
147083,63518
147083,72974
147083,109765
147083,123548
147083,132985
147083,30029
147083,112599
147083,113094
147083,112906
147083,95301
147083,146116
147083,26453
147083,166704
147083,160946
147083,115814
147083,76702
147083,90770
147083,20078
147083,147721
147083,54139
147083,20954
167145,159097
167145,125642
167145,100028
167145,110345
167145,112771
167145,63730
167145,113219
167145,68078
167145,68865
167145,120462
167145,158302
167145,102569
167145,109885
167145,72974
167145,113139
167145,130085
167145,122761
167145,10627
167145,109765
167145,79006
167145,157106
167145,93591
167145,21970
167145,155354
167145,45306
167145,73314
167145,76902
167145,106730
167145,107823
167145,95797
167145,70259
167145,1509
153573,125642
153573,110345
153573,86266
153573,117043
153573,92773
153573,58021
153573,30911
153573,8430
153573,79006
153573,116939
105634,125642
105634,146733
105634,110345
105634,105137
105634,55261
105634,120819
105634,63155
105634,104492
105634,102569
105634,59753
105634,103111
105634,77138
105634,60834
105634,129378
105634,148276
105634,134560
105634,151510
105634,67364
105634,10627
105634,30029
105634,23076
105634,79006
105634,113094
105634,124314
105634,146242
105634,145042
105634,130028
105634,55406
105634,58962
105634,53391
105634,92825
105634,38432
105634,60424
105634,21970
105634,74013
105634,155354
105634,31019
105634,94508
105634,31716
105634,103961
105634,39757
105634,99333
105634,14765
105634,83964
105634,108133
105634,147230
105634,5998
105634,139857
105634,70259
105634,125370
105634,89011
105634,39894
105634,106730
105634,104344
105634,73988
105634,120896
105634,167533
105634,2367
105634,134384
105634,149704
132517,95914
132517,155127
132517,159097
132517,125642
132517,100028
132517,32338
132517,152296
132517,40326
132517,86266
132517,79037
132517,149870
132517,84427
132517,163767
132517,60834
132517,10627
132517,8430
132517,142280
132517,44742
132517,145042
132517,108450
132517,129782
5303,155127
5303,159097
5303,125642
5303,152296
5303,112771
5303,129396
5303,68078
5303,104492
5303,29391
5303,30029
5303,155354
5303,31748
5303,10627
5303,54993
5303,20870
5303,113094
5303,9145
5303,8430
5303,130028
5303,55524
64066,125430
64066,95914
64066,155127
64066,159097
64066,125642
64066,146733
64066,58773
64066,110345
64066,152296
64066,21003
64066,40326
64066,86321
64066,85822
64066,105992
64066,6357
64066,55261
64066,72568
64066,68865
64066,158302
64066,153604
64066,144099
64066,34823
64066,64959
64066,29391
64066,149870
64066,167147
64066,166226
64066,84427
64066,92773
64066,60834
64066,117505
64066,63518
64066,148276
64066,72974
64066,153601
64066,8430
64066,114322
64066,64791
64066,1189
64066,96676
64066,113094
64066,27887
64066,44742
64066,26453
64066,855
64066,60379
64066,162332
114422,57532
114422,125642
114422,32338
114422,110345
114422,40326
114422,85822
114422,68078
114422,104492
114422,84427
114422,8430
7800,95914
7800,155127
7800,125642
7800,146733
7800,32338
7800,110345
7800,152296
7800,34823
7800,29391
7800,30911
7800,8430
7800,30029
7800,49222
7800,9145
108133,105992
108133,105137
108133,125577
108133,76278
108133,162374
108133,10627
108133,40078
108133,15901
108133,55406
108133,58962
108133,109338
108133,48283
108133,31019
108133,144418
108133,95857
108133,165182
76462,146733
76462,32338
76462,163650
76462,132759
76462,68865
76462,120462
76462,79037
76462,49210
76462,60834
76462,89299
76462,10627
76462,99333
76462,157280
76462,155608
76462,147892
76462,94137
114516,125642
114516,100028
114516,32338
114516,110345
114516,152296
114516,21003
114516,132759
114516,17147
114516,85822
114516,105992
114516,55261
114516,158302
114516,86266
114516,71308
114516,29391
114516,12481
114516,102590
114516,110351
114516,60834
114516,30911
114516,145424
114516,8430
114516,157106
114516,93591
114516,130028
114516,45104
114516,92825
114516,109338
114516,168106
114516,155354
114516,31019
114516,84440
114516,40080
114516,92530
114516,27357
114516,27007
114516,153063
114516,104558
114516,9914
114516,76902
114516,86704
114516,128662
114516,39757
114516,144602
114516,167533
64959,125642
64959,146733
64959,100028
64959,32338
64959,110345
64959,152296
64959,21003
64959,163650
64959,72568
64959,68865
64959,120462
64959,23608
64959,158302
64959,34625
64959,153604
64959,144099
64959,90364
64959,34823
64959,49210
64959,102569
64959,113048
64959,71308
64959,59753
64959,134649
64959,120928
64959,165493
64959,106715
64959,35157
64959,137429
64959,45319
64959,74628
64959,30029
64959,112599
64959,53391
64959,112906
64959,86455
64959,117010
64959,60740
64959,150745
64959,155354
64959,17082
64959,23315
64959,54605
64959,110085
64959,23076
64959,31748
64959,40078
64959,10627
64959,98663
64959,57561
64959,29391
64959,163788
64959,118227
64959,2721
64959,26453
64959,152460
64959,144418
64959,140201
64959,8585
64959,118838
64959,140731
64959,76283
64959,113094
64959,23586
64959,90407
64959,86704
64959,162147
64959,48283
64959,109530
64959,103961
64959,43766
64959,92530
64959,110351
64959,109765
64959,76278
64959,13480
64959,130028
64959,146173
64959,55524
64959,83964
64959,20078
64959,104558
64959,93347
64959,148276
64959,29442
64959,156611
64959,51551
64959,165222
64959,145424
64959,132985
64959,18673
64959,39757
64959,41078
64959,44577
64959,65576
64959,31157
64959,25459
64959,115814
64959,61645
64959,107823
64959,113139
64959,96163
64959,157280
64959,12481
64959,66787
74013,125430
74013,155127
74013,146733
74013,58773
74013,152296
74013,21003
74013,163650
74013,164792
74013,105137
74013,55261
74013,120819
74013,120928
74013,29391
74013,12481
74013,166226
74013,148010
74013,60834
74013,89299
74013,122761
74013,67364
74013,91221
74013,145424
74013,109765
74013,8430
74013,23076
74013,64791
74013,112906
74013,147892
74013,146242
74013,55406
74013,58962
74013,60017
74013,1509
74013,117880
74013,89011
74013,106730
74013,73988
74013,120896
74013,83964
74013,2367
74013,20954
74013,153236
46342,125430
46342,95914
46342,95697
46342,163650
46342,164792
46342,85822
46342,47245
46342,68865
46342,98175
46342,153604
46342,34823
46342,29391
46342,12481
46342,166226
46342,84427
46342,148010
46342,63518
46342,72974
46342,62655
46342,40078
46342,151111
46342,917
46342,26453
46342,140731
46342,1509
46342,136679
133671,155127
133671,125642
133671,146733
133671,32338
133671,110345
133671,152296
133671,21003
133671,112771
133671,86321
133671,55261
133671,120819
133671,68865
133671,120462
133671,158302
133671,34625
133671,153604
133671,17656
133671,86266
133671,102569
133671,117043
133671,29391
133671,149870
133671,110351
133671,48214
133671,92773
133671,60834
133671,74510
133671,72974
133671,93032
133671,162374
133671,32537
133671,145424
133671,115854
133671,109765
133671,8430
133671,123548
133671,55524
133671,112906
133671,102720
133671,15192
133671,126603
133671,76902
133671,115814
133671,153961
133671,153236
133671,157280
133671,156187
133671,93354
9758,125430
9758,155127
9758,159097
9758,57532
9758,146733
9758,58773
9758,100028
9758,32338
9758,110345
9758,152296
9758,21003
9758,158302
9758,149870
9758,129896
9758,48214
9758,16813
9758,8430
9758,15192
9758,39757
9758,140201
44345,32338
44345,152296
44345,153672
44345,112771
44345,17656
44345,102569
44345,29391
44345,91040
44345,63518
44345,89299
44345,23586
44345,112906
44345,39757
90192,100028
90192,110345
90192,152296
90192,21003
90192,86321
90192,85822
90192,29391
90192,149870
90192,39757
114118,155127
114118,146733
114118,32338
114118,152296
114118,63730
114118,86321
114118,129896
114118,76829
114118,54993
114118,72974
114118,30911
114118,145424
114118,39894
16813,125430
16813,146733
16813,32338
16813,152296
16813,21003
16813,163650
16813,105992
16813,166910
16813,55261
16813,68865
16813,158302
16813,144099
16813,86266
16813,90364
16813,34823
16813,49210
16813,102569
16813,113048
16813,71308
16813,29391
16813,12481
16813,41078
16813,103111
16813,110351
16813,48214
16813,92773
16813,84915
16813,50870
16813,43766
16813,42326
16813,66807
16813,99333
16813,30029
16813,112599
16813,58658
16813,60740
16813,50821
16813,98864
16813,31748
16813,40078
16813,148199
16813,101121
16813,98663
16813,146373
16813,163788
16813,86089
16813,26453
16813,152460
16813,144418
16813,157280
16813,115814
16813,76283
16813,92530
16813,161171
16813,55524
16813,113094
16813,2841
16813,97391
16813,131219
16813,112131
16813,25459
16813,20078
16813,8585
16813,55743
16813,60379
16813,67426
16813,73314
16813,97970
16813,9145
16813,93354
16813,130492
16813,158128
16813,53092
16813,13480
16813,109338
16813,153918
16813,111749
153063,95914
153063,155127
153063,128482
153063,58773
153063,100028
153063,17147
153063,85822
153063,55261
153063,72568
153063,63518
153063,60931
153063,8430
153063,64791
153063,1189
153063,96676
153063,27887
153063,140731
153063,83318
153063,160946
153063,120117
153063,75004
146173,155127
146173,159097
146173,125642
146173,100028
146173,32338
146173,110345
146173,40326
146173,113219
146173,86321
146173,163650
146173,164792
146173,132759
146173,17147
146173,47245
146173,72568
146173,68865
146173,158302
146173,90364
146173,34823
146173,102569
146173,167147
146173,110351
146173,48214
146173,92773
146173,60931
146173,10627
146173,145424
146173,23586
146173,8430
146173,64791
146173,1189
146173,34085
146173,66807
146173,113094
146173,112906
146173,29789
146173,160946
146173,21970
146173,157845
146173,90770
146173,39894
146173,116963
138878,125430
138878,95697
138878,159097
138878,21003
138878,55261
138878,158302
138878,63764
138878,71308
138878,102590
138878,48214
138878,60834
138878,63518
138878,6927
138878,10627
138878,8430
138878,23076
138878,146116
138878,100018
120928,32338
120928,21003
120928,68865
120928,158302
120928,49210
120928,102569
120928,113048
120928,134649
120928,108508
120928,106715
120928,63645
120928,69319
120928,146242
120928,75038
120928,100208
120928,52042
120928,54771
120928,95797
120928,73739
120928,53737
120928,152460
120928,115814
120928,12481
120928,93591
120928,19265
120928,84440
120928,75004
120928,66845
120928,102744
120928,124101
120928,162309
120928,120896
120928,153236
120928,2367
120928,39757
120928,97970
120928,9145
120928,43766
120928,120979
130028,95914
130028,155127
130028,95697
130028,159097
130028,57532
130028,125642
130028,123076
130028,146733
130028,58773
130028,100028
130028,110345
130028,152296
130028,21003
130028,40326
130028,86321
130028,132759
130028,105992
130028,68078
130028,72568
130028,68865
130028,158302
130028,104492
130028,34625
130028,86266
130028,34823
130028,113048
130028,29391
130028,118227
130028,12481
130028,149870
130028,167147
130028,166226
130028,92773
130028,76829
130028,72974
130028,60931
130028,102909
130028,10627
130028,40078
130028,6938
130028,20870
130028,145424
130028,109765
130028,8430
130028,30029
130028,112599
130028,157106
130028,2957
130028,147892
130028,917
130028,24948
130028,102720
130028,155354
130028,120128
130028,69319
130028,31748
130028,39730
130028,26453
130028,157280
130028,103961
130028,140731
130028,134695
130028,2367
130028,8585
130028,159777
130028,17712
12481,155127
12481,159097
12481,123076
12481,146733
12481,100028
12481,32338
12481,110345
12481,152296
12481,21003
12481,163650
12481,17147
12481,105992
12481,68078
12481,72568
12481,68865
12481,98175
12481,120462
12481,158302
12481,34625
12481,48047
12481,144099
12481,63764
12481,90364
12481,34823
12481,79037
12481,40665
12481,49210
12481,66097
12481,96285
12481,102569
12481,113048
12481,71308
12481,117043
12481,59753
12481,134649
12481,29391
12481,118227
12481,45213
12481,165493
12481,108508
12481,106715
12481,49222
12481,18169
12481,99333
12481,60017
12481,30029
12481,92773
12481,107171
12481,112558
12481,80708
12481,113344
12481,5998
12481,86455
12481,117010
12481,24615
12481,60740
12481,50821
12481,155354
12481,60834
12481,17082
12481,15192
12481,41660
12481,69319
12481,54605
12481,110085
12481,23076
12481,31748
12481,40078
12481,451
12481,10627
12481,52042
12481,98663
12481,122037
12481,42711
12481,89011
12481,146373
12481,126603
12481,40744
12481,111924
12481,28185
12481,79006
12481,163788
12481,88034
12481,2721
12481,26453
12481,44742
12481,115666
12481,75676
12481,84915
12481,2957
12481,157280
12481,48283
12481,115814
12481,112373
12481,103961
12481,76278
12481,83318
12481,131992
12481,8585
12481,131213
12481,140201
12481,8430
12481,10730
12481,2367
12481,38588
12481,113094
12481,23586
12481,20078
12481,114235
12481,154716
12481,109338
12481,92530
12481,164520
12481,109765
12481,65168
12481,13480
12481,93591
12481,131257
12481,55524
12481,65586
12481,116963
12481,76283
12481,130302
12481,155195
12481,55743
12481,27887
12481,161171
12481,9145
12481,96831
12481,54392
12481,57872
12481,106244
12481,166877
12481,75004
12481,43191
12481,31019
12481,129977
12481,160964
12481,19265
12481,30892
12481,147892
12481,148010
12481,155927
12481,1479
12481,95301
12481,162147
12481,130492
12481,111749
12481,43766
12481,140731
12481,77137
12481,94137
12481,52328
12481,148563
12481,102590
12481,112131
12481,152043
12481,60379
12481,132985
12481,90770
12481,150787
12481,42448
12481,39757
12481,2420
12481,76902
12481,97970
12481,162374
12481,25459
12481,83848
12481,113139
12481,134560
140201,155127
140201,159097
140201,146733
140201,32338
140201,110345
140201,152296
140201,21003
140201,40326
140201,163650
140201,105992
140201,68078
140201,120819
140201,68865
140201,120462
140201,158302
140201,34625
140201,153604
140201,144099
140201,90364
140201,34823
140201,40665
140201,102569
140201,113048
140201,71308
140201,29391
140201,118227
140201,166877
140201,48214
140201,92773
140201,60834
140201,63518
140201,10627
140201,8430
140201,19265
140201,30029
140201,112906
140201,2721
140201,26453
140201,134695
140201,15192
140201,42711
140201,112131
140201,60379
140201,49222
140201,21970
140201,111749
140201,31748
140201,115814
140201,108508
140201,39757
140201,9145
140201,85037
140201,157280
140201,9914
140201,100277
140201,97970
140201,161171
140201,81234
140201,27357
140201,96831
102590,125430
102590,95697
102590,125642
102590,146733
102590,100028
102590,32338
102590,110345
102590,152296
102590,21003
102590,113219
102590,163650
102590,17147
102590,55261
102590,120819
102590,68865
102590,158302
102590,90364
102590,34823
102590,66097
102590,96285
102590,113048
102590,71308
102590,59753
102590,29391
102590,118227
102590,99333
102590,30029
102590,76702
102590,5998
102590,86455
102590,60834
102590,22941
102590,81234
102590,23076
102590,31748
102590,111924
102590,103111
102590,163788
102590,26453
102590,123548
102590,157280
102590,115814
102590,64791
102590,82689
102590,1189
102590,76283
102590,75004
102590,55524
102590,113094
102590,125904
102590,149870
102590,23586
102590,130492
102590,2367
102590,9145
102590,110351
102590,109765
102590,52779
102590,97970
102590,39757
102590,29789
102590,48214
102590,60379
102590,61645
147230,95914
147230,155127
147230,122269
147230,159097
147230,57532
147230,125642
147230,123076
147230,110345
147230,152296
147230,163650
147230,105992
147230,68865
147230,120462
147230,158302
147230,90364
147230,34823
147230,149870
147230,77138
147230,110351
147230,91040
147230,148010
147230,154716
147230,60834
147230,60931
147230,113139
147230,106397
147230,8430
147230,55524
147230,23076
147230,52328
147230,1189
147230,113094
147230,124314
147230,855
147230,157280
147230,7659
147230,168012
147230,81234
147230,101121
147230,16044
147230,64233
147230,116963
147230,154503
147230,109093
147230,39100
147230,90770
34625,155127
34625,159097
34625,125642
34625,146733
34625,58773
34625,32338
34625,110345
34625,152296
34625,86321
34625,105992
34625,55261
34625,68078
34625,72568
34625,120819
34625,68865
34625,98175
34625,158302
34625,42326
34625,165493
34625,106715
34625,60117
34625,44188
34625,90904
34625,79883
34625,41491
34625,92773
34625,107171
34625,80708
34625,112906
34625,59120
34625,116574
34625,63645
34625,60420
34625,148452
34625,12306
34625,84427
34625,83057
34625,168012
34625,23315
34625,98864
34625,64816
34625,90566
34625,40078
34625,18311
34625,52042
34625,134800
34625,89011
34625,36642
34625,64251
34625,54771
34625,29391
34625,70987
34625,81304
34625,2721
34625,152408
34625,152460
34625,163767
34625,51273
34625,33798
34625,70419
34625,72171
34625,39894
34625,140049
34625,75004
34625,104914
34625,113139
34625,102569
34625,113094
34625,122295
34625,153604
34625,2841
34625,43244
34625,86266
34625,116442
34625,8430
34625,167533
34625,76902
34625,151218
34625,64233
34625,158128
34625,110351
34625,91223
34625,157106
34625,165874
34625,29442
34625,58021
34625,65576
34625,8585
34625,64622
34625,73984
34625,103196
34625,164385
34625,167147
34625,164398
34625,76589
34625,103668
34625,43970
34625,111205
34625,54911
34625,148010
34625,150787
34625,9914
34625,116842
34625,145111
34625,130321
34625,83848
112131,125430
112131,155127
112131,146733
112131,58773
112131,21003
112131,132759
112131,55261
112131,68865
112131,158302
112131,86266
112131,29391
112131,89299
112131,72974
112131,64791
112131,79006
112131,147892
112131,41526
112131,157280
112131,155794
112131,72906
112131,111749
112131,97970
112131,36850
112131,39757
148149,155127
148149,125642
148149,32338
148149,110345
148149,152296
148149,112771
148149,74908
148149,86321
148149,54023
148149,29391
148149,91040
148149,84427
148149,52328
148149,1189
148149,96676
148149,27887
148149,76902
148149,39894
125430,59791
125430,81162
125430,41526
125430,80708
125430,81234
125430,158302
125430,98663
125430,36642
125430,40744
125430,71308
125430,152460
125430,110345
125430,100028
125430,157280
125430,112373
125430,48047
125430,93591
125430,19265
125430,39894
125430,129378
125430,113139
125430,98809
125430,152296
125430,25459
125430,8430
125430,36850
125430,120462
125430,79037
125430,39757
125430,95697
60379,95914
60379,159097
60379,125642
60379,146733
60379,32338
60379,152296
60379,21003
60379,40326
60379,163650
60379,164792
60379,55261
60379,68078
60379,72568
60379,120819
60379,68865
60379,120462
60379,158302
60379,153604
60379,144099
60379,34823
60379,102569
60379,113048
60379,71308
60379,29391
60379,118227
60379,149870
60379,77138
60379,167147
60379,17082
60379,60834
60379,84915
60379,72974
60379,6927
60379,64622
60379,43766
60379,8430
60379,60740
60379,19265
60379,30029
60379,112599
60379,451
60379,92485
60379,76522
60379,113094
60379,112906
60379,98663
60379,126603
60379,93591
60379,27887
60379,2721
60379,44742
60379,110636
60379,45213
60379,108508
60379,49222
60379,50884
60379,36512
60379,18169
60379,60017
60379,113344
60379,7646
60379,86455
60379,24615
60379,31748
60379,162332
60379,101121
60379,100208
60379,57561
60379,159314
60379,146373
60379,73739
60379,163788
60379,161415
60379,59868
60379,144418
60379,157280
60379,115814
60379,162529
60379,99323
60379,31019
60379,92530
60379,27357
60379,165222
60379,66787
60379,156611
60379,104558
60379,25459
60379,162309
60379,120979
60379,9145
60379,118838
60379,111749
60379,90374
60379,48368
60379,55743
60379,97970
60379,114108
60379,39757
60379,30892
60379,77592
60379,164520
60379,93354
60379,145111
60379,83848
132985,95914
132985,155127
132985,159097
132985,125642
132985,123076
132985,146733
132985,58773
132985,100028
132985,32338
132985,110345
132985,152296
132985,40326
132985,63730
132985,86321
132985,163650
132985,85822
132985,105992
132985,55261
132985,68078
132985,72568
132985,120819
132985,68865
132985,120462
132985,158302
132985,153604
132985,144099
132985,86266
132985,90364
132985,34823
132985,102569
132985,29391
132985,112373
132985,149870
132985,167147
132985,110351
132985,109885
132985,48214
132985,92773
132985,74510
132985,72974
132985,62655
132985,60931
132985,113139
132985,10627
132985,20870
132985,145424
132985,106397
132985,92653
132985,109765
132985,8430
132985,123548
132985,137429
132985,76702
132985,112599
132985,112906
132985,21970
132985,111369
132985,100208
132985,15901
132985,26453
132985,59868
132985,48283
132985,140731
132985,90407
132985,47096
132985,90770
132985,96676
132985,104558
132985,20078
132985,27887
132985,116963
132985,65086
132985,92292
132985,29789
90770,155127
90770,95697
90770,146733
90770,32338
90770,110345
90770,152296
90770,163650
90770,68865
90770,98175
90770,158302
90770,153604
90770,17656
90770,144099
90770,90364
90770,79037
90770,49210
90770,96285
90770,102569
90770,113048
90770,71308
90770,117043
90770,59753
90770,118227
90770,129896
90770,110351
90770,109885
90770,154716
90770,76278
90770,74510
90770,50870
90770,43766
90770,10627
90770,40078
90770,153601
90770,109765
90770,123548
90770,55524
90770,30029
90770,112599
90770,106715
90770,451
90770,23076
90770,150787
90770,15901
90770,113094
90770,112906
90770,2721
90770,146116
90770,26453
90770,61645
90770,58803
90770,157280
90770,146373
90770,39636
90770,131213
90770,56454
90770,75004
90770,66845
90770,147721
90770,116963
90770,64233
90770,20954
90770,20078
90770,11171
29789,95914
29789,159097
29789,146733
29789,21003
29789,163650
29789,68078
29789,120819
29789,68865
29789,98175
29789,63155
29789,120462
29789,158302
29789,153604
29789,17656
29789,86266
29789,79037
29789,102569
29789,117043
29789,134649
29789,29391
29789,118227
29789,110351
29789,60834
29789,76829
29789,79721
29789,130085
29789,145424
29789,23586
29789,92653
29789,109765
29789,152365
29789,112599
29789,66807
29789,113094
29789,112906
29789,165493
29789,93591
29789,53391
29789,49222
29789,59868
29789,92133
29789,31270
29789,76702
29789,155354
29789,111369
29789,64251
29789,163788
29789,39636
29789,108450
29789,6850
29789,58721
29789,60922
29789,2841
29789,54139
29789,2367
29789,9145
29789,129977
29789,20954
29789,39757
29789,153918
29789,154291
39757,155127
39757,125642
39757,146733
39757,58773
39757,100028
39757,32338
39757,110345
39757,152296
39757,21003
39757,112771
39757,63730
39757,132759
39757,120462
39757,158302
39757,17656
39757,40665
39757,118227
39757,103111
39757,32546
39757,60834
39757,113139
39757,91221
39757,23586
39757,109765
39757,8430
39757,30029
39757,113094
39757,19470
39757,112906
39757,70651
39757,93591
39757,140514
39757,55406
39757,131257
39757,83318
39757,48283
39757,60420
39757,144418
39757,56306
39757,18169
39757,60017
39757,58721
39757,57619
39757,159342
39757,167533
39757,91223
39757,97970
39757,103090
23029,40326
23029,68865
23029,120462
23029,134649
23029,60834
23029,23076
23029,83318
23029,72034
157106,125642
157106,100028
157106,32338
157106,110345
157106,152296
157106,21003
157106,55261
157106,68865
157106,167147
157106,122761
157106,8430
157106,23076
157106,138848
157106,120648
157106,39730
157106,65714
157106,95489
157106,27725
157106,109401
157106,31019
157106,24323
157106,131992
157106,100018
157106,154291
157106,105141
157106,73732
157106,80397
123452,95914
123452,40326
123452,105992
123452,153604
123452,84427
123452,72974
123452,96676
115666,155127
115666,146733
115666,58773
115666,32338
115666,152296
115666,55261
115666,68865
115666,158302
115666,86266
115666,90364
115666,29391
115666,118227
115666,77138
115666,60834
115666,148276
115666,50870
115666,43766
115666,55524
115666,112906
115666,26453
115666,99333
115666,31748
115666,101121
115666,163788
115666,48283
115666,157280
115666,161171
97970,146733
97970,58773
97970,32338
97970,152296
97970,21003
97970,158302
97970,113048
97970,103111
97970,60740
97970,19265
97970,49222
97970,111749
97970,115814
97970,108508
97970,99333
97970,40080
97970,9914
97970,40744
97970,36850
97970,113708
97970,74628
97970,115223
116842,110345
116842,86321
116842,98175
116842,86266
116842,34823
116842,29391
116842,148010
116842,148276
116842,60931
116842,64791
116842,52328
116842,152460
116842,164520
116842,140207
116842,39894
116842,133212
116842,22238
162374,159097
162374,58773
162374,32338
162374,110345
162374,21003
162374,40326
162374,112771
162374,163650
162374,132759
162374,105992
162374,68865
162374,63155
162374,153604
162374,129896
162374,167147
162374,17082
162374,63518
162374,72974
162374,72196
162374,66807
162374,147908
162374,106397
162374,21970
162374,23315
162374,106484
162374,120648
162374,122037
162374,140488
162374,28185
162374,5709
162374,134560
162374,134695
162374,168106
162374,126501
162374,95973
162374,8430
162374,167533
162374,25633
162374,82756
162374,109765
162374,55743
162374,92199
162374,167006
162374,134384
162374,154291
61125,70518
61125,110345
61125,86321
61125,85822
61125,60420
61125,29391
61125,55406
61125,1189
61125,102569
61125,96676
61125,149870
61125,148276
61125,8430
61125,38709
61125,27887
61125,167147
61125,160946
61125,855
61125,101376
61125,61645
115223,110345
115223,63730
115223,134560
115223,32385
83848,95914
83848,155127
83848,159097
83848,57532
83848,125642
83848,123076
83848,146733
83848,58773
83848,100028
83848,32338
83848,110345
83848,152296
83848,21003
83848,40326
83848,164792
83848,132759
83848,85822
83848,105992
83848,55261
83848,72568
83848,68865
83848,34823
83848,29391
83848,149870
83848,77138
83848,129896
83848,167147
83848,60834
83848,72974
83848,145424
83848,8430
83848,64791
83848,27887
83848,26453
83848,49222
83848,118838
83848,160946
83848,9145
122295,95914
122295,95697
122295,159097
122295,125642
122295,123076
122295,146733
122295,110345
122295,40326
122295,63730
122295,86321
122295,163650
122295,164792
122295,132759
122295,85822
122295,105992
122295,6357
122295,68078
122295,120819
122295,158302
122295,104492
122295,153604
122295,34823
122295,29391
122295,149870
122295,77138
122295,129896
122295,167147
122295,166226
122295,84427
122295,92773
122295,76829
122295,63518
122295,148276
122295,72974
122295,151510
122295,6938
122295,14293
122295,8430
122295,64791
122295,52328
122295,96676
122295,15901
122295,151111
122295,147892
122295,917
122295,160946
122295,14469
122295,155794
122295,75004
122295,153961
122295,6083
134560,95914
134560,159097
134560,125642
134560,70518
134560,146733
134560,58773
134560,100028
134560,32338
134560,110345
134560,152296
134560,21003
134560,119922
134560,112771
134560,86321
134560,163650
134560,164792
134560,132759
134560,17147
134560,105992
134560,47245
134560,129396
134560,55261
134560,68078
134560,120819
134560,68865
134560,23608
134560,158302
134560,48047
134560,153604
134560,86266
134560,90364
134560,34823
134560,40665
134560,49210
134560,102569
134560,113048
134560,71308
134560,29391
134560,149870
134560,129896
134560,167147
134560,110351
134560,17082
134560,166226
134560,84427
134560,48214
134560,163767
134560,148010
134560,92773
134560,60834
134560,76829
134560,63518
134560,54993
134560,89299
134560,113139
134560,30029
134560,112906
134560,7646
134560,150745
134560,106427
134560,15901
134560,55406
134560,44742
134560,59868
134560,151111
134560,2773
134560,64791
134560,131992
134560,116963
134560,147892
134560,27887
134560,8430
134560,160946
134560,85037
134560,95301
134560,84440
134560,111749
134560,134695
134560,58962
152460,155127
152460,125642
152460,146733
152460,32338
152460,110345
152460,152296
152460,86321
152460,85822
152460,55261
152460,68865
152460,98175
152460,120462
152460,23608
152460,158302
152460,153604
152460,86266
152460,34823
152460,40665
152460,29391
152460,149870
152460,81304
152460,167147
152460,92773
152460,89299
152460,72974
152460,6927
152460,60931
152460,6938
152460,30911
152460,32537
152460,145424
152460,109765
152460,55524
152460,106715
152460,114322
152460,76589
152460,79006
152460,96676
152460,34085
152460,107171
152460,135893
152460,133212
152460,22238
152460,104558
152460,39894
70651,155127
70651,125642
70651,146733
70651,58773
70651,32338
70651,110345
70651,152296
70651,21003
70651,163650
70651,17147
70651,55261
70651,68865
70651,158302
70651,86266
70651,29391
70651,112373
70651,149870
70651,167147
70651,163004
70651,89299
70651,109765
70651,106715
70651,1479
70651,64791
70651,110085
70651,157280
70651,115814
70651,25142
145111,95914
145111,155127
145111,159097
145111,57532
145111,125642
145111,146733
145111,58773
145111,32338
145111,110345
145111,152296
145111,21003
145111,40326
145111,132759
145111,55261
145111,120819
145111,68865
145111,158302
145111,153604
145111,86266
145111,34823
145111,29391
145111,149870
145111,77138
145111,167147
145111,92773
145111,148276
145111,72974
145111,145424
145111,8430
145111,55524
145111,19265
145111,44742
145111,49222
145111,118838
145111,160946
145111,31748
145111,94508
145111,103961
145111,36512
21003,155127
21003,159097
21003,125642
21003,146733
21003,58773
21003,100028
21003,32338
21003,152296
21003,108508
21003,106715
21003,98175
21003,49222
21003,50884
21003,131101
21003,18169
21003,99333
21003,90904
21003,5394
21003,60017
21003,30029
21003,112558
21003,112599
21003,113344
21003,32537
21003,86455
21003,117010
21003,24615
21003,60740
21003,21970
21003,60834
21003,17082
21003,84063
21003,41660
21003,66097
21003,111369
21003,110085
21003,137193
21003,23076
21003,158302
21003,32546
21003,31748
21003,40078
21003,52042
21003,98663
21003,122037
21003,38432
21003,42711
21003,40744
21003,29391
21003,28185
21003,71308
21003,72974
21003,103111
21003,163788
21003,92653
21003,64869
21003,118227
21003,2721
21003,26453
21003,44742
21003,104492
21003,34823
21003,144418
21003,95489
21003,2957
21003,2773
21003,157280
21003,163767
21003,48283
21003,115814
21003,107823
21003,48047
21003,103961
21003,58721
21003,22238
21003,131992
21003,8585
21003,131213
21003,61645
21003,67426
21003,86321
21003,123832
21003,38588
21003,113094
21003,23586
21003,20078
21003,36850
21003,64622
21003,109338
21003,92530
21003,110351
21003,160964
21003,91040
21003,109765
21003,145424
21003,109401
21003,93591
21003,131257
21003,134695
21003,55524
21003,167147
21003,76283
21003,118838
21003,93347
21003,55743
21003,154503
21003,97391
21003,168106
21003,161171
21003,9145
21003,113048
21003,99323
21003,120462
21003,59753
21003,54392
21003,106244
21003,166877
21003,75004
21003,94137
21003,162309
21003,68865
21003,163650
21003,68078
21003,2420
21003,50549
21003,30892
21003,160946
21003,1479
21003,116963
21003,125577
21003,95301
21003,130492
21003,111749
21003,114108
21003,43766
21003,140731
21003,140514
21003,79037
21003,2367
21003,27357
21003,120819
21003,23608
21003,148563
21003,144099
21003,152043
21003,76829
21003,102569
21003,3946
21003,25459
21003,40665
21003,113139
21003,114235
21003,17147
21003,84440
21003,2841
100028,95914
100028,95697
100028,125642
100028,123076
100028,45213
100028,165493
100028,917
100028,81162
100028,102720
100028,125575
100028,60931
100028,117010
100028,67122
100028,72034
100028,155354
100028,6938
100028,105992
100028,38379
100028,117880
100028,6927
100028,95857
100028,17656
100028,120128
100028,23315
100028,146242
100028,142399
100028,158302
100028,50870
100028,75038
100028,40078
100028,39730
100028,10627
100028,29391
100028,45018
100028,71308
100028,72974
100028,81304
100028,92653
100028,87244
100028,44742
100028,34823
100028,110345
100028,144418
100028,108450
100028,97782
100028,109885
100028,2420
100028,123832
100028,154716
100028,85822
100028,92292
100028,145424
100028,153907
100028,126501
100028,45187
100028,162529
100028,94508
100028,55524
100028,83964
100028,60424
100028,92825
100028,133868
100028,76283
100028,70337
100028,104558
100028,163270
100028,126470
100028,161476
100028,113048
100028,63155
100028,166910
100028,54392
100028,148637
100028,129378
100028,43191
100028,31019
100028,124409
100028,31716
100028,96163
100028,68865
100028,163650
100028,100018
100028,38208
100028,145042
100028,132759
100028,147892
100028,149870
100028,8430
100028,62655
100028,73988
100028,162147
100028,140731
100028,140514
100028,79037
100028,113094
100028,77862
100028,117043
100028,76278
100028,152805
100028,30038
100028,98174
100028,157280
100028,148276
100028,80835
100028,142280
100028,112373
100028,18673
100028,134649
100028,129396
100028,134384
100028,130085
100028,86266
100028,113139
100028,61030
100028,84440
84440,95914
84440,125642
84440,146733
84440,110345
84440,40326
84440,74908
84440,86321
84440,164792
84440,17147
84440,137193
84440,105992
84440,55261
84440,120819
84440,98175
84440,120462
84440,158302
84440,153604
84440,17656
84440,86266
84440,34823
84440,49210
84440,113048
84440,71308
84440,125577
84440,110351
84440,92773
84440,60834
84440,76829
84440,76278
84440,89299
84440,72974
84440,60931
84440,67364
84440,10627
84440,30911
84440,115854
84440,109765
84440,1189
84440,113094
84440,95301
84440,93591
84440,142280
84440,55406
84440,59868
84440,83318
84440,137429
84440,60424
84440,31019
84440,69319
84440,157280
84440,115814
84440,100018
84440,2367
84440,38588
84440,162147
84440,92530
84440,160964
84440,152805
109338,95914
109338,155127
109338,95697
109338,159097
109338,125642
109338,123076
109338,146733
109338,58773
109338,32338
109338,110345
109338,164792
109338,17147
109338,105992
109338,47245
109338,6357
109338,55261
109338,68078
109338,72568
109338,120819
109338,68865
109338,98175
109338,120462
109338,104492
109338,153604
109338,144099
109338,34823
109338,96285
109338,113048
109338,29391
109338,149870
109338,167147
109338,166877
109338,109885
109338,3546
109338,17082
109338,166226
109338,84427
109338,163767
109338,148010
109338,154716
109338,92773
109338,89299
109338,72974
109338,62655
109338,60931
109338,113139
109338,91221
109338,106397
109338,131101
109338,64791
109338,67122
109338,52328
109338,96676
109338,66807
109338,15901
109338,27887
109338,147892
109338,5394
109338,917
109338,26453
109338,140731
109338,72906
109338,63645
109338,50821
109338,1509
109338,120128
109338,81234
109338,162332
109338,59868
109338,157280
109338,14469
109338,155794
109338,92530
109338,25142
109338,75004
109338,111749
109338,160946
109338,164520
109338,154291
102569,95914
102569,155127
102569,122269
102569,159097
102569,125642
102569,146733
102569,58773
102569,110345
102569,152296
102569,40326
102569,74908
102569,86321
102569,163650
102569,132759
102569,17147
102569,137193
102569,105992
102569,47245
102569,55261
102569,68078
102569,72568
102569,120819
102569,68865
102569,98175
102569,120462
102569,23608
102569,158302
102569,104492
102569,48047
102569,153604
102569,17656
102569,144099
102569,86266
102569,90364
102569,34823
102569,79037
102569,49210
102569,96285
102569,143423
102569,45213
102569,165493
102569,106715
102569,49222
102569,113708
102569,59587
102569,917
102569,66807
102569,60017
102569,30029
102569,92773
102569,76702
102569,112599
102569,90637
102569,80708
102569,112906
102569,32537
102569,60931
102569,58658
102569,148537
102569,14293
102569,106397
102569,70259
102569,148452
102569,50821
102569,155354
102569,21970
102569,63518
102569,117880
102569,168012
102569,160296
102569,23315
102569,125370
102569,98864
102569,58129
102569,81234
102569,23076
102569,20825
102569,138848
102569,77110
102569,31748
102569,40078
102569,100277
102569,167299
102569,120117
102569,10627
102569,98663
102569,64251
102569,6684
102569,54771
102569,146373
102569,95797
102569,29391
102569,111924
102569,71308
102569,79006
102569,72974
102569,103111
102569,58803
102569,92653
102569,165151
102569,53737
102569,79721
102569,118227
102569,2721
102569,26453
102569,123548
102569,67203
102569,59868
102569,144418
102569,6850
102569,84915
102569,95489
102569,157280
102569,163767
102569,115814
102569,112373
102569,64791
102569,83318
102569,120517
102569,22238
102569,140731
102569,90407
102569,72171
102569,85037
102569,93591
102569,50380
102569,155794
102569,17995
102569,95301
102569,113048
102569,1189
102569,11968
102569,131213
102569,99323
102569,106730
102569,78484
102569,162124
102569,60922
102569,92530
102569,55530
102569,25142
102569,34085
102569,75004
102569,66845
102569,27357
102569,113139
102569,131992
102569,27887
102569,113373
102569,145979
102569,61645
102569,153236
102569,8430
102569,123832
102569,38588
102569,23586
102569,20078
102569,31157
102569,114235
102569,74510
102569,110351
102569,109765
102569,145424
102569,91221
102569,115854
102569,111749
102569,55524
102569,60424
102569,73314
102569,13480
102569,104558
102569,163270
102569,156081
102569,129977
102569,67426
102569,11171
102569,137817
102569,59753
102569,57872
102569,855
102569,106244
102569,65235
102569,43191
102569,39100
102569,81623
102569,167006
102569,155608
102569,54139
102569,30892
102569,160946
102569,1479
102569,149870
102569,4890
102569,103063
102569,45306
102569,72906
102569,103719
102569,96676
102569,91658
102569,34930
102569,125904
102569,43766
102569,140514
102569,113094
102569,117043
102569,40987
102569,148563
102569,132183
102569,17712
102569,130085
102569,89299
102569,43244
102569,156187
102569,134649
102569,65576
102569,76902
102569,134384
102569,86704
102569,10401
102569,8585
102569,59298
102569,2841
59298,155127
59298,146733
59298,32338
59298,164792
59298,55261
59298,153604
59298,34823
59298,167147
59298,48214
59298,154716
59298,145424
59298,106715
59298,1479
59298,15901
59298,162124
59298,2721
59298,61645
59298,142902
59298,164520
59298,40987
59298,67203
59298,58658
59298,6684
59298,6850
59298,153236
59298,17712
2841,125642
2841,146733
2841,32338
2841,110345
2841,152296
2841,113219
2841,132759
2841,55261
2841,68865
2841,158302
2841,17656
2841,86266
2841,90364
2841,117043
2841,29391
2841,118227
2841,167147
2841,110351
2841,148010
2841,91221
2841,23586
2841,153601
2841,109765
2841,112906
2841,162124
2841,49222
2841,60922
2841,40180
2841,148537
2841,22866
2841,38588
2841,76902
95697,155127
95697,102720
95697,41526
95697,105992
95697,158302
95697,39730
95697,29391
95697,79006
95697,72974
95697,104492
95697,34823
95697,110345
95697,2957
95697,155794
95697,39894
95697,85822
95697,99323
95697,68865
95697,153604
95697,86321
95697,152296
95697,104558
95697,76902
95697,110351
95697,123832
95697,120462
95697,55743
95697,167147
95697,52328
95697,47245
55261,125642
55261,110345
55261,152296
55261,153672
55261,86321
55261,163650
55261,132759
55261,17147
55261,83761
55261,92133
55261,54927
55261,31270
55261,66807
55261,136553
55261,9913
55261,90904
55261,74628
55261,41526
55261,54959
55261,112599
55261,80708
55261,112906
55261,49490
55261,5998
55261,61216
55261,148537
55261,60420
55261,70259
55261,150745
55261,84063
55261,70964
55261,54605
55261,98864
55261,20825
55261,120648
55261,101121
55261,10627
55261,72504
55261,64251
55261,86444
55261,153834
55261,29391
55261,71308
55261,79006
55261,14562
55261,8585
55261,80900
55261,126470
55261,154291
55261,111970
55261,95489
55261,63155
55261,92653
55261,161681
55261,90407
55261,154357
55261,88395
55261,68904
55261,89299
55261,110351
55261,109401
55261,22238
55261,118227
55261,55743
55261,114322
55261,57619
55261,159342
55261,161476
55261,67426
55261,140514
55261,9145
55261,54392
55261,76522
55261,50380
55261,166877
55261,65235
55261,5880
55261,131219
55261,107823
55261,31019
55261,56512
55261,161415
55261,144099
55261,29823
55261,120896
55261,136679
55261,138377
55261,112998
55261,127813
55261,122230
55261,64233
55261,68865
55261,65086
55261,74889
55261,87244
55261,2367
55261,110636
55261,127944
55261,123526
55261,67032
55261,27357
55261,126865
55261,14765
55261,106730
55261,30038
55261,133917
55261,21422
55261,104558
55261,144418
55261,150723
55261,91713
55261,157845
55261,163082
55261,108450
55261,117960
55261,58721
55261,91223
55261,116267
55261,74370
55261,153604
59791,125642
59791,110345
59791,152296
59791,63730
59791,105992
59791,120819
59791,89011
81162,86321
81162,60834
81162,55530
81162,60424
81162,160946
81162,1189
81162,125904
81162,8430
81162,13542
41526,125642
41526,146733
41526,58773
41526,153672
41526,112771
41526,105137
41526,47245
41526,154716
41526,92773
41526,60834
41526,72974
41526,10627
41526,20870
41526,96676
41526,112906
41526,102720
41526,160946
41526,155354
41526,39894
41526,155794
80708,155127
80708,159097
80708,125642
80708,146733
80708,110345
80708,152296
80708,129396
80708,68865
80708,158302
80708,153604
80708,86266
80708,90364
80708,29391
80708,149870
80708,72974
80708,109765
80708,8430
80708,55524
80708,96676
80708,156187
80708,162124
80708,126603
80708,27887
80708,112998
80708,111749
80708,48283
80708,58658
80708,120979
80708,76902
80708,17712
81234,79037
81234,113048
81234,89299
81234,10627
81234,145424
81234,52328
81234,112906
81234,26453
81234,21970
81234,155354
81234,142902
81234,92530
81234,151550
81234,73314
81234,104558
81234,146373
81234,20078
81234,106730
81234,82689
81234,56454
81234,155794
81234,142721
158302,95914
158302,125642
158302,146733
158302,32338
158302,152296
158302,163650
158302,132759
158302,68865
158302,120462
158302,23608
158302,165493
158302,106715
158302,49222
158302,50884
158302,18169
158302,99333
158302,90904
158302,74628
158302,60017
158302,30029
158302,107171
158302,112558
158302,112599
158302,112906
158302,5998
158302,86455
158302,117010
158302,60420
158302,60740
158302,50821
158302,155354
158302,21970
158302,17082
158302,6927
158302,84063
158302,41660
158302,17656
158302,54605
158302,66097
158302,110085
158302,59397
158302,23076
158302,117006
158302,131992
158302,6850
158302,9914
158302,149445
158302,154291
158302,163788
158302,129782
158302,95023
158302,32546
158302,40078
158302,92653
158302,44742
158302,165151
158302,97010
158302,38588
158302,91713
158302,23586
158302,20078
158302,122037
158302,98663
158302,114235
158302,36850
158302,93354
158302,92530
158302,90364
158302,53737
158302,110351
158302,100277
158302,91040
158302,13480
158302,22238
158302,79721
158302,111924
158302,131257
158302,118227
158302,26453
158302,35250
158302,76283
158302,93347
158302,80397
158302,148199
158302,109093
158302,160964
158302,159342
158302,168106
158302,9324
158302,161476
158302,11171
158302,57561
158302,104558
158302,19265
158302,96831
158302,111749
158302,59753
158302,9145
158302,54392
158302,103090
158302,166877
158302,75004
158302,129378
158302,31019
158302,2721
158302,55524
158302,157280
158302,2420
158302,41885
158302,118838
158302,17995
158302,34823
158302,100208
158302,54771
158302,30892
158302,147892
158302,127069
158302,86444
158302,29391
158302,62655
158302,59868
158302,52042
158302,64233
158302,130492
158302,43766
158302,140731
158302,79037
158302,146373
158302,113094
158302,113048
158302,117043
158302,167533
158302,48214
158302,94137
158302,89299
158302,144099
158302,148563
158302,144418
158302,29442
158302,153918
158302,124101
158302,156611
158302,71308
158302,28889
158302,112373
158302,42448
158302,41078
158302,103111
158302,93591
158302,76902
158302,152043
158302,130085
158302,25459
158302,40665
158302,115814
158302,91223
158302,54669
158302,113139
158302,75676
158302,97782
158302,153604
158302,8585
158302,31748
98663,95914
98663,159097
98663,70518
98663,152296
98663,163650
98663,164792
98663,17147
98663,105992
98663,47245
98663,68865
98663,98175
98663,120462
98663,153604
98663,144099
98663,63764
98663,86266
98663,90364
98663,34823
98663,79037
98663,49210
98663,96285
98663,113048
98663,71308
98663,59753
98663,112373
98663,17082
98663,166226
98663,18673
98663,163767
98663,92773
98663,76829
98663,163004
98663,89299
98663,6927
98663,60931
98663,113139
98663,10627
98663,98533
98663,8430
98663,19265
98663,30029
98663,106715
98663,150787
98663,112906
98663,2957
98663,35157
98663,99333
98663,7646
98663,54605
98663,131992
98663,26453
98663,156611
98663,152043
98663,147892
98663,160964
98663,161171
98663,95301
98663,20078
98663,115814
98663,140731
98663,146373
98663,75676
98663,92199
98663,157280
98663,2721
98663,44742
36642,125642
36642,110345
36642,40326
36642,72568
36642,97782
36642,81040
40744,95914
40744,155127
40744,159097
40744,152296
40744,105992
40744,68865
40744,98175
40744,153604
40744,34823
40744,29391
40744,166226
40744,163767
40744,148010
40744,133868
40744,72974
40744,8430
40744,151111
40744,126603
40744,147892
40744,118838
40744,154291
40744,283
40744,84072
40744,161171
71308,95914
71308,155127
71308,159097
71308,125642
71308,146733
71308,32338
71308,110345
71308,152296
71308,86321
71308,163650
71308,68078
71308,72568
71308,68865
71308,98175
71308,120462
71308,23608
71308,17656
71308,144099
71308,86266
71308,90364
71308,34823
71308,79037
71308,40665
71308,49210
71308,66097
71308,96285
71308,113048
71308,49222
71308,31053
71308,74628
71308,60017
71308,30029
71308,92773
71308,112599
71308,112906
71308,139857
71308,117010
71308,60740
71308,60834
71308,117880
71308,84063
71308,54605
71308,31748
71308,50870
71308,40078
71308,10627
71308,57561
71308,146373
71308,29391
71308,8585
71308,100018
71308,131213
71308,167147
71308,41078
71308,144418
71308,145042
71308,129782
71308,156611
71308,80835
71308,11171
71308,18673
71308,131992
71308,8430
71308,104558
71308,153601
71308,2367
71308,76278
71308,112373
71308,74889
71308,118227
71308,113094
71308,20078
71308,59753
71308,9145
71308,10401
71308,25459
71308,48283
71308,109530
71308,115814
71308,65086
71308,31019
71308,130492
71308,44742
71308,96163
71308,13480
71308,157280
71308,66787
71308,155794
71308,103961
71308,150787
71308,61645
71308,2721
71308,117043
71308,55524
71308,55743
110345,159097
110345,57532
110345,125642
110345,123076
110345,128482
110345,146733
110345,32338
110345,45213
110345,42326
110345,165493
110345,13747
110345,106715
110345,10130
110345,98175
110345,29142
110345,917
110345,60117
110345,36512
110345,738
110345,136553
110345,99333
110345,31053
110345,90904
110345,102720
110345,24948
110345,153031
110345,79883
110345,5394
110345,125575
110345,95889
110345,26290
110345,25332
110345,41491
110345,92773
110345,107171
110345,76702
110345,40180
110345,112599
110345,112906
110345,7646
110345,49490
110345,127907
110345,116574
110345,139857
110345,61216
110345,63645
110345,117010
110345,67122
110345,27607
110345,29859
110345,60420
110345,60740
110345,148452
110345,136039
110345,50821
110345,21970
110345,60834
110345,1509
110345,148688
110345,12306
110345,105992
110345,83057
110345,15192
110345,6927
110345,95857
110345,22941
110345,84063
110345,41660
110345,17656
110345,146242
110345,53333
110345,26813
110345,111369
110345,98864
110345,64816
110345,90566
110345,98533
110345,117006
110345,924
110345,120648
110345,101307
110345,32546
110345,50870
110345,40078
110345,18311
110345,98223
110345,124314
110345,66391
110345,148199
110345,167299
110345,100208
110345,52042
110345,139735
110345,134800
110345,19470
110345,38432
110345,84077
110345,65714
110345,83656
110345,35250
110345,89011
110345,64251
110345,86444
110345,80832
110345,70987
110345,49974
110345,140488
110345,62330
110345,89504
110345,79006
110345,129799
110345,81304
110345,14562
110345,163788
110345,88034
110345,118227
110345,152408
110345,92485
110345,44742
110345,67203
110345,104492
110345,34823
110345,60922
110345,153672
110345,92530
110345,57619
110345,156081
110345,107560
110345,93032
110345,129378
110345,91221
110345,154515
110345,134134
110345,27357
110345,148276
110345,58021
110345,165222
110345,104914
110345,93591
110345,65576
110345,153961
110345,113139
110345,49210
110345,129782
110345,41816
110345,136679
110345,130638
110345,128662
110345,55524
110345,108664
110345,168106
110345,152352
110345,96163
110345,60424
110345,129977
110345,43766
110345,113094
110345,167533
110345,126470
110345,30038
110345,29740
110345,156345
110345,114665
110345,153604
110345,8585
110345,30911
110345,48368
110345,94508
110345,55743
110345,159777
110345,73988
110345,6083
110345,120819
110345,102909
110345,60123
110345,157845
110345,131219
110345,126865
110345,68904
110345,45187
110345,103196
110345,140049
110345,116939
110345,123526
110345,51273
110345,120462
110345,152296
110345,3946
110345,68078
110345,35536
110345,1479
110345,141080
110345,67032
110345,53092
110345,94137
110345,133917
110345,112998
110345,144816
110345,108450
110345,86266
110345,116267
110345,6850
110345,13542
110345,86321
110345,123832
110345,90364
110345,103668
110345,2957
110345,84072
110345,56602
110345,157280
110345,163767
110345,30892
110345,136349
110345,90407
110345,86704
110345,137333
110345,116403
110345,64944
110345,126711
110345,28889
110345,18673
110345,75092
110345,130085
110345,25459
110345,39592
110345,54669
110345,50705
110345,112373
110345,144801
110345,24323
110345,110351
110345,33798
110345,120896
110345,127069
110345,111205
110345,62655
110345,154357
110345,104154
110345,83964
110345,54911
110345,163270
110345,93842
110345,9324
110345,144602
110345,80510
110345,120979
110345,155195
110345,65586
110345,140514
110345,58721
110345,43244
110345,76902
110345,122761
110345,116442
110345,27887
110345,91713
110345,64622
110345,72171
110345,9145
110345,54392
110345,50380
110345,148010
110345,111465
110345,152805
110345,9914
110345,76589
110345,118838
110345,151510
110345,95301
110345,91658
110345,77137
110345,144099
110345,104558
110345,29442
110345,19759
110345,150787
110345,42448
110345,129396
110345,39894
110345,52779
110345,122959
110345,77138
110345,93354
110345,33082
110345,158128
110345,76283
110345,149949
110345,67426
110345,131257
110345,31019
110345,70419
110345,92825
110345,160734
110345,106458
110345,162147
110345,140731
110345,73984
110345,106730
110345,111152
110345,98174
110345,64233
110345,103063
110345,91223
157280,95914
157280,146733
157280,32338
157280,152296
157280,86321
157280,163650
157280,132759
157280,75128
157280,68865
157280,120462
157280,153604
157280,144099
157280,90364
157280,34823
157280,49210
157280,96285
157280,113048
157280,59753
157280,29391
157280,118227
157280,112373
157280,149870
157280,167147
157280,17082
157280,60834
157280,63518
157280,84915
157280,89299
157280,72974
157280,43766
157280,10627
157280,40078
157280,106397
157280,152365
157280,60740
157280,30029
157280,112599
157280,23076
157280,4514
157280,52328
157280,113094
157280,112906
157280,165493
157280,42448
157280,41660
157280,26453
157280,140731
157280,15192
157280,49222
157280,51551
157280,160946
157280,111749
157280,148563
157280,48283
157280,156611
157280,31748
157280,31019
157280,115814
157280,108508
157280,92530
157280,9145
157280,25459
157280,112129
157280,31053
157280,60017
157280,5998
157280,86455
157280,117010
157280,24615
157280,57561
157280,146373
157280,111924
157280,163788
157280,165151
157280,116963
157280,78484
157280,8585
157280,2420
157280,82689
157280,39100
157280,90407
157280,102744
157280,99323
157280,20078
157280,130492
157280,54392
157280,7469
157280,75004
157280,114235
157280,10401
157280,38588
112373,95914
112373,122269
112373,159097
112373,123076
112373,146733
112373,32338
112373,152296
112373,163650
112373,132759
112373,105992
112373,72568
112373,68865
112373,120462
112373,153604
112373,90364
112373,49210
112373,113048
112373,59753
112373,81033
112373,30029
112373,92773
112373,60931
112373,147908
112373,155354
112373,6927
112373,10627
112373,2721
112373,44742
112373,142280
112373,145042
112373,29442
112373,20870
112373,131213
112373,166877
112373,62655
112373,95301
112373,76902
112373,20078
112373,47096
112373,54392
112373,64791
112373,140731
112373,13480
112373,83318
48047,155127
48047,32338
48047,83761
48047,106715
48047,90637
48047,58658
48047,117880
48047,63764
48047,120117
48047,146373
48047,95797
48047,29391
48047,103111
48047,59868
48047,76902
48047,156187
48047,47096
48047,31019
48047,103719
48047,103090
48047,59753
48047,65235
48047,90364
48047,129378
48047,79037
48047,17712
48047,113094
48047,68672
48047,153236
48047,55524
48047,57872
48047,11968
48047,27357
48047,81623
48047,1479
48047,134649
48047,164385
48047,4890
48047,103063
48047,109765
48047,160734
48047,132183
93591,123076
93591,146733
93591,152296
93591,63730
93591,113219
93591,163650
93591,17147
93591,68078
93591,120819
93591,68865
93591,118227
93591,163767
93591,92773
93591,60834
93591,113139
93591,91221
93591,145424
93591,109765
93591,8430
93591,165493
93591,137429
93591,76702
93591,53391
93591,113344
93591,21970
93591,6684
93591,59868
93591,161476
93591,76902
93591,17712
93591,153236
93591,14765
93591,128067
19265,95914
19265,146733
19265,32338
19265,40326
19265,164792
19265,105992
19265,68865
19265,120462
19265,153604
19265,144099
19265,113048
19265,29391
19265,118227
19265,167147
19265,109885
19265,48214
19265,113139
19265,79721
19265,10627
19265,109765
19265,8430
19265,55524
19265,60740
19265,49222
19265,36512
19265,30029
19265,15429
19265,84063
19265,69319
19265,15901
19265,26453
19265,44742
19265,144418
19265,85037
19265,155794
19265,104558
19265,156345
19265,154291
19265,92530
19265,150787
19265,111749
39894,125642
39894,112771
39894,86321
39894,85822
39894,129396
39894,120819
39894,98175
39894,34823
39894,77138
39894,81304
39894,22941
39894,112599
39894,76589
39894,95301
39894,27887
39894,140514
39894,76702
39894,55743
39894,48368
39894,9914
39894,135893
39894,107171
39894,59120
39894,23315
39894,153834
39894,133212
39894,22238
39894,163270
39894,93455
39894,80510
39894,36850
129378,57532
129378,40326
129378,132759
129378,17147
129378,137193
129378,105992
129378,105137
129378,79037
129378,90637
129378,149870
129378,110351
129378,84427
129378,113039
129378,28207
129378,117880
129378,40078
129378,120117
129378,89011
129378,95797
129378,40533
129378,55406
129378,83318
129378,1189
129378,162124
129378,162147
129378,145042
129378,81623
129378,8430
129378,103063
129378,109765
113139,95914
113139,159097
113139,125642
113139,70518
113139,146733
113139,32338
113139,152296
113139,163650
113139,132759
113139,17147
113139,105992
113139,120819
113139,68865
113139,120462
113139,66097
113139,90637
113139,29391
113139,103111
113139,167147
113139,110351
113139,91040
113139,84427
113139,48214
113139,18673
113139,163767
113139,148010
113139,92773
113139,76278
113139,163004
113139,54959
113139,58021
113139,72974
113139,65576
113139,92133
113139,106715
113139,35157
113139,99333
113139,136674
113139,112599
113139,112906
113139,61216
113139,138267
113139,24615
113139,8747
113139,95857
113139,23315
113139,54605
113139,117006
113139,31748
113139,10627
113139,52042
113139,49209
113139,49974
113139,14562
113139,64869
113139,2721
113139,44742
113139,75676
113139,97782
113139,83318
113139,46588
113139,140731
113139,155794
113139,99323
113139,60922
113139,131992
113139,2420
113139,149445
113139,8585
113139,109765
113139,9324
113139,43191
113139,136349
113139,128067
113139,97010
113139,20954
113139,23586
113139,108728
113139,130638
113139,67032
113139,92199
113139,155195
113139,55524
113139,60424
113139,53092
113139,97391
113139,22866
113139,17712
113139,9145
113139,76902
113139,150787
98809,32338
98809,29391
98809,165493
98809,44188
98809,151550
98809,160734
98809,110085
98809,58129
152296,155127
152296,159097
152296,125642
152296,146733
152296,32338
152296,143423
152296,113039
152296,42326
152296,165493
152296,108508
152296,106715
152296,10130
152296,49222
152296,50884
152296,113708
152296,36512
152296,67364
152296,45319
152296,18169
152296,99333
152296,90904
152296,72568
152296,60017
152296,92773
152296,107171
152296,113344
152296,112906
152296,7646
152296,86455
152296,147908
152296,63645
152296,60420
152296,24615
152296,70259
152296,60740
152296,148452
152296,50821
152296,1509
152296,105992
152296,38379
152296,83057
152296,15192
152296,84063
152296,41660
152296,146242
152296,66097
152296,111369
152296,98864
152296,36447
152296,64816
152296,98533
152296,23076
152296,924
152296,120648
152296,32322
152296,31748
152296,50870
152296,39730
152296,18311
152296,106427
152296,163004
152296,7295
152296,167299
152296,1373
152296,100208
152296,52042
152296,134800
152296,35250
152296,86444
152296,153834
152296,29391
152296,70987
152296,73739
152296,49974
152296,89504
152296,92653
152296,88034
152296,53737
152296,64869
152296,39636
152296,118227
152296,2721
152296,152408
152296,92485
152296,44742
152296,161415
152296,34823
152296,144418
152296,115814
152296,162529
152296,76278
152296,58721
152296,37586
152296,140731
152296,161476
152296,90407
152296,72171
152296,109401
152296,82689
152296,51551
152296,155794
152296,95301
152296,76283
152296,56454
152296,31019
152296,29823
152296,122230
152296,98174
152296,111970
152296,92530
152296,57619
152296,134134
152296,27357
152296,165222
152296,102744
152296,157845
152296,55524
152296,68865
152296,113094
152296,126470
152296,152043
152296,153604
152296,153907
152296,10730
152296,68078
152296,1479
152296,116267
152296,86321
152296,116442
152296,91040
152296,115854
152296,103668
152296,48214
152296,166877
152296,162309
152296,56602
152296,30892
152296,136349
152296,148563
152296,65576
152296,49210
152296,129782
152296,136679
152296,8430
152296,38709
152296,81040
152296,154357
152296,109765
152296,131257
152296,48368
152296,108664
152296,120979
152296,129977
152296,138377
152296,114108
152296,65086
152296,12276
152296,43766
152296,140514
152296,117043
152296,55743
152296,29740
152296,155499
152296,91221
152296,8585
152296,122761
152296,35536
152296,35556
152296,96831
152296,9145
152296,54392
152296,118838
152296,151510
152296,64233
152296,91658
152296,127944
152296,120819
152296,20078
152296,42448
152296,9914
152296,150723
152296,36850
152296,110351
152296,92199
152296,120462
152296,68672
152296,3946
152296,162147
152296,111749
152296,73984
152296,94137
152296,132183
25459,155127
25459,159097
25459,146733
25459,32338
25459,72568
25459,68865
25459,120462
25459,144099
25459,34823
25459,113048
25459,29391
25459,10627
25459,60740
25459,30029
25459,113094
25459,112906
25459,76283
25459,112998
25459,48283
25459,156611
25459,31748
25459,9145
25459,86455
25459,117010
25459,84063
25459,101121
25459,111924
25459,163788
25459,75004
25459,152043
25459,36850
25459,130492
8430,159097
8430,57532
8430,128482
8430,105137
8430,166910
8430,68078
8430,68865
8430,63155
8430,34823
8430,113048
8430,118227
8430,149870
8430,81304
8430,54959
8430,72974
8430,6927
8430,64622
8430,130085
8430,40078
8430,92653
8430,45213
8430,113039
8430,108508
8430,92133
8430,13747
8430,10130
8430,142072
8430,66807
8430,137429
8430,36512
8430,9913
8430,136674
8430,165440
8430,102720
8430,74628
8430,125575
8430,60017
8430,25332
8430,112599
8430,7646
8430,49490
8430,148537
8430,63645
8430,83074
8430,117010
8430,72034
8430,50821
8430,155354
8430,38379
8430,95857
8430,23315
8430,45104
8430,70964
8430,142399
8430,98864
8430,64816
8430,117006
8430,18311
8430,141533
8430,77423
8430,66391
8430,1373
8430,100208
8430,120117
8430,52042
8430,59059
8430,159314
8430,64251
8430,146373
8430,126603
8430,45018
8430,14562
8430,9282
8430,44742
8430,161415
8430,110636
8430,144418
8430,108450
8430,97782
8430,9945
8430,58721
8430,37586
8430,46588
8430,161476
8430,72171
8430,50380
8430,17995
8430,77862
8430,98653
8430,114322
8430,99323
8430,76522
8430,31019
8430,98174
8430,60922
8430,55530
8430,134134
8430,104914
8430,157845
8430,31716
8430,91510
8430,88221
8430,14301
8430,153907
8430,73988
8430,125904
8430,74889
8430,131219
8430,106070
8430,43244
8430,66787
8430,10730
8430,112998
8430,156611
8430,60424
8430,14438
8430,104558
8430,35536
8430,141080
8430,120896
8430,117013
8430,144801
8430,145979
8430,138377
8430,55743
8430,161681
8430,154357
8430,38709
8430,38588
8430,68904
8430,91713
8430,154291
8430,93354
8430,75092
8430,48368
8430,92825
8430,95023
8430,163270
8430,93842
8430,9324
8430,107560
8430,108728
8430,77592
8430,73732
8430,855
8430,56602
8430,96163
8430,153918
8430,83964
8430,154515
8430,164385
8430,9914
8430,150723
8430,151218
8430,120979
8430,118838
8430,30892
8430,6825
8430,123526
8430,104154
8430,64233
8430,136349
8430,91658
8430,45187
8430,65086
8430,126459
8430,76589
8430,97010
8430,122959
8430,42448
8430,100018
8430,134384
8430,86704
8430,144602
8430,50705
8430,976
8430,35556
8430,73314
36850,125642
36850,32338
36850,86321
36850,86266
36850,40665
36850,59753
36850,29391
36850,154716
36850,89299
36850,25633
120462,155127
120462,159097
120462,86321
120462,163650
120462,132759
120462,17147
120462,166910
120462,47245
120462,72568
120462,68865
120462,143423
120462,42326
120462,106715
120462,96285
120462,49222
120462,31270
120462,18169
120462,99333
120462,74628
120462,140207
120462,30029
120462,112599
120462,90637
120462,112906
120462,7646
120462,60740
120462,150745
120462,155354
120462,21970
120462,63518
120462,6927
120462,95857
120462,120128
120462,125370
120462,77110
120462,31748
120462,100277
120462,167299
120462,63764
120462,100208
120462,10627
120462,117505
120462,57561
120462,146373
120462,126603
120462,29391
120462,111924
120462,79006
120462,79721
120462,118227
120462,2721
120462,26453
120462,44742
120462,67203
120462,59868
120462,34823
120462,144418
120462,95489
120462,99793
120462,48283
120462,115814
120462,9945
120462,76278
120462,90407
120462,109401
120462,65586
120462,155794
120462,95301
120462,113048
120462,11968
120462,31019
120462,165182
120462,162124
120462,60922
120462,109530
120462,92530
120462,75004
120462,66845
120462,152043
120462,153604
120462,11171
120462,34930
120462,10730
120462,124101
120462,156611
120462,60424
120462,148276
120462,104558
120462,162309
120462,130492
120462,117043
120462,134649
120462,76902
120462,122761
120462,151218
120462,73314
120462,110351
120462,148563
120462,91658
120462,122959
120462,111749
120462,155927
120462,49210
120462,50549
120462,9324
120462,45306
120462,160734
120462,68904
120462,162147
120462,109765
120462,90364
120462,79037
120462,13480
120462,160964
120462,131257
120462,144099
120462,133868
120462,156345
120462,132183
120462,130085
120462,59753
120462,114235
120462,61645
120462,10401
120462,96163
120462,8585
79037,155127
79037,159097
79037,47245
79037,23608
79037,144099
79037,63764
79037,90364
79037,106715
79037,96285
79037,165440
79037,30029
79037,76702
79037,90637
79037,112906
79037,58658
79037,60834
79037,117880
79037,6927
79037,54605
79037,23076
79037,20825
79037,120117
79037,6684
79037,146373
79037,95797
79037,29391
79037,111924
79037,103111
79037,58803
79037,2721
79037,123548
79037,59868
79037,75676
79037,6850
79037,32385
79037,76278
79037,140731
79037,90407
79037,17995
79037,113048
79037,11968
79037,31019
79037,47096
79037,162124
79037,27357
79037,55524
79037,154503
79037,113094
79037,149870
79037,137817
79037,103063
79037,103719
79037,124101
79037,156611
79037,2420
79037,104558
79037,20078
79037,117043
79037,134649
79037,147892
79037,110351
79037,148563
79037,113373
79037,111749
79037,68672
79037,109765
79037,128662
79037,4890
79037,57872
79037,156187
79037,145424
79037,103090
79037,167147
79037,131992
79037,17712
79037,153236
79037,160964
79037,10401
79037,130085
79037,92292
79037,59753
79037,61645
79037,133868
79037,132183
32338,128482
32338,146733
32338,60922
32338,153672
32338,39730
32338,18311
32338,165493
32338,57619
32338,139365
32338,161171
32338,108508
32338,80510
32338,10130
32338,120117
32338,112599
32338,154515
32338,107823
32338,52042
32338,74628
32338,164398
32338,98175
32338,82756
32338,60123
32338,130085
32338,104914
32338,102744
32338,65576
32338,12306
32338,129782
32338,38432
32338,114235
32338,42711
32338,108664
32338,50884
32338,70987
32338,168106
32338,152352
32338,115854
32338,72504
32338,101121
32338,68865
32338,77423
32338,83656
32338,138010
32338,86444
32338,66807
32338,123526
32338,43766
32338,98308
32338,146373
32338,113094
32338,153264
32338,167533
32338,139735
32338,29740
32338,131101
32338,95048
32338,105137
32338,73739
32338,130492
32338,36447
32338,153604
32338,18169
32338,111924
32338,140488
32338,25332
32338,64622
32338,48368
32338,153907
32338,42326
32338,55743
32338,64816
32338,11171
32338,90904
32338,89504
32338,133212
32338,30038
32338,34823
32338,79883
32338,9282
32338,156345
32338,162309
32338,95889
32338,30029
32338,56602
32338,283
32338,103992
32338,41491
32338,74889
32338,81304
32338,142304
32338,99333
32338,102720
32338,92653
32338,87244
32338,165151
32338,10730
32338,118227
32338,26453
32338,152408
32338,68672
32338,3946
32338,58905
32338,51776
32338,68078
32338,161415
32338,67203
32338,95973
32338,113344
32338,76283
32338,4514
32338,67032
32338,94137
32338,144418
32338,92773
32338,32537
32338,166202
32338,7646
32338,122037
32338,148745
32338,108450
32338,127907
32338,97782
32338,84915
32338,116574
32338,76589
32338,5709
32338,40080
32338,2773
32338,98223
32338,166877
32338,116403
32338,131692
32338,86455
32338,64944
32338,51273
32338,54911
32338,30892
32338,84063
32338,136349
32338,7659
32338,48283
32338,112129
32338,117010
32338,118162
32338,27607
32338,148563
32338,166704
32338,29859
32338,60420
32338,60740
32338,148452
32338,115814
32338,107606
32338,61030
32338,136039
32338,144801
32338,35536
32338,119922
32338,127069
32338,79605
32338,150787
32338,23586
32338,111205
32338,41078
32338,154357
32338,65168
32338,131257
32338,17082
32338,83057
32338,95434
32338,41885
32338,53391
32338,120979
32338,65586
32338,36512
32338,107560
32338,45319
32338,65086
32338,103961
32338,140514
32338,50705
32338,72906
32338,58721
32338,99251
32338,134649
32338,27725
32338,54069
32338,63490
32338,976
32338,56306
32338,122761
32338,83964
32338,116442
32338,27887
32338,90407
32338,91713
32338,111152
32338,41660
32338,93347
32338,82689
32338,51551
32338,23315
32338,9145
32338,142399
32338,66097
32338,111465
32338,151218
32338,155499
32338,53333
32338,151510
32338,29391
32338,64233
32338,140049
32338,77862
32338,113048
32338,151550
32338,111369
32338,134858
32338,11968
32338,98653
32338,27381
32338,117960
32338,110085
32338,59397
32338,98864
32338,73314
32338,61316
32338,126501
32338,32546
32338,150723
32338,93354
32338,103111
32338,33082
32338,151137
32338,93455
32338,62158
32338,56454
32338,98533
32338,76522
32338,106244
32338,117006
32338,70419
32338,29823
32338,67364
32338,160734
32338,163082
32338,162147
32338,5394
32338,924
32338,149704
32338,106484
32338,120648
32338,167299
32338,132183
32338,81033
32338,4129
32338,31748
13747,155127
13747,58773
13747,74908
13747,149870
13747,55524
13747,64791
13747,27887
40326,57532
40326,92133
40326,7659
40326,21032
40326,29142
40326,81033
40326,8585
40326,104344
40326,122761
40326,80900
40326,144801
40326,75038
40326,3946
40326,95023
40326,95857
40326,162124
40326,138377
40326,40078
40326,146242
40326,92653
40326,84063
40326,9282
40326,87244
40326,44742
40326,95889
40326,165151
40326,14562
40326,14301
40326,97010
40326,38432
40326,102345
40326,111152
40326,114235
40326,93354
40326,154357
40326,153907
40326,22238
40326,160964
40326,140049
40326,111749
40326,101376
40326,112558
40326,55524
40326,60424
40326,92825
40326,90181
40326,98781
40326,148199
40326,159314
40326,136553
40326,108664
40326,161476
40326,23315
40326,9145
40326,63155
40326,133212
40326,116939
40326,98533
40326,76522
40326,66714
40326,38379
40326,31019
40326,115184
40326,96163
40326,116574
40326,2420
40326,100018
40326,58129
40326,24948
40326,145042
40326,41885
40326,151218
40326,74628
40326,118838
40326,30892
40326,165182
40326,53391
40326,29391
40326,64233
40326,91658
40326,106458
40326,124409
40326,152570
40326,144418
40326,12276
40326,25022
40326,146373
40326,113094
40326,77862
40326,67032
40326,55743
40326,126470
40326,136039
40326,153834
40326,118162
40326,142864
40326,106730
40326,30038
40326,12684
40326,148276
40326,29859
40326,60123
40326,22866
40326,142280
40326,7646
40326,99251
40326,98653
40326,105137
40326,44577
40326,108450
40326,150745
40326,74889
40326,159035
40326,58082
40326,73732
40326,117960
40326,91223
40326,49490
40326,61030
40326,142902
40326,50821
40326,81089
40326,58556
35157,125642
35157,109885
35157,76829
35157,76278
35157,54993
35157,10627
35157,140731
35157,65086
35157,136679
30029,95914
30029,159097
30029,146733
30029,163650
30029,72568
30029,68865
30029,153604
30029,144099
30029,90364
30029,40665
30029,49210
30029,96285
30029,113048
30029,59753
30029,134649
30029,110351
30029,17082
30029,48214
30029,18673
30029,154716
30029,133868
30029,60834
30029,135162
30029,84915
30029,50870
30029,6927
30029,10627
30029,23586
30029,55524
30029,60740
30029,10130
30029,112129
30029,54927
30029,18169
30029,102720
30029,60017
30029,131992
30029,131213
30029,54605
30029,163788
30029,151218
30029,8585
30029,5998
30029,155195
30029,54771
30029,129977
30029,451
30029,26453
30029,155927
30029,43191
30029,4890
30029,59868
30029,20078
30029,31157
30029,162147
30029,65086
30029,103961
30029,155354
30029,92530
30029,117010
30029,146373
30029,113094
30029,109401
30029,13480
30029,83318
30029,2721
30029,111369
30029,148563
30029,104558
30029,144418
30029,93347
30029,29442
30029,41660
30029,152043
30029,142721
30029,9324
30029,102744
30029,99323
30029,111749
30029,2566
30029,9145
30029,54392
30029,101121
30029,115814
30029,75004
30029,59397
30029,114235
30029,162309
30029,44742
30029,31748
92773,155127
92773,159097
92773,57532
92773,125642
92773,123076
92773,146733
92773,58773
92773,74908
92773,68078
92773,120819
92773,68865
92773,153604
92773,86266
92773,34823
92773,49210
92773,113048
92773,41078
92773,149870
92773,110351
92773,60123
92773,123832
92773,91040
92773,48214
92773,163767
92773,45213
92773,42326
92773,139365
92773,50884
92773,917
92773,18169
92773,90904
92773,74628
92773,60017
92773,79678
92773,149445
92773,40078
92773,129782
92773,95857
92773,60922
92773,95489
92773,153601
92773,10730
92773,102909
92773,91713
92773,20078
92773,150723
92773,6927
92773,65086
92773,160964
92773,115854
92773,111749
92773,108664
92773,54959
92773,1373
92773,64816
92773,120128
92773,57619
92773,129977
92773,61216
92773,96831
92773,9145
92773,98533
92773,130638
92773,73988
92773,44742
92773,150787
92773,67203
92773,112906
92773,30892
92773,108599
92773,162309
92773,114108
92773,144418
92773,117010
92773,113094
92773,154291
92773,158128
92773,67591
92773,83318
92773,94137
92773,98174
92773,26453
92773,29859
92773,32537
92773,152043
92773,72974
92773,27838
92773,65576
92773,60420
92773,162147
92773,153961
92773,54669
92773,32322
92773,70419
92773,97782
92773,49974
131992,155127
131992,70518
131992,112771
131992,163650
131992,17147
131992,105992
131992,17656
131992,63764
131992,90364
131992,96285
131992,113048
131992,59753
131992,60931
131992,10627
131992,23586
131992,147892
131992,2721
131992,155354
131992,31748
131992,20078
131992,160964
131992,54605
20078,159097
20078,163650
20078,105992
20078,68865
20078,153604
20078,63764
20078,34823
20078,49210
20078,96285
20078,113048
20078,59753
20078,29391
20078,84915
20078,10627
20078,60740
20078,23076
20078,95301
20078,148563
20078,92530
20078,146373
20078,8585
20078,117010
20078,54605
20078,11171
20078,13480
20078,160964
20078,2367
167147,159097
167147,125642
167147,70518
167147,132759
167147,105992
167147,68865
167147,98175
167147,34823
167147,41078
167147,132183
167147,120798
167147,149870
167147,143423
167147,42326
167147,139365
167147,108508
167147,7659
167147,50884
167147,95048
167147,90904
167147,283
167147,165440
167147,74628
167147,5394
167147,125575
167147,95889
167147,41491
167147,112599
167147,112906
167147,127907
167147,5998
167147,63645
167147,27607
167147,60420
167147,60740
167147,117880
167147,15192
167147,95857
167147,22941
167147,45104
167147,53333
167147,111369
167147,98864
167147,58129
167147,924
167147,101307
167147,136831
167147,50870
167147,75038
167147,18311
167147,98223
167147,124314
167147,167299
167147,100208
167147,59059
167147,19470
167147,89011
167147,159314
167147,64251
167147,70987
167147,140488
167147,89504
167147,88034
167147,161415
167147,144418
167147,108450
167147,97782
167147,118162
167147,115814
167147,54669
167147,9945
167147,162529
167147,161476
167147,65586
167147,98653
167147,130555
167147,62158
167147,76522
167147,122230
167147,92530
167147,57619
167147,25142
167147,143769
167147,157845
167147,152352
167147,10730
167147,126501
167147,112998
167147,148637
167147,35536
167147,13542
167147,9145
167147,151218
167147,136679
167147,64233
167147,158128
167147,118838
167147,155499
167147,54392
167147,122959
167147,107560
167147,29442
167147,71825
167147,65576
167147,109765
167147,108664
167147,129977
167147,7469
167147,20954
167147,64622
167147,80900
167147,46131
167147,152365
167147,164385
167147,48214
167147,30892
167147,51776
167147,93354
167147,95513
167147,103668
167147,56602
167147,136349
167147,86704
167147,57046
167147,68904
167147,81089
167147,131257
167147,155195
167147,93842
167147,43191
167147,154515
167147,166226
167147,62655
167147,167091
167147,163082
167147,140514
167147,50705
167147,99251
167147,145979
167147,976
167147,14765
44742,159097
44742,57532
44742,163650
44742,105992
44742,129396
44742,68865
44742,153604
44742,144099
44742,86266
44742,34823
44742,29391
44742,103111
44742,17082
44742,84427
44742,10627
44742,55524
44742,150787
44742,112906
44742,156187
44742,83761
44742,36512
44742,31053
44742,15429
44742,31748
44742,54771
44742,73739
44742,94137
44742,118838
44742,35556
44742,66787
44742,111749
144099,95914
144099,70518
144099,153672
144099,86321
144099,163650
144099,137193
144099,68078
144099,68865
144099,23608
144099,153604
144099,31053
144099,112599
144099,60931
144099,5998
144099,24615
144099,70259
144099,60740
144099,15192
144099,6927
144099,36447
144099,31748
144099,50870
144099,63764
144099,10627
144099,122037
144099,146373
144099,111924
144099,118227
144099,2721
144099,59868
144099,144418
144099,75676
144099,97782
144099,84915
144099,115814
144099,76278
144099,113048
144099,92530
144099,75004
144099,55524
144099,113094
144099,142721
144099,34930
144099,10730
144099,86266
144099,124101
144099,84072
144099,104558
144099,117043
144099,134649
144099,25633
144099,2367
144099,93347
144099,147892
144099,148563
144099,54392
144099,111749
144099,49210
144099,114235
144099,129977
144099,8585
144099,48214
144099,92825
144099,154716
144099,9324
144099,100649
144099,166877
144099,41078
144099,90364
144099,59753
144099,13480
144099,61645
163650,95914
163650,159097
163650,86321
163650,98175
163650,81033
163650,18169
163650,9913
163650,31053
163650,60017
163650,112599
163650,90637
163650,49490
163650,5998
163650,139857
163650,147908
163650,117010
163650,70259
163650,60740
163650,105992
163650,6927
163650,54605
163650,59397
163650,98864
163650,64816
163650,20825
163650,31748
163650,40078
163650,100277
163650,148199
163650,10627
163650,52042
163650,84077
163650,54771
163650,146373
163650,29391
163650,111924
163650,72974
163650,58803
163650,163788
163650,2721
163650,26453
163650,161415
163650,59868
163650,34823
163650,144418
163650,84915
163650,2957
163650,118162
163650,115814
163650,140731
163650,65586
163650,113048
163650,131213
163650,99323
163650,47096
163650,60922
163650,92530
163650,68865
163650,113094
163650,30038
163650,152043
163650,109885
163650,74889
163650,10730
163650,86266
163650,68078
163650,60424
163650,162309
163650,23586
163650,163270
163650,134649
163650,93347
163650,9145
163650,151218
163650,136679
163650,148563
163650,132759
163650,38588
163650,111749
163650,155927
163650,123832
163650,67032
163650,49210
163650,8585
163650,64622
163650,58905
163650,62655
163650,94137
163650,155195
163650,14765
163650,90364
163650,166877
163650,154515
163650,106244
163650,154716
163650,13480
163650,80510
163650,68904
163650,89299
163650,59753
118227,155127
118227,146733
118227,58773
118227,112771
118227,6357
118227,75128
118227,68865
118227,17656
118227,90364
118227,34823
118227,66097
118227,113048
118227,117043
118227,29391
118227,108508
118227,106715
118227,18169
118227,60017
118227,112558
118227,112599
118227,5998
118227,86455
118227,117010
118227,60740
118227,60834
118227,63518
118227,11037
118227,59397
118227,23076
118227,31748
118227,19470
118227,6684
118227,146373
118227,73739
118227,89504
118227,103111
118227,163788
118227,8585
118227,66845
118227,26453
118227,164520
118227,148563
118227,144418
118227,38588
118227,27887
118227,76829
118227,84915
118227,1479
118227,161171
118227,9145
118227,11171
118227,10730
118227,2367
118227,97010
118227,114235
118227,48283
118227,130492
118227,115814
118227,43766
118227,166877
118227,113094
118227,109765
118227,145424
118227,13480
118227,111749
118227,55524
118227,30038
40665,18169
40665,86455
40665,117010
40665,41660
40665,113094
40665,8585
40665,117043
40665,13480
40665,160964
40665,130492
40665,42448
40665,10730
68865,95914
68865,155127
68865,159097
68865,70518
68865,146733
68865,86321
68865,17147
68865,105992
68865,166910
68865,47245
68865,6357
68865,68078
68865,72568
68865,120819
68865,42326
68865,165493
68865,10130
68865,98175
68865,96285
68865,49222
68865,81033
68865,50884
68865,36512
68865,738
68865,18169
68865,136674
68865,74628
68865,5394
68865,60017
68865,102960
68865,54959
68865,112558
68865,112906
68865,7646
68865,116574
68865,58658
68865,139857
68865,83074
68865,117010
68865,29859
68865,72034
68865,60740
68865,136039
68865,150745
68865,8769
68865,1509
68865,17082
68865,38379
68865,54069
68865,41660
68865,70964
68865,54605
68865,146242
68865,66097
68865,110085
68865,98864
68865,120648
68865,136831
68865,31748
68865,75038
68865,40078
68865,162332
68865,66391
68865,148199
68865,101121
68865,100208
68865,451
68865,52042
68865,139735
68865,134800
68865,59059
68865,57561
68865,89011
68865,159314
68865,49209
68865,86444
68865,126603
68865,73739
68865,15901
68865,45018
68865,89504
68865,72974
68865,103111
68865,163788
68865,92653
68865,53737
68865,26453
68865,161415
68865,67203
68865,59868
68865,34823
68865,110636
68865,144418
68865,97782
68865,118162
68865,115814
68865,29783
68865,103961
68865,58721
68865,46588
68865,109093
68865,140731
68865,161476
68865,65586
68865,113048
68865,98653
68865,80837
68865,76283
68865,62158
68865,99323
68865,31019
68865,20870
68865,140049
68865,92530
68865,131704
68865,57619
68865,55530
68865,75004
68865,21422
68865,134134
68865,60123
68865,27007
68865,55524
68865,68629
68865,152352
68865,43766
68865,122761
68865,116442
68865,145979
68865,9324
68865,122959
68865,42448
68865,103668
68865,154357
68865,10730
68865,38709
68865,97010
68865,38588
68865,155927
68865,68904
68865,114235
68865,81089
68865,48368
68865,13480
68865,108664
68865,60424
68865,95023
68865,129977
68865,104558
68865,93354
68865,93347
68865,88221
68865,55743
68865,76902
68865,126470
68865,93842
68865,9145
68865,108728
68865,96831
68865,111749
68865,54392
68865,7469
68865,166877
68865,6083
68865,96163
68865,10494
68865,164385
68865,109765
68865,2420
68865,100018
68865,93455
68865,108599
68865,151218
68865,118838
68865,155195
68865,30892
68865,54139
68865,129782
68865,149870
68865,124409
68865,136349
68865,162147
68865,130492
68865,34930
68865,62655
68865,98308
68865,113094
68865,67032
68865,166226
68865,94137
68865,136679
68865,52328
68865,48028
68865,90364
68865,148563
68865,144816
68865,41078
68865,124101
68865,29442
68865,153918
68865,148276
68865,91658
68865,126711
68865,123832
68865,120107
68865,103992
68865,57046
68865,134649
68865,158355
68865,65576
68865,163270
68865,74889
68865,152043
68865,91223
68865,25022
68865,153604
68865,8585
68865,73314
85822,7659
85822,112129
85822,90904
85822,24948
85822,107171
85822,102345
85822,140333
85822,14293
85822,138267
85822,22941
85822,39730
85822,98223
85822,77423
85822,62330
85822,26453
85822,108450
85822,115820
85822,77862
85822,54391
85822,100018
85822,97010
85822,91713
85822,76589
85822,103196
85822,155195
85822,159777
85822,24323
85822,99323
85822,56602
85822,2420
85822,7970
85822,154515
85822,127944
85822,148276
85822,21422
85822,27838
85822,126711
85822,57046
85822,53092
95914,45213
95914,165493
95914,139365
95914,92133
95914,98175
95914,81033
95914,917
95914,56306
95914,738
95914,136674
95914,31053
95914,74628
95914,5394
95914,41491
95914,102345
95914,54959
95914,112906
95914,7646
95914,49490
95914,127907
95914,116574
95914,58658
95914,73736
95914,63645
95914,154407
95914,50821
95914,17082
95914,105992
95914,6927
95914,95857
95914,22941
95914,41660
95914,98223
95914,66391
95914,146733
95914,1373
95914,52042
95914,134800
95914,159314
95914,49209
95914,64251
95914,126603
95914,49974
95914,111924
95914,89504
95914,72974
95914,81304
95914,70518
95914,26453
95914,152408
95914,34823
95914,110636
95914,144418
95914,151111
95914,118162
95914,162529
95914,103961
95914,76278
95914,46588
95914,140731
95914,111152
95914,113048
95914,76283
95914,106458
95914,159097
95914,92530
95914,110084
95914,57619
95914,93032
95914,75004
95914,113094
95914,152043
95914,153604
95914,104344
95914,159342
95914,34930
95914,68078
95914,7970
95914,112998
95914,60424
95914,2420
95914,54993
95914,104558
95914,122269
95914,35536
95914,154357
95914,9145
95914,151218
95914,136679
95914,110351
95914,6083
95914,123832
95914,58021
95914,82756
95914,7469
95914,149445
95914,48368
95914,114108
95914,126865
95914,48214
95914,96163
95914,62655
95914,155195
95914,81040
95914,166910
95914,56602
95914,136349
95914,41078
95914,53092
95914,150787
95914,81089
95914,13480
95914,93842
95914,9324
95914,130638
95914,160734
95914,162147
95914,167091
95914,19759
95914,42448
95914,9914
95914,145979
95914,54911
95914,15383
149870,155127
149870,146733
149870,74908
149870,68078
149870,75128
149870,34823
149870,134649
149870,29391
149870,45213
149870,113039
149870,139365
149870,142072
149870,81033
149870,90904
149870,283
149870,79883
149870,54959
149870,112599
149870,116574
149870,58658
149870,138267
149870,38379
149870,8747
149870,84063
149870,70964
149870,64816
149870,117006
149870,39730
149870,100208
149870,120117
149870,52042
149870,67591
149870,65714
149870,35250
149870,64251
149870,21367
149870,89504
149870,133212
149870,79006
149870,81304
149870,90181
149870,53737
149870,26453
149870,152408
149870,108450
149870,97782
149870,115814
149870,115820
149870,70419
149870,64791
149870,80835
149870,161476
149870,109401
149870,17995
149870,98653
149870,76522
149870,31019
149870,106730
149870,98174
149870,78484
149870,60922
149870,110084
149870,57619
149870,143769
149870,102744
149870,157845
149870,168106
149870,30038
149870,152043
149870,145042
149870,48368
149870,122761
149870,93354
149870,144801
149870,9324
149870,136679
149870,153601
149870,68904
149870,131257
149870,80397
149870,9145
149870,54392
149870,855
149870,145979
149870,148637
149870,124409
149870,56602
149870,9914
149870,76589
149870,54139
149870,30892
149870,154515
149870,4890
149870,62655
149870,64622
149870,64233
149870,103063
149870,158128
149870,53092
149870,19759
149870,124101
149870,58021
149870,126711
149870,86704
149870,131219
149870,39592
149870,61030
153604,125642
153604,146733
153604,86321
153604,105992
153604,166910
153604,47245
153604,68078
153604,98175
153604,104492
153604,165493
153604,10130
153604,142072
153604,136674
153604,74628
153604,7646
153604,140333
153604,139857
153604,29859
153604,60740
153604,50821
153604,1509
153604,6927
153604,54069
153604,125370
153604,98864
153604,148199
153604,2566
153604,101121
153604,1373
153604,57561
153604,159314
153604,49209
153604,29391
153604,45018
153604,53737
153604,79721
153604,34823
153604,97782
153604,115814
153604,3546
153604,9945
153604,140731
153604,90407
153604,65586
153604,155794
153604,113048
153604,31019
153604,4129
153604,162928
153604,55524
153604,91510
153604,113094
153604,88221
153604,152043
153604,22370
153604,49210
153604,68904
153604,108728
153604,93354
153604,90364
153604,110351
153604,116442
153604,92292
153604,133868
153604,13480
153604,45187
153604,94508
153604,167533
153604,103668
153604,144816
153604,93842
153604,159777
153604,24323
153604,131257
153604,6083
153604,86266
153604,100018
153604,154716
153604,155195
153604,151510
153604,45306
153604,91658
153604,162147
153604,34930
153604,126459
153604,76589
153604,48214
153604,94137
153604,133917
153604,148563
153604,29442
153604,124101
153604,58021
153604,99251
153604,44577
153604,76902
153604,73314
153604,12276
115814,146733
115814,58773
115814,153672
115814,17656
115814,90364
115814,34823
115814,113048
115814,59753
115814,29391
115814,60123
115814,166877
115814,163767
115814,60834
115814,43766
115814,10627
115814,40078
115814,145424
115814,106397
115814,109765
115814,55524
115814,60740
115814,131101
115814,155499
115814,109530
115814,113094
115814,2721
115814,26453
115814,76283
115814,140731
115814,49222
115814,21970
115814,48283
115814,31748
115814,99333
115814,60017
115814,40180
115814,5998
115814,86455
115814,60420
115814,50821
115814,110085
115814,36447
115814,162332
115814,100277
115814,146373
115814,163788
115814,165151
115814,144418
115814,2420
115814,30892
115814,97010
115814,91713
115814,114235
115814,103961
115814,92530
115814,13480
115814,160964
115814,153918
115814,22866
115814,161171
115814,9145
115814,31157
115814,162147
115814,75004
115814,162309
86266,125642
86266,70518
86266,86321
86266,166910
86266,120819
86266,45213
86266,42326
86266,5394
86266,26290
86266,25332
86266,107171
86266,102345
86266,113344
86266,7646
86266,127907
86266,117010
86266,27607
86266,70259
86266,1509
86266,84427
86266,3154
86266,95434
86266,15192
86266,6927
86266,95857
86266,22941
86266,84063
86266,98864
86266,98533
86266,23076
86266,75038
86266,7295
86266,19470
86266,89011
86266,146373
86266,29391
86266,45018
86266,133212
86266,81304
86266,64869
86266,2721
86266,97782
86266,58556
86266,58721
86266,37586
86266,90407
86266,72171
86266,65586
86266,50380
86266,113048
86266,98653
86266,114322
86266,31019
86266,47096
86266,92530
86266,165222
86266,55524
86266,30911
86266,94508
86266,39100
86266,43244
86266,8585
86266,49210
86266,48368
86266,115854
86266,104558
86266,159777
86266,95513
86266,54392
86266,111465
86266,118838
86266,64233
86266,91658
86266,158128
86266,148563
86266,29442
86266,130085
86266,28889
86266,65576
86266,61645
86266,120896
86266,136679
86266,110351
86266,14765
86266,109765
86266,133868
86266,13480
86266,45187
86266,131257
86266,165874
86266,3946
86266,155195
86266,103063
86266,167533
86266,103668
86266,94137
86266,156345
86266,134649
160964,113048
160964,43766
160964,10627
160964,60740
160964,26453
160964,49222
160964,48283
160964,155354
160964,156611
160964,100208
160964,9145
160964,74889
160964,86455
160964,155794
160964,131213
160964,69319
160964,54605
160964,15383
86321,125642
86321,146733
86321,119922
86321,143423
86321,165493
86321,108508
86321,98175
86321,90904
86321,72568
86321,5394
86321,40080
86321,107171
86321,112599
86321,53391
86321,60931
86321,59120
86321,139857
86321,6938
86321,38379
86321,6927
86321,22941
86321,23315
86321,98864
86321,135893
86321,31748
86321,40078
86321,10627
86321,52042
86321,64251
86321,146373
86321,153834
86321,29391
86321,133212
86321,81304
86321,87244
86321,53737
86321,34823
86321,97782
86321,162529
86321,22238
86321,90407
86321,72171
86321,51551
86321,95301
86321,113048
86321,114322
86321,20870
86321,55524
86321,43244
86321,22370
86321,9914
86321,80510
86321,93455
86321,71825
86321,132759
86321,57046
86321,91223
86321,167533
86321,150787
86321,162147
86321,110351
86321,140514
86321,117043
86321,120979
86321,94137
86321,48368
86321,52328
86321,148563
86321,74370
86321,104558
86321,13480
86321,76589
86321,156345
86321,55743
86321,93842
86321,130321
86321,134649
86321,9145
86321,94936
86321,158128
86321,54392
86321,163270
146733,159097
146733,143423
146733,42326
146733,165493
146733,92133
146733,142072
146733,49222
146733,50884
146733,60117
146733,95048
146733,90904
146733,5394
146733,60017
146733,107171
146733,112599
146733,112906
146733,7646
146733,116574
146733,5998
146733,58658
146733,148537
146733,73736
146733,63645
146733,58082
146733,60740
146733,148452
146733,105992
146733,83057
146733,15192
146733,6927
146733,54069
146733,22941
146733,84063
146733,41660
146733,66097
146733,98864
146733,36447
146733,117006
146733,120648
146733,32322
146733,31748
146733,18311
146733,8585
146733,116442
146733,78484
146733,60922
146733,90407
146733,72171
146733,90364
146733,91040
146733,113048
146733,153907
146733,159314
146733,161415
146733,73314
146733,55743
146733,139735
146733,39592
146733,57619
146733,156081
146733,85037
146733,11171
146733,93032
146733,89504
146733,9145
146733,166877
146733,75004
146733,162309
146733,150723
146733,151218
146733,34823
146733,68672
146733,154515
146733,29391
146733,95301
146733,52042
146733,64233
146733,86704
146733,31019
146733,144418
146733,118162
146733,120819
146733,104558
146733,29442
146733,23586
146733,130085
146733,165222
146733,72974
146733,42448
146733,103111
146733,65576
146733,116613
146733,134800
146733,144801
146733,129782
146733,99251
146733,145979
146733,122959
146733,92653
146733,111205
146733,65714
146733,41078
146733,53737
146733,110351
146733,154357
146733,92292
146733,109765
146733,13480
146733,126501
146733,39636
146733,55524
146733,152408
146733,76283
146733,93842
146733,168106
146733,57561
146733,152365
146733,131257
146733,30892
146733,80510
146733,96163
146733,68078
146733,129977
146733,26453
146733,54911
146733,86444
146733,74370
146733,166226
146733,162147
146733,114108
146733,43766
146733,140514
146733,146373
146733,113094
146733,67032
146733,117043
146733,126603
146733,94137
146733,30038
146733,58721
146733,132183
146733,98308
146733,76829
146733,43244
146733,70987
146733,61030
113048,155127
113048,123076
113048,105992
113048,6357
113048,68078
113048,72568
113048,98175
113048,63764
113048,90364
113048,34823
113048,49210
113048,96285
113048,49222
113048,18169
113048,99333
113048,140207
113048,60017
113048,112599
113048,90637
113048,60931
113048,5998
113048,86455
113048,117010
113048,106397
113048,60740
113048,50821
113048,150745
113048,60834
113048,17082
113048,6927
113048,120128
113048,23076
113048,31748
113048,50870
113048,40078
113048,100277
113048,148199
113048,101121
113048,100208
113048,10627
113048,146373
113048,126603
113048,29391
113048,111924
113048,89504
113048,79006
113048,72974
113048,163788
113048,165151
113048,79721
113048,39636
113048,2721
113048,26453
113048,67203
113048,144418
113048,84915
113048,48283
113048,83318
113048,22238
113048,140731
113048,8585
113048,131213
113048,151218
113048,147892
113048,154716
113048,118838
113048,61645
113048,129977
113048,30892
113048,152365
113048,39100
113048,155927
113048,10730
113048,2367
113048,38588
113048,113094
113048,114235
113048,130492
113048,109530
113048,43766
113048,93354
113048,92530
113048,110351
113048,161681
113048,109765
113048,145424
113048,117043
113048,133868
113048,13480
113048,134695
113048,52328
113048,1189
113048,148563
113048,116963
113048,76283
113048,93347
113048,156611
113048,152043
113048,9324
113048,2420
113048,11171
113048,62158
113048,102744
113048,111749
113048,59753
113048,9145
113048,54392
113048,73314
113048,166877
113048,75004
113048,55524
113048,66787
113048,150787
113048,161171
55524,155127
55524,125642
55524,74908
55524,166910
55524,129396
55524,72568
55524,98175
55524,104492
55524,90364
55524,34823
55524,49210
55524,59753
55524,90637
55524,29391
55524,110351
55524,166877
55524,17082
55524,48214
55524,76278
55524,163004
55524,6927
55524,60931
55524,79721
55524,64622
55524,43766
55524,10627
55524,40078
55524,7295
55524,98533
55524,30911
55524,32537
55524,23586
55524,109765
55524,152365
55524,45213
55524,42326
55524,106715
55524,131101
55524,60017
55524,107171
55524,112599
55524,86455
55524,60740
55524,21970
55524,117880
55524,95857
55524,84063
55524,98864
55524,36447
55524,124314
55524,120117
55524,89011
55524,54771
55524,146373
55524,126603
55524,79006
55524,58803
55524,53737
55524,2721
55524,26453
55524,59868
55524,144418
55524,95489
55524,33798
55524,103961
55524,90407
55524,60922
55524,92530
55524,66845
55524,144801
55524,154515
55524,100018
55524,54139
55524,120896
55524,148563
55524,116963
55524,10730
55524,167533
55524,86704
55524,162147
55524,34930
55524,38588
55524,13480
55524,61645
55524,45187
55524,94508
55524,94137
55524,92825
55524,158128
55524,104558
55524,165874
55524,130321
55524,9145
55524,140514
55524,162309
55524,73988
55524,35556
55524,156345
55524,73314
55524,8585
10627,159097
10627,21032
10627,75128
10627,63764
10627,90364
10627,34823
10627,49210
10627,66097
10627,96285
10627,117043
10627,59753
10627,18673
10627,60834
10627,62655
10627,60931
10627,79721
10627,130085
10627,151510
10627,122761
10627,165493
10627,49222
10627,95889
10627,112906
10627,139857
10627,86455
10627,117010
10627,70259
10627,50821
10627,155354
10627,21970
10627,11037
10627,41660
10627,54605
10627,125370
10627,110085
10627,58129
10627,23076
10627,31748
10627,75038
10627,61316
10627,111924
10627,61645
10627,56454
10627,26453
10627,42448
10627,95489
10627,138377
10627,120896
10627,87244
10627,10730
10627,167533
10627,59868
10627,79006
10627,95267
10627,151550
10627,162147
10627,85037
10627,114235
10627,130492
10627,103961
10627,93354
10627,140731
10627,146373
10627,113094
10627,163788
10627,98781
10627,13480
10627,111749
10627,134695
10627,106730
10627,66845
10627,148563
10627,76283
10627,104558
10627,156611
10627,152043
10627,53637
10627,11171
10627,99323
10627,76902
10627,126711
10627,54392
10627,89011
10627,20870
10627,31019
10627,2721
10627,61030
10627,8585
10627,73314
10627,129977
10627,58962
155127,143423
155127,45213
155127,139365
155127,108508
155127,7659
155127,123402
155127,10130
155127,112129
155127,39733
155127,28207
155127,54927
155127,31270
155127,50884
155127,142304
155127,59587
155127,60117
155127,153264
155127,36512
155127,95048
155127,99333
155127,44188
155127,90904
155127,283
155127,102720
155127,5394
155127,125575
155127,101825
155127,107171
155127,53391
155127,112906
155127,49490
155127,127907
155127,59120
155127,116574
155127,5998
155127,58658
155127,147908
155127,63645
155127,58082
155127,106397
155127,27607
155127,72034
155127,60420
155127,70259
155127,60740
155127,148452
155127,50821
155127,21970
155127,8769
155127,11037
155127,15192
155127,6927
155127,95857
155127,22941
155127,84063
155127,53165
155127,69319
155127,53333
155127,66097
155127,125370
155127,26813
155127,79678
155127,59397
155127,98864
155127,64816
155127,23076
155127,32322
155127,40078
155127,98223
155127,66391
155127,2566
155127,1373
155127,134800
155127,59059
155127,38432
155127,65714
155127,72405
155127,117505
155127,89011
155127,159314
155127,86444
155127,146373
155127,104145
155127,153834
155127,29391
155127,80832
155127,70987
155127,15901
155127,133212
155127,103111
155127,92653
155127,87244
155127,165151
155127,53737
155127,64869
155127,26453
155127,152408
155127,55406
155127,92485
155127,161415
155127,34823
155127,144418
155127,97782
155127,84915
155127,5709
155127,2773
155127,33798
155127,70419
155127,58721
155127,109093
155127,90407
155127,109401
155127,76283
155127,114322
155127,31019
155127,20870
155127,4129
155127,159097
155127,60922
155127,92530
155127,110084
155127,57619
155127,55530
155127,161171
155127,27357
155127,104914
155127,38817
155127,31716
155127,147721
155127,168106
155127,126470
155127,30038
155127,94508
155127,7287
155127,10730
155127,126501
155127,72906
155127,4514
155127,156611
155127,116267
155127,84072
155127,2420
155127,54993
155127,22370
155127,116403
155127,35536
155127,120896
155127,154357
155127,83964
155127,120979
155127,153961
155127,63155
155127,129782
155127,70337
155127,93347
155127,81623
155127,35556
155127,9145
155127,151218
155127,64233
155127,110351
155127,118838
155127,148563
155127,166202
155127,38588
155127,115854
155127,41078
155127,76589
155127,3946
155127,50549
155127,30892
155127,155927
155127,136349
155127,82756
155127,57046
155127,65576
155127,144602
155127,10401
155127,49210
155127,111205
155127,114235
155127,103090
155127,7469
155127,95267
155127,12276
155127,43766
155127,98308
155127,123526
155127,156345
155127,163082
155127,4890
155127,95513
155127,94137
155127,152365
155127,145979
155127,68904
155127,93354
155127,45187
155127,164385
155127,67426
155127,68672
155127,154515
155127,54911
155127,166226
155127,162147
155127,132643
155127,150787
155127,67032
155127,155608
155127,44577
155127,58962
59753,137193
59753,63764
59753,90364
59753,49210
59753,96285
59753,117043
59753,165493
59753,106715
59753,60017
59753,112599
59753,90637
59753,112906
59753,60931
59753,155354
59753,21970
59753,60834
59753,117880
59753,6927
59753,84063
59753,54605
59753,98864
59753,77110
59753,163004
59753,6684
59753,146373
59753,111924
59753,163788
59753,92653
59753,2721
59753,26453
59753,123548
59753,144418
59753,108450
59753,75676
59753,76278
59753,37586
59753,90407
59753,95301
59753,61316
59753,76283
59753,165182
59753,106730
59753,162124
59753,60922
59753,113094
59753,152043
59753,146116
59753,10730
59753,103063
59753,124101
59753,156611
59753,54139
59753,13542
59753,134649
59753,76902
59753,64233
59753,73314
59753,148563
59753,129977
59753,8585
59753,103090
59753,3946
59753,156345
59753,13480
59753,140514
59753,151550
59753,162147
59753,15383
59753,61645
45213,81304
45213,6927
45213,145424
45213,106715
45213,156345
45213,79006
45213,109530
45213,112906
45213,7646
45213,92825
45213,49222
45213,72906
165493,159097
165493,57532
165493,125642
165493,120819
165493,98175
165493,90364
165493,117043
165493,29391
165493,110351
165493,72974
165493,79721
165493,145424
165493,109765
165493,96831
165493,26453
165493,58129
165493,148563
165493,114235
165493,48283
165493,92530
165493,75004
165493,83318
165493,129977
165493,160946
165493,161171
165493,94508
165493,160734
139365,125642
139365,105992
139365,63518
139365,124314
139365,2957
139365,139980
139365,160946
92133,63730
92133,164792
92133,105992
92133,6357
92133,91221
92133,145424
92133,27887
92133,147892
92133,72906
92133,59868
92133,85037
98175,105992
98175,47245
98175,72568
98175,10130
98175,142072
98175,64251
98175,151218
98175,155195
98175,34823
98175,30892
98175,120896
98175,4890
98175,102909
98175,68904
98175,162147
98175,29391
98175,103961
98175,90364
98175,53737
98175,110351
98175,124314
98175,76589
98175,22238
98175,153834
98175,131257
98175,152805
98175,111369
98175,64944
98175,104558
98175,103668
98175,163270
98175,48214
98175,29442
98175,113708
98175,152043
98175,27007
98175,72974
98175,93842
98175,108728
98175,6927
98175,99323
98175,112599
98175,9145
98175,135893
98175,89011
98175,162928
98175,150787
98175,64791
98175,15429
81033,125642
81033,58773
81033,112771
81033,47245
81033,129896
81033,32546
81033,166877
81033,62655
81033,148745
81033,42711
81033,140488
81033,101121
917,125642
917,123076
917,105992
917,104492
917,109885
917,166226
917,84427
917,163767
917,148010
917,62655
917,151510
917,20870
917,91421
917,29142
917,138267
917,136679
917,68629
917,56602
917,140731
917,102720
56306,63730
56306,129896
56306,148276
56306,153601
56306,19470
56306,139980
56306,166704
738,34823
738,72974
738,109765
738,109530
738,112906
136674,105992
136674,34823
136674,29391
136674,84427
136674,72974
136674,142304
31053,125642
31053,29391
31053,72974
31053,60931
31053,52328
31053,124314
31053,97782
31053,29859
31053,101121
31053,76902
31053,154503
31053,15429
31053,167533
31053,22238
74628,159097
74628,58773
74628,164792
74628,132759
74628,105992
74628,72568
74628,34823
74628,29391
74628,89299
74628,64791
74628,27887
74628,31748
5394,58773
5394,34823
5394,29391
5394,148276
5394,101121
5394,57561
5394,164520
5394,31748
5394,150745
41491,125642
41491,123076
41491,105992
41491,166226
41491,84427
41491,148010
41491,109765
41491,14469
102345,57532
102345,125642
102345,47245
102345,68078
102345,104492
102345,72974
102345,65086
54959,159097
54959,123076
54959,63730
54959,105992
54959,47245
54959,68078
54959,120819
54959,34823
54959,3546
54959,17082
54959,84427
54959,48214
54959,163767
54959,148010
54959,534
54959,76278
54959,63518
54959,54993
54959,66807
54959,65086
54959,140731
54959,67122
54959,106397
54959,92199
54959,72974
54959,141533
54959,62655
54959,150787
54959,162332
112906,159097
112906,125642
112906,58773
112906,63730
112906,105992
112906,47245
112906,120819
112906,90364
112906,34823
112906,96285
112906,117043
112906,134649
112906,90637
112906,103111
112906,110351
112906,166877
112906,17082
112906,48214
112906,154716
112906,65576
112906,102909
112906,93032
112906,79721
112906,122761
112906,40078
112906,91221
112906,145424
112906,23586
112906,92653
112906,109765
112906,123548
112906,60740
112906,112599
112906,52042
112906,79006
112906,47096
112906,113094
112906,76702
112906,40180
112906,112558
112906,50549
112906,129782
112906,118838
112906,100208
112906,129977
112906,60922
112906,58129
112906,90407
112906,10730
112906,72906
112906,95301
112906,38588
112906,91658
112906,103668
112906,162147
112906,21970
112906,146373
112906,128662
112906,88221
112906,8747
112906,111749
112906,83318
112906,45306
112906,2721
112906,41660
112906,1509
112906,137817
112906,83964
112906,58721
112906,5998
112906,66845
112906,116963
112906,104558
112906,144418
112906,2957
112906,125370
112906,156611
112906,152570
112906,22866
112906,149949
112906,28889
112906,9324
112906,23315
112906,11171
112906,99323
112906,76902
112906,9145
112906,94508
112906,100277
112906,61645
112906,147892
112906,106730
112906,148537
112906,36447
112906,49974
112906,168012
112906,73314
112906,106244
7646,159097
7646,58773
7646,72568
7646,29391
7646,52328
7646,26453
7646,108508
7646,49222
7646,111749
49490,58773
49490,112771
49490,63730
49490,6357
49490,68078
49490,148010
49490,74510
49490,62655
49490,6938
49490,64791
49490,67122
49490,96676
49490,27887
49490,162332
49490,137024
49490,155107
127907,125642
127907,6938
127907,115854
127907,4514
127907,19470
127907,28889
116574,132759
116574,129896
116574,89299
116574,2773
58658,159097
58658,125642
58658,137193
58658,125577
58658,90637
58658,132183
58658,72974
58658,145424
58658,156187
58658,162124
58658,2721
58658,61645
58658,92825
58658,59868
58658,60424
58658,100208
58658,164520
58658,40987
58658,148452
58658,58803
58658,120517
58658,129977
58658,67203
58658,73314
58658,113344
58658,66845
58658,6850
58658,131213
58658,10401
58658,31157
58658,34930
58658,113373
58658,91223
58658,17712
58658,160296
58658,924
58658,167299
58658,95797
58658,148537
58658,11968
58658,138848
58658,43244
58658,20825
58658,80900
58658,16044
73736,72974
63645,125642
63645,23608
63645,29391
63645,84427
63645,6938
63645,96676
63645,27887
63645,76902
154407,123076
154407,105992
154407,17082
154407,148010
154407,150787
154407,90374
154407,146116
50821,159097
50821,57532
50821,63730
50821,74908
50821,109885
50821,148010
50821,40078
50821,145424
50821,23586
50821,109765
50821,112599
50821,2721
50821,26453
50821,83318
50821,65086
50821,31748
50821,144801
50821,161171
17082,159097
17082,57532
17082,105992
17082,6357
17082,68078
17082,90364
17082,7659
17082,106715
17082,60017
17082,112599
17082,86455
17082,2420
17082,104558
17082,127944
17082,155195
17082,2957
17082,29442
17082,54771
17082,95857
17082,84915
17082,155499
17082,64869
17082,57619
17082,51551
17082,27007
17082,134800
17082,93842
17082,147721
17082,120896
17082,136679
17082,136349
17082,54605
17082,85037
17082,11171
17082,65576
17082,68904
17082,122037
17082,48283
17082,140731
17082,31748
17082,113094
17082,79721
17082,131257
17082,2721
17082,94137
105992,122269
105992,57532
105992,125642
105992,123076
105992,10130
105992,90904
105992,283
105992,165440
105992,60017
105992,61216
105992,29859
105992,1509
105992,149445
105992,8585
105992,95857
105992,22941
105992,166202
105992,131213
105992,40078
105992,130638
105992,48368
105992,35250
105992,15901
105992,103111
105992,65586
105992,108599
105992,166226
105992,120128
105992,57619
105992,159777
105992,108728
105992,126603
105992,2566
105992,9145
105992,54392
105992,148010
105992,73988
105992,155794
105992,163767
105992,9914
105992,54993
105992,150723
105992,145042
105992,14424
105992,1373
105992,34823
105992,51273
105992,30892
105992,120117
105992,155927
105992,154515
105992,151510
105992,134134
105992,46131
105992,129896
105992,144418
105992,123832
105992,14438
105992,158128
105992,48214
105992,120819
105992,71825
105992,19759
105992,60123
105992,122037
105992,157845
105992,72974
105992,65576
105992,152043
105992,131219
105992,153961
105992,53092
105992,144801
105992,129782
105992,145979
105992,92653
105992,127069
105992,136679
105992,154357
105992,3546
105992,84077
105992,31716
105992,126501
105992,152408
105992,76283
105992,163270
105992,20870
105992,149949
105992,9324
105992,67426
105992,7469
105992,83318
105992,96163
105992,68078
105992,67203
105992,120979
105992,155195
105992,138010
105992,62655
105992,54669
105992,136349
105992,106458
105992,140731
105992,98308
105992,84427
105992,76278
105992,120648
105992,89299
105992,98174
105992,122959
105992,46588
105992,91223
105992,116267
105992,97782
105992,75128
6927,159097
6927,63764
6927,90364
6927,34823
6927,29391
6927,110351
6927,3546
6927,48214
6927,60834
6927,50870
6927,49222
6927,31270
6927,5998
6927,60740
6927,155354
6927,104558
6927,13480
6927,156345
6927,144418
6927,17995
6927,100208
6927,64869
6927,75004
6927,26453
6927,84063
6927,7295
6927,10730
6927,86704
6927,9145
6927,48283
6927,146373
6927,113094
6927,924
6927,109765
6927,155794
6927,111749
6927,31748
95857,125642
95857,54023
95857,120819
95857,91040
95857,84427
95857,48214
95857,163767
95857,67364
95857,150787
95857,1189
95857,96676
95857,15192
95857,162332
95857,140207
95857,26290
95857,116613
95857,165182
95857,41816
22941,125642
22941,132759
22941,47245
22941,129396
22941,109885
22941,6938
22941,8585
22941,76902
22941,122761
22941,114235
22941,16224
22941,126603
41660,125642
41660,68078
41660,104492
41660,29391
41660,63518
41660,89299
41660,72974
41660,23586
41660,52328
41660,95301
41660,24948
41660,42448
41660,13480
98223,57532
98223,125642
98223,132759
98223,29391
98223,120798
98223,77138
98223,72974
98223,150787
98223,1189
98223,142399
66391,125642
66391,47245
66391,120819
66391,34823
66391,63518
66391,72974
66391,140731
1373,159097
1373,58773
1373,34823
1373,29391
1373,49222
1373,153918
52042,125642
52042,112771
52042,6357
52042,68078
52042,34823
52042,117043
52042,29391
52042,129896
52042,110351
52042,91040
52042,154716
52042,117505
52042,63518
52042,23586
52042,109765
52042,123548
52042,76702
52042,90374
52042,76902
52042,154291
52042,19470
52042,2957
52042,85037
52042,72906
134800,125642
134800,58773
134800,132759
134800,6357
134800,90364
134800,63518
134800,109765
134800,2957
134800,72906
134800,59868
134800,76702
134800,76902
134800,1509
159314,29391
49209,29391
64251,125642
64251,63730
64251,113219
64251,154716
64251,60931
64251,91221
64251,109765
64251,112599
64251,109530
64251,125370
126603,159097
126603,47245
126603,34823
126603,29391
126603,129896
126603,40078
126603,112599
126603,155499
126603,136349
126603,76522
126603,95301
126603,49222
126603,50884
126603,100277
126603,77592
126603,9145
126603,104558
126603,120979
126603,118838
126603,110636
126603,33798
126603,66787
126603,111749
126603,160734
49974,125642
49974,123076
49974,58773
49974,34823
49974,117043
49974,3546
49974,7295
49974,98533
49974,150787
49974,72906
49974,67203
49974,40180
49974,22866
111924,63764
111924,90364
111924,49210
111924,60834
111924,84915
111924,109765
111924,23076
111924,52328
111924,76283
111924,92530
111924,9145
111924,122037
111924,120128
111924,100018
111924,146373
111924,86455
111924,82689
111924,163788
111924,130492
111924,75004
111924,161171
111924,11171
111924,2367
89504,125642
89504,58773
89504,17147
89504,50870
89504,72974
89504,6938
89504,27887
89504,112998
89504,48283
72974,122269
72974,159097
72974,57532
72974,125642
72974,123076
72974,70518
72974,120819
72974,90364
72974,34823
72974,96285
72974,29391
72974,41078
72974,81304
72974,110351
72974,123832
72974,166226
72974,84427
72974,48214
72974,163767
72974,148010
72974,83761
72974,28207
72974,60117
72974,165440
72974,60420
72974,24615
72974,95434
72974,120128
72974,111369
72974,162332
72974,100208
72974,120117
72974,38432
72974,42711
72974,80832
72974,79006
72974,22370
72974,35536
72974,140731
72974,24323
72974,9324
72974,60922
72974,166202
72974,145979
72974,42448
72974,136679
72974,97010
72974,81089
72974,93032
72974,92530
72974,53737
72974,154357
72974,130638
72974,45187
72974,162529
72974,48368
72974,155195
72974,65586
72974,152408
72974,108599
72974,110084
72974,90374
72974,46588
72974,129977
72974,159777
72974,99323
72974,9145
72974,84072
72974,7469
72974,31019
72974,6083
72974,96163
72974,150787
72974,150723
72974,151218
72974,48028
72974,104154
72974,134134
72974,104558
72974,95301
72974,106458
72974,62655
72974,43766
72974,103196
72974,153918
72974,112998
72974,144418
72974,152043
72974,27007
72974,151111
72974,43244
72974,86704
72974,81040
72974,163270
72974,153961
72974,114665
81304,159097
81304,125642
81304,29391
81304,143423
81304,108508
81304,49222
81304,55743
81304,1479
81304,115854
81304,30911
81304,22238
70518,96285
70518,131101
70518,148537
70518,58773
70518,24615
70518,54605
70518,163004
70518,9914
70518,133868
70518,144801
70518,156611
70518,114322
70518,18673
70518,2420
70518,104558
70518,92292
70518,76278
26453,159097
26453,90364
26453,34823
26453,66097
26453,29391
26453,109885
26453,84915
26453,43766
26453,40078
26453,20870
26453,145424
26453,106397
26453,92653
26453,60740
26453,451
26453,131101
26453,52328
26453,79006
26453,15901
26453,2721
26453,49222
26453,36512
26453,60017
26453,21970
26453,110085
26453,36447
26453,20825
26453,31748
26453,100208
26453,57561
26453,89011
26453,163788
26453,76283
26453,114108
26453,144418
26453,118838
26453,124101
26453,98308
26453,91713
26453,30892
26453,60922
26453,27007
26453,95489
26453,161171
26453,104558
26453,88395
26453,9145
26453,103961
26453,145979
26453,31019
152408,125642
152408,123076
152408,132759
152408,120819
152408,91040
152408,166226
152408,148010
152408,148276
152408,153601
152408,64791
152408,139980
152408,116613
34823,159097
34823,57532
34823,125642
34823,123076
34823,132759
34823,17147
34823,68078
34823,72568
34823,75128
34823,42326
34823,49222
34823,66807
34823,18169
34823,153883
34823,283
34823,153031
34823,32537
34823,60931
34823,139857
34823,60740
34823,21970
34823,63518
34823,84427
34823,54069
34823,120128
34823,45104
34823,66097
34823,64816
34823,31748
34823,40078
34823,162332
34823,2566
34823,100208
34823,67591
34823,19470
34823,117505
34823,57561
34823,89011
34823,54771
34823,21367
34823,15901
34823,45018
34823,79006
34823,103111
34823,163788
34823,79721
34823,8585
34823,49210
34823,104558
34823,140731
34823,60922
34823,84915
34823,153601
34823,3546
34823,68904
34823,93354
34823,92530
34823,110351
34823,154357
34823,48368
34823,22238
34823,76283
34823,114108
34823,55743
34823,65586
34823,129977
34823,168106
34823,85037
34823,111749
34823,9145
34823,77592
34823,54392
34823,855
34823,145979
34823,75004
34823,148010
34823,162928
34823,6083
34823,96163
34823,77138
34823,150787
34823,100018
34823,150723
34823,118838
34823,155195
34823,30892
34823,155927
34823,62655
34823,166226
34823,95301
34823,98308
34823,113094
34823,76589
34823,48214
34823,83318
34823,94137
34823,148563
34823,144418
34823,29442
34823,153918
34823,148276
34823,156611
34823,82756
34823,97782
34823,22866
34823,76829
34823,122959
34823,81040
34823,41078
34823,108450
34823,76902
34823,46588
34823,131219
34823,120107
34823,48283
34823,66787
34823,73314
110636,122269
110636,29391
110636,77138
110636,3546
110636,2566
144418,159097
144418,58773
144418,164792
144418,23608
144418,90364
144418,49210
144418,96285
144418,29391
144418,48214
144418,154716
144418,60834
144418,74510
144418,50870
144418,60740
144418,112599
144418,106715
144418,131101
144418,1479
144418,23076
144418,64791
144418,96676
144418,15901
144418,113094
144418,151111
144418,27887
144418,2721
144418,49222
144418,59868
144418,160946
144418,111749
144418,48283
144418,10730
144418,5998
144418,92530
144418,142721
144418,165222
144418,161171
144418,116963
144418,11171
144418,162147
144418,75004
144418,151550
151111,29391
151111,89299
151111,9145
151111,45187
151111,30038
118162,159097
118162,57532
118162,164792
118162,6357
118162,68078
118162,72568
118162,129896
118162,166226
118162,76829
118162,54993
118162,89299
118162,64791
118162,83318
118162,154291
118162,85037
118162,162332
118162,151550
118162,39612
162529,159097
162529,63518
162529,20870
162529,19470
103961,17147
103961,72568
103961,76283
103961,49222
103961,131257
103961,111749
103961,31748
103961,142304
103961,74889
103961,9145
103961,86704
103961,161171
76278,159097
76278,125642
76278,90364
76278,96285
76278,117043
76278,134649
76278,110351
76278,133868
76278,112599
76278,60740
76278,15429
76278,120128
76278,110085
76278,59397
76278,146373
76278,40533
76278,84915
76278,66714
76278,2957
76278,2420
76278,156611
76278,136679
76278,150787
76278,14765
76278,95301
76278,155927
76278,162147
76278,65086
76278,140731
76278,147892
76278,113094
76278,13480
76278,137817
76278,58721
46588,125642
46588,123076
46588,29391
46588,129896
46588,148276
46588,162332
140731,125642
140731,164792
140731,132759
140731,17147
140731,49210
140731,123832
140731,148276
140731,60931
140731,64622
140731,112599
140731,136349
140731,66807
140731,127944
140731,162124
140731,2721
140731,137429
140731,153031
140731,5998
140731,139857
140731,138267
140731,31748
140731,122037
140731,146373
140731,64869
140731,165182
140731,17995
140731,9145
140731,54392
140731,57619
140731,96163
140731,53092
140731,136679
140731,30038
111152,63730
111152,91040
76283,159097
76283,125642
76283,72568
76283,63764
76283,90364
76283,49210
76283,29391
76283,60834
76283,84915
76283,89299
76283,23076
76283,150787
76283,113094
76283,86455
76283,117010
76283,31748
76283,8585
76283,9145
76283,152043
76283,130492
76283,75004
76283,92292
76283,148563
76283,94137
76283,2367
106458,159097
106458,125642
106458,123076
106458,54023
106458,84427
106458,115854
106458,52328
106458,154291
159097,42326
159097,108508
159097,106715
159097,96285
159097,49222
159097,76702
159097,112599
159097,58082
159097,60740
159097,21970
159097,84063
159097,54605
159097,66097
159097,98864
159097,31748
159097,100208
159097,57561
159097,89011
159097,29391
159097,73739
159097,92653
159097,88034
159097,2721
159097,163767
159097,33798
159097,58721
159097,155794
159097,31019
159097,165182
159097,94137
159097,49210
159097,23608
159097,118838
159097,145979
159097,136679
159097,148563
159097,45306
159097,72906
159097,38588
159097,114108
159097,92530
159097,98308
159097,113094
159097,48214
159097,111749
159097,92199
159097,96163
159097,104558
159097,144816
159097,156611
159097,35556
159097,93842
159097,67032
159097,55743
159097,65576
159097,63155
159097,76902
159097,86704
159097,9145
159097,77592
159097,130085
159097,6083
159097,73314
92530,125642
92530,63730
92530,72568
92530,23608
92530,29391
92530,110351
92530,48214
92530,84915
92530,43766
92530,145424
92530,23586
92530,60740
92530,109530
92530,2957
92530,2721
92530,49222
92530,59868
92530,111749
92530,48283
92530,31748
92530,150745
92530,36447
92530,146373
92530,163788
92530,90407
92530,131213
92530,8585
92530,9145
92530,106244
92530,142721
92530,11171
92530,2367
110084,125642
110084,134695
110084,68450
110084,8585
110084,160734
110084,120117
57619,125642
57619,123076
57619,153672
57619,112771
57619,113219
57619,6357
57619,68078
57619,120819
57619,17656
57619,29391
57619,129896
57619,166226
57619,76829
57619,54993
57619,64791
57619,52328
57619,1189
57619,2957
57619,27887
57619,139980
57619,153883
57619,85037
57619,6083
57619,162147
93032,125642
93032,123076
93032,113219
93032,129396
93032,68078
93032,120819
93032,117043
93032,84427
93032,163767
93032,148010
93032,67122
93032,23586
93032,109765
75004,17147
75004,54023
75004,6357
75004,72568
75004,90364
75004,96285
75004,117043
75004,29391
75004,84915
75004,50870
75004,60931
75004,79721
75004,112599
75004,27887
75004,2721
75004,51551
75004,160946
75004,148563
75004,48283
75004,31748
75004,9145
75004,146373
75004,11171
75004,165151
75004,86455
75004,117010
75004,140337
75004,163788
75004,38588
75004,39100
113094,153672
113094,63730
113094,113219
113094,132759
113094,137193
113094,120819
113094,90364
113094,49210
113094,117043
113094,29391
113094,148276
113094,62655
113094,79721
113094,43766
113094,91221
113094,23586
113094,109765
113094,60740
113094,23076
113094,79006
113094,50884
113094,40180
113094,117010
113094,60420
113094,31748
113094,101121
113094,146373
113094,152570
113094,95489
113094,85037
113094,161171
113094,134695
113094,9914
113094,147892
113094,72906
113094,38588
113094,10401
113094,140514
113094,128662
113094,111749
113094,89462
113094,116963
113094,129977
113094,76902
113094,61645
113094,43191
113094,114235
113094,130492
113094,145042
113094,14765
152043,90364
152043,49210
152043,29391
152043,41078
152043,109885
152043,89299
152043,23586
152043,156345
152043,95489
152043,148563
152043,48283
152043,31748
152043,164520
152043,146373
104344,125642
104344,123076
104344,68078
104344,120819
104344,166226
104344,84427
104344,66807
104344,58962
159342,1189
159342,49222
159342,13542
34930,47245
34930,68078
34930,63764
34930,90364
34930,90637
34930,48214
34930,106715
34930,147892
34930,61645
34930,67203
34930,6684
68078,57532
68078,125642
68078,166910
68078,90904
68078,283
68078,165440
68078,24948
68078,101825
68078,5998
68078,60420
68078,24615
68078,70259
68078,84427
68078,98864
68078,64816
68078,23076
68078,117006
68078,31748
68078,122037
68078,117505
68078,95797
68078,29391
68078,73739
68078,40533
68078,103111
68078,86089
68078,161415
68078,163767
68078,16028
68078,65586
68078,51551
68078,131213
68078,165182
68078,134134
68078,76829
68078,159777
68078,9324
68078,67426
68078,120896
68078,123832
68078,77138
68078,38588
68078,93354
68078,90364
68078,110351
68078,48368
68078,108664
68078,63155
68078,54392
68078,148010
68078,96163
68078,54993
68078,150723
68078,120979
68078,154515
68078,62655
68078,104558
68078,162147
68078,65086
68078,127944
68078,67032
68078,120819
68078,133917
68078,148563
68078,102909
68078,29442
68078,124101
68078,134649
68078,10401
68078,116613
7970,14293
112998,125642
112998,72568
112998,129896
112998,117505
112998,50870
112998,64622
112998,140514
112998,117010
112998,84063
112998,53333
112998,90181
112998,86704
112998,130302
112998,153961
60424,57532
60424,63730
60424,164792
60424,132759
60424,17147
60424,137193
60424,105137
60424,120819
60424,75128
60424,17656
60424,117043
60424,77138
60424,129896
60424,110351
60424,60834
60424,63518
60424,148276
60424,40078
60424,145424
60424,109765
60424,23076
60424,150787
60424,1189
60424,47096
60424,96676
60424,125904
60424,27887
60424,139980
60424,146116
60424,140514
60424,145042
60424,2773
60424,45104
60424,55406
60424,83318
60424,28207
60424,146373
60424,54669
60424,55530
60424,30038
60424,106177
60424,106070
60424,126501
60424,15999
60424,38208
60424,40987
60424,38588
60424,11217
60424,13542
60424,160946
60424,101376
60424,116939
2420,58773
2420,129396
2420,90364
2420,48214
2420,163767
2420,148010
2420,23586
2420,109765
2420,111369
2420,83318
2420,111749
2420,64233
2420,76902
2420,54139
2420,116963
2420,54605
54993,75128
54993,103111
54993,166226
54993,117505
54993,76829
54993,163004
54993,49222
54993,31270
54993,24615
54993,83057
54993,75038
54993,77423
54993,67203
54993,95489
54993,85037
54993,130302
54993,65576
54993,150787
54993,111205
54993,65086
104558,54023
104558,72568
104558,120819
104558,90364
104558,29391
104558,48214
104558,163767
104558,20870
104558,1479
104558,15901
104558,97782
104558,2721
104558,92825
104558,72906
104558,59868
104558,21970
104558,86704
104558,42326
104558,113708
104558,90904
104558,86455
104558,133212
104558,88221
104558,165874
104558,141080
122269,125642
122269,112599
122269,59397
122269,80832
122269,75128
122269,133212
122269,99793
122269,31716
122269,109885
122269,131219
122269,132183
122269,43970
122269,130321
122269,65576
122269,68904
122269,7469
35536,58773
35536,112771
35536,17147
35536,91040
35536,52328
35536,160946
154357,125642
154357,29391
154357,48214
154357,64791
154357,49222
154357,162332
9145,125642
9145,120819
9145,17656
9145,90364
9145,29391
9145,48214
9145,163767
9145,60834
9145,117505
9145,84915
9145,43766
9145,145424
9145,60740
9145,112599
9145,23076
9145,76522
9145,2721
9145,15192
9145,49222
9145,118838
9145,111749
9145,48283
9145,100208
9145,108508
9145,99333
9145,50884
9145,60017
9145,86455
9145,75038
9145,54771
9145,73739
9145,163788
9145,165151
9145,32385
9145,27357
9145,165222
9145,30038
9145,11171
9145,2367
9145,153918
9145,114235
9145,114108
9145,13480
151218,125642
151218,17147
151218,47245
151218,72568
151218,17656
151218,90364
151218,23586
151218,129977
151218,56454
151218,165874
136679,125642
136679,29391
136679,6938
136679,112599
136679,160946
136679,136553
110351,125642
110351,132759
110351,72568
110351,63155
110351,90364
110351,49210
110351,117043
110351,29391
110351,143423
110351,113039
110351,106715
110351,31270
110351,99333
110351,153031
110351,76702
110351,112558
110351,112599
110351,60931
110351,148537
110351,24615
110351,60740
110351,21970
110351,23315
110351,98533
110351,40078
110351,100277
110351,100208
110351,92653
110351,64869
110351,2721
110351,123548
110351,48283
110351,22238
110351,95301
110351,31019
110351,60922
110351,165222
110351,134695
110351,23586
110351,76902
110351,74370
110351,152805
110351,8585
110351,144801
110351,50549
110351,25022
110351,154716
110351,95023
110351,80900
110351,45306
110351,20954
110351,107560
110351,162147
110351,109765
110351,43766
110351,140514
110351,145424
110351,13480
110351,131257
110351,133868
110351,99251
110351,134384
110351,144602
110351,150787
6083,57532
6083,125642
6083,29391
6083,120798
6083,77138
6083,129896
6083,166226
6083,163767
6083,65576
6083,139980
6083,166704
6083,153883
6083,28889
6083,14469
6083,50705
6083,141080
123832,123076
123832,74908
123832,138267
123832,84427
123832,120128
123832,50870
123832,162332
123832,163767
123832,95301
123832,72906
123832,7469
123832,154716
123832,148010
123832,53092
58021,125642
58021,132759
58021,129896
58021,163767
58021,72171
58021,139980
58021,166704
58021,151137
58021,91713
58021,38208
58021,150787
82756,83318
7469,125642
7469,132759
7469,75128
7469,104492
7469,77138
7469,3546
7469,166226
7469,148276
7469,96676
7469,124314
7469,855
7469,130302
7469,159777
7469,98653
7469,1509
149445,47245
48368,120819
48368,17656
48368,29391
48368,84427
48368,64791
48368,49222
114108,74908
114108,29391
114108,60834
114108,106715
114108,49222
114108,59868
114108,108508
114108,76702
114108,60922
114108,50884
114108,165222
126865,91040
48214,57532
48214,123076
48214,120819
48214,63155
48214,49210
48214,66097
48214,41078
48214,91040
48214,3546
48214,84427
48214,31270
48214,60740
48214,148452
48214,15192
48214,120128
48214,40078
48214,148199
48214,67591
48214,84077
48214,35250
48214,95797
48214,86089
48214,92485
48214,84915
48214,2957
48214,54669
48214,70419
48214,132032
48214,155794
48214,131213
48214,126470
48214,94508
48214,10730
48214,22370
48214,147892
48214,158128
48214,91658
48214,115854
48214,90374
48214,155927
48214,65576
48214,138010
48214,155195
48214,153918
48214,65086
48214,13480
48214,19759
48214,67426
48214,148010
48214,56602
48214,156345
96163,47245
96163,72568
96163,29391
96163,84427
96163,150787
96163,76522
96163,142280
96163,49222
96163,2566
96163,65086
96163,108450
62655,125642
62655,123076
62655,132759
62655,63155
62655,96285
62655,3546
62655,148010
62655,139857
62655,147908
62655,86089
62655,108450
62655,27007
62655,145042
62655,124101
62655,2367
62655,127530
62655,54392
62655,164385
62655,13480
62655,131692
155195,47245
155195,6357
155195,72568
155195,120819
155195,90364
155195,84427
155195,148010
155195,150787
155195,1189
155195,160946
81040,120819
81040,163767
81040,49222
166910,125642
166910,132759
166910,72568
166910,60931
166910,72906
166910,90364
166910,91040
56602,125642
56602,123076
56602,129396
56602,129896
56602,84427
56602,63518
56602,64791
56602,45104
56602,49222
136349,125642
136349,58773
136349,164792
136349,6357
136349,120819
136349,29391
136349,129896
136349,3546
136349,148010
136349,63518
136349,67122
136349,15192
136349,122037
136349,64791
136349,25142
136349,160946
41078,29391
41078,18169
41078,31748
41078,101121
41078,1479
53092,125642
53092,132759
53092,75128
53092,77138
53092,163767
53092,148276
53092,52328
150787,125642
150787,123076
150787,54023
150787,47245
150787,96285
150787,134649
150787,90637
150787,91040
150787,84427
150787,18673
150787,60834
150787,50870
150787,21970
150787,84063
150787,54605
150787,19470
150787,146373
150787,1189
150787,47096
150787,54139
150787,29442
150787,127069
150787,101376
81089,47245
81089,29391
81089,166226
81089,162332
13480,153672
13480,63155
13480,63764
13480,90364
13480,49210
13480,117043
13480,29391
13480,60931
13480,145424
13480,109765
13480,123548
13480,147892
13480,2721
13480,61645
13480,21970
13480,148563
13480,31748
13480,8585
13480,162147
13480,86455
13480,93354
93842,125642
93842,29391
93842,101121
9324,125642
9324,123076
9324,132759
9324,47245
9324,72568
9324,96676
9324,855
130638,120819
130638,163767
130638,148010
130638,56294
130638,66807
160734,145424
160734,1479
160734,86089
160734,66845
160734,153236
162147,17656
162147,90364
162147,29391
162147,84915
162147,60931
162147,95301
162147,134695
162147,107823
162147,56454
162147,65235
162147,93354
167091,1189
167091,160946
19759,125642
19759,129896
19759,166226
19759,84427
19759,117505
19759,76829
19759,52328
19759,1189
19759,83318
42448,104492
42448,29391
42448,89299
42448,23586
42448,52328
42448,95301
42448,146116
9914,57532
9914,125642
9914,74908
9914,120819
9914,148276
9914,91221
9914,67122
9914,96676
9914,55743
9914,22238
9914,167533
145979,58773
145979,47245
145979,120819
145979,109885
145979,89299
145979,153601
145979,1479
145979,64791
145979,96676
145979,15901
145979,27887
145979,49222
54911,125642
54911,58773
54911,153672
54911,112771
54911,129896
54911,109765
54911,139980
54911,166704
54911,151137
15383,125642
15383,58773
15383,90364
15383,77138
15383,1189
15383,108450
15383,125370
143423,29391
108508,58773
108508,164792
108508,17147
108508,72568
108508,66097
108508,29391
108508,60834
108508,63518
108508,91221
108508,106715
108508,23076
108508,49222
108508,66787
7659,125642
7659,104492
7659,91040
7659,63518
7659,102909
7659,45306
7659,126711
7659,116613
7659,138267
10130,29391
10130,77138
10130,3546
10130,60834
10130,63518
10130,23586
10130,153601
10130,139980
10130,2566
10130,146373
10130,151137
112129,125642
112129,58773
112129,17147
112129,90637
112129,77138
112129,129896
112129,27887
112129,160946
28207,125642
28207,77138
28207,91040
28207,84427
31270,29391
31270,109530
31270,65086
50884,90364
50884,60834
50884,109765
50884,112599
50884,45104
50884,49222
50884,83964
50884,27357
50884,165222
50884,82689
50884,128067
142304,125642
142304,112771
59587,117043
59587,28889
59587,118838
59587,141080
60117,125642
60117,29391
60117,148010
60117,124314
60117,31019
153264,58773
153264,153672
153264,29391
153264,63518
36512,58773
36512,29391
36512,109765
36512,49222
36512,162332
36512,66787
95048,125642
95048,164520
95048,8769
99333,63730
99333,90364
99333,60834
99333,23586
99333,109765
99333,55406
99333,48283
99333,56454
99333,110085
99333,146373
44188,17147
44188,23586
44188,115854
44188,109765
44188,142280
44188,38208
44188,32385
44188,140514
44188,107823
44188,45104
90904,125642
90904,54023
90904,120819
90904,129896
90904,84427
90904,163767
90904,148010
90904,63518
90904,109765
90904,106715
90904,79006
90904,1189
90904,96676
90904,66807
90904,27887
90904,111749
90904,76902
90904,1509
90904,11171
90904,167533
283,125642
283,123076
283,58773
283,84427
283,63518
283,64791
283,19470
102720,125642
102720,129396
102720,104492
102720,84427
102720,14293
102720,109765
102720,52328
102720,124314
102720,24948
102720,153883
102720,2566
125575,116939
101825,147892
101825,15192
101825,111749
101825,151550
107171,125642
107171,129396
107171,120819
107171,104492
107171,129896
107171,166226
107171,148010
107171,76902
53391,109765
53391,55406
53391,58962
53391,48283
53391,111205
59120,125642
59120,75128
59120,148010
59120,106397
5998,132759
5998,117043
5998,154716
5998,60834
5998,50870
5998,43766
5998,145424
5998,60740
5998,112599
5998,2957
5998,2721
5998,59868
5998,76702
5998,146373
5998,8585
5998,30038
5998,70259
5998,161415
5998,131213
5998,9913
5998,88395
147908,125642
147908,60931
58082,164792
58082,29391
58082,145424
58082,59868
58082,83318
58082,142902
58082,82689
58082,80900
106397,132759
106397,17147
106397,75128
106397,63155
106397,40078
106397,20870
106397,88395
106397,91713
106397,1509
106397,96676
106397,103668
106397,73732
106397,38588
106397,126459
106397,100018
106397,91223
106397,24615
106397,92653
106397,134134
106397,86089
106397,161415
106397,27725
106397,30038
27607,125642
27607,77138
27607,129896
27607,166226
27607,148276
27607,6938
27607,153601
27607,139980
27607,166704
27607,153883
60420,125642
60420,58773
60420,120819
60420,109885
60420,163767
60420,148010
60420,154716
60420,115854
60420,109530
60420,147892
60420,145042
60420,153236
60420,84063
60420,120128
70259,58773
70259,153672
70259,132759
70259,17656
70259,90364
70259,117043
70259,60834
70259,89299
70259,151510
70259,145424
70259,2957
70259,2721
70259,55406
70259,155354
70259,73988
60740,63730
60740,74908
60740,90364
60740,49210
60740,29391
60740,60834
60740,84915
60740,50870
60740,49222
60740,131101
60740,110085
60740,163788
60740,162309
60740,48283
60740,142721
60740,161171
60740,111749
60740,11171
60740,15901
60740,31748
60740,10730
60740,106244
148452,125642
148452,112771
148452,63730
148452,137193
148452,129396
148452,90364
148452,90637
148452,132183
148452,145424
148452,109765
148452,106715
148452,162124
148452,2721
148452,61645
148452,57872
148452,40987
148452,160296
148452,10401
148452,167299
148452,66845
148452,77110
148452,6850
148452,83815
148452,67203
148452,11968
148452,31157
148452,120517
148452,138848
148452,50380
148452,113373
148452,58803
148452,16044
21970,125642
21970,112771
21970,132759
21970,17147
21970,47245
21970,23608
21970,90364
21970,49210
21970,134649
21970,90637
21970,89299
21970,122761
21970,145424
21970,23586
21970,123548
21970,106715
21970,79006
21970,125904
21970,61645
21970,45104
21970,55406
21970,153031
21970,76702
21970,40180
21970,155354
21970,76902
21970,66845
21970,93347
21970,107823
21970,100277
21970,48283
21970,149704
21970,22238
21970,90407
21970,55371
21970,73314
21970,28185
21970,106730
21970,45306
8769,47096
8769,84072
11037,125642
11037,120819
11037,132183
11037,145424
11037,2957
11037,162124
11037,2721
11037,61645
11037,160946
11037,58803
11037,120517
11037,67203
11037,10401
11037,66845
11037,17712
11037,6850
11037,116963
11037,138848
15192,74908
15192,17656
15192,90364
15192,32546
15192,166877
15192,70419
15192,79006
15192,97782
15192,22370
15192,67203
15192,51776
15192,100208
15192,161681
15192,85037
15192,95267
15192,168012
15192,134384
15192,135893
15192,54069
84063,125642
84063,96285
84063,163004
84063,112599
84063,106715
84063,79006
84063,27887
84063,48283
84063,85037
84063,8585
53165,58773
53165,1189
53165,125904
53165,27887
53165,13542
69319,79721
69319,23586
69319,134695
69319,130302
69319,146373
69319,120117
69319,161171
69319,95973
69319,150745
53333,125642
53333,54023
53333,148276
66097,60017
66097,60834
66097,162309
66097,130492
66097,160946
66097,84072
66097,109765
66097,61645
66097,2721
66097,123548
66097,145424
125370,123076
125370,120819
125370,60931
125370,147892
125370,146242
125370,28889
125370,39730
125370,95489
125370,155354
125370,31019
125370,45306
125370,86704
125370,108450
125370,148637
125370,75092
125370,89011
26813,153672
26813,105137
26813,17656
26813,134695
26813,114235
26813,95973
26813,167006
79678,91040
79678,148276
59397,125642
59397,105137
59397,129896
59397,153601
59397,92292
59397,100018
98864,125642
98864,58773
98864,23608
98864,90364
98864,29391
98864,153601
98864,109765
98864,106715
98864,2721
98864,101121
98864,66845
64816,57532
64816,125642
64816,54023
64816,120819
64816,17656
64816,129896
64816,84427
64816,148010
64816,148276
64816,2957
64816,139980
64816,166704
64816,72906
64816,76902
23076,63155
23076,60834
23076,67364
23076,43766
23076,60017
23076,112558
23076,117010
23076,1189
23076,56454
23076,55406
23076,114235
23076,77110
23076,25022
23076,73988
23076,31019
23076,2367
23076,106730
23076,58962
32322,58773
32322,117505
40078,57532
40078,125642
40078,164792
40078,132759
40078,137193
40078,72568
40078,120819
40078,63155
40078,63518
40078,49222
40078,153031
40078,100018
40078,1189
40078,129977
40078,74889
40078,87244
40078,23586
40078,108728
40078,126459
40078,10730
40078,31019
40078,109765
40078,145424
40078,152805
40078,126470
40078,83318
40078,30038
40078,14562
2566,57532
2566,125642
2566,77138
2566,3546
2566,148010
2566,148276
2566,45104
2566,135893
2566,99323
2566,144801
2566,141080
2566,78484
2566,149949
2566,111465
2566,83964
2566,67426
59059,125642
59059,77138
59059,84427
59059,124314
59059,153883
59059,120896
59059,73984
59059,76902
59059,144801
38432,74908
65714,125642
65714,164792
65714,89299
65714,130085
65714,20870
65714,109765
65714,96676
65714,109530
65714,160946
72405,125642
72405,148276
72405,57046
72405,99162
117505,129896
117505,113039
117505,106715
117505,61216
117505,12306
117505,23315
117505,163004
117505,127069
117505,108599
117505,38588
117505,57375
117505,2957
117505,58721
117505,30892
117505,855
89011,125642
89011,74908
89011,132759
89011,72568
89011,90364
89011,166226
89011,60931
89011,23586
89011,45104
89011,55406
89011,111749
89011,14765
89011,108450
89011,124409
89011,113708
89011,99162
89011,40180
89011,1509
89011,54139
86444,166877
146373,63730
146373,132759
146373,105137
146373,63764
146373,90364
146373,49210
146373,96285
146373,117043
146373,134649
146373,90637
146373,29391
146373,60834
146373,84915
146373,50870
146373,60931
146373,43766
146373,23586
146373,47096
146373,125904
146373,2957
146373,2721
146373,140514
146373,43191
146373,148563
146373,48283
146373,155354
146373,31748
146373,140207
146373,117010
146373,8585
146373,131213
146373,106070
146373,124101
146373,15999
146373,13542
146373,131704
146373,22866
146373,56454
146373,2367
146373,74889
146373,76902
146373,54392
146373,11171
146373,11217
146373,130492
146373,116939
146373,101376
153834,63518
153834,52328
153834,22238
29391,125642
29391,54023
29391,90364
29391,117043
29391,134649
29391,42326
29391,49222
29391,18169
29391,60017
29391,102960
29391,83074
29391,117010
29391,12306
29391,54069
29391,146242
29391,36447
29391,31748
29391,162332
29391,18311
29391,101121
29391,100208
29391,451
29391,57561
29391,90407
29391,38588
29391,72171
29391,108728
29391,116442
29391,109401
29391,22238
29391,94508
29391,65586
29391,103668
29391,55743
29391,2957
29391,35556
29391,161476
29391,107560
29391,45018
29391,54392
29391,111465
29391,10494
29391,118838
29391,79006
29391,91658
29391,76589
29391,148563
29391,29442
29391,153918
29391,148276
29391,60123
29391,120107
29391,103992
29391,104914
29391,109765
29391,154291
29391,66787
29391,92653
29391,97010
29391,31157
29391,93354
29391,53737
29391,133868
29391,65576
29391,131257
29391,154515
29391,2721
29391,108664
29391,144816
29391,64869
29391,103090
29391,161415
29391,93455
29391,120979
29391,73739
29391,130492
29391,65086
29391,111749
29391,43766
29391,140514
29391,67032
29391,126470
29391,45306
29391,94137
29391,58721
29391,133917
29391,99251
29391,43244
29391,158355
29391,67203
29391,73314
29391,8585
80832,125642
80832,153672
80832,104492
80832,77138
80832,129896
80832,84427
80832,63518
80832,159777
70987,129896
70987,166226
70987,76829
70987,6938
70987,106715
70987,52328
15901,164792
15901,6357
15901,89299
15901,106715
15901,30892
15901,59868
15901,22238
15901,53737
15901,98308
133212,112771
133212,129896
133212,166226
133212,148276
133212,6938
133212,97782
133212,86704
133212,28185
133212,22238
103111,57532
103111,125642
103111,123076
103111,63764
103111,96285
103111,134649
103111,90637
103111,49222
103111,112599
103111,63518
103111,117880
103111,162332
103111,120117
103111,95797
103111,95301
103111,1189
103111,129896
103111,23586
103111,154291
103111,57872
103111,154503
103111,132183
103111,156187
103111,147892
103111,153236
103111,11968
103111,81623
103111,83318
103111,85037
103111,103063
103111,163767
92653,58773
92653,132759
92653,120819
92653,148010
92653,145424
92653,153601
92653,113708
92653,76702
92653,116963
92653,123548
92653,109765
92653,27887
87244,58773
87244,112771
87244,17147
87244,63518
87244,89299
87244,96676
87244,139980
87244,25142
87244,155794
165151,58773
165151,17147
165151,72568
165151,84915
165151,89299
165151,125904
165151,124314
165151,25142
165151,20825
165151,157072
165151,86455
165151,28185
165151,163788
53737,125642
53737,23608
53737,90364
53737,96285
53737,109765
53737,106715
53737,124314
53737,156187
53737,147892
53737,2773
53737,59868
53737,57872
53737,111749
53737,83057
53737,32385
53737,81623
53737,153236
64869,17656
64869,49210
64869,109765
64869,106715
64869,95301
64869,146116
64869,2367
55406,105137
55406,63155
55406,133868
55406,60834
55406,151510
55406,117006
55406,146242
55406,145042
55406,155354
55406,20954
55406,92825
55406,134384
55406,29783
55406,60922
55406,38588
55406,73988
55406,31019
55406,31716
55406,120896
55406,68450
55406,94508
55406,2367
55406,106730
55406,83964
55406,58962
55406,68629
92485,17147
92485,84427
92485,90374
92485,160946
92485,31019
161415,125642
161415,164792
161415,120819
161415,145424
161415,109765
161415,95301
161415,147892
161415,59868
161415,25142
161415,74889
161415,161171
97782,125642
97782,63730
97782,74908
97782,164792
97782,129396
97782,120819
97782,75128
97782,17656
97782,49210
97782,3546
97782,163767
97782,148010
97782,63518
97782,20870
97782,30911
97782,145424
97782,52328
97782,96676
97782,76902
97782,86704
97782,153236
97782,16224
84915,58773
84915,153672
84915,75128
84915,63764
84915,90364
84915,109885
84915,86455
84915,163788
84915,52328
84915,4514
84915,160946
84915,48283
84915,161171
84915,82689
5709,17147
5709,148276
5709,124314
5709,140488
2773,23586
2773,148745
2773,1189
2773,100208
2773,55530
2773,111749
2773,162309
33798,125642
33798,63730
33798,49222
33798,104154
70419,125642
70419,74908
70419,132759
70419,54023
70419,129396
70419,120819
70419,117043
70419,91040
70419,3546
70419,84427
70419,91221
58721,58773
58721,6357
58721,129896
58721,63518
58721,89299
58721,7295
58721,23586
58721,109765
58721,106715
58721,1479
58721,64791
58721,47096
58721,49222
58721,72906
58721,25142
58721,76702
58721,152805
109093,125642
109093,77138
109093,60931
109093,52328
109093,2957
109093,83318
109093,31748
109093,76902
109093,101121
109093,154503
90407,58773
90407,137193
90407,23608
90407,90364
90407,90637
90407,30911
90407,153601
90407,115854
90407,109765
90407,106715
90407,162124
90407,2721
90407,61645
90407,111749
90407,94508
90407,40987
90407,58803
90407,67203
90407,100277
90407,6850
90407,66845
109401,63730
109401,132759
109401,117043
109401,109765
109401,2957
109401,95267
109401,93354
114322,96676
31019,74908
31019,17147
31019,105137
31019,90637
31019,60834
31019,89299
31019,60931
31019,130085
31019,43766
31019,20870
31019,30911
31019,145424
31019,115854
31019,109765
31019,64791
31019,67122
31019,79006
31019,27887
31019,147892
31019,45104
31019,58962
31019,59868
31019,111369
31019,160946
31019,117880
31019,101121
31019,120117
31019,95797
31019,108450
31019,17712
31019,142721
31019,165182
31019,103063
31019,86704
31019,151550
31019,81623
20870,123076
20870,83761
20870,1509
20870,120128
20870,79006
20870,100018
20870,91713
20870,65235
20870,855
20870,120896
20870,67426
4129,153672
4129,112771
4129,63518
4129,148563
4129,122037
4129,76702
4129,2367
60922,125642
60922,153672
60922,63730
60922,113219
60922,74908
60922,164792
60922,120819
60922,17656
60922,90364
60922,117043
60922,148010
60922,74510
60922,148276
60922,98533
60922,91221
60922,106715
60922,67122
60922,1189
60922,72906
60922,122037
60922,76702
60922,148537
60922,152570
60922,39592
60922,76902
55530,132759
55530,1189
55530,125904
55530,139980
55530,140514
55530,145042
55530,160946
55530,106070
55530,13542
55530,15999
55530,101376
55530,116939
161171,58773
161171,112771
161171,105137
161171,134649
161171,23586
161171,131101
161171,131257
161171,31748
161171,10730
161171,122037
161171,114235
161171,72196
161171,60017
161171,117010
161171,167006
27357,63730
27357,113219
27357,134649
27357,90637
27357,63518
27357,106715
27357,1479
27357,64791
27357,156187
27357,4890
27357,61645
27357,49222
27357,55743
27357,117880
27357,95797
27357,103063
27357,116613
27357,120117
27357,32385
27357,153236
27357,81623
104914,125642
104914,58773
104914,17656
104914,77138
104914,129896
104914,63518
104914,6938
104914,96676
104914,19470
104914,153883
104914,14481
31716,117043
31716,151510
31716,98533
31716,153883
31716,58962
31716,65586
31716,106730
31716,116963
147721,90364
147721,163767
147721,154716
147721,63518
147721,124314
147721,116963
168106,58773
168106,164792
168106,49210
168106,125904
168106,167533
126470,57532
126470,17656
126470,63518
126470,19470
126470,129977
126470,148199
30038,57532
30038,125642
30038,164792
30038,132759
30038,17147
30038,137193
30038,6357
30038,72568
30038,104492
30038,154716
30038,109765
30038,1189
30038,47096
30038,124314
30038,147892
30038,145042
30038,61645
30038,50549
30038,111749
30038,100018
30038,74889
30038,88395
94508,125642
94508,109765
94508,79006
94508,162928
94508,58962
94508,106730
94508,120896
10730,49210
10730,50870
10730,45104
10730,31748
10730,117010
10730,101121
10730,92199
126501,120819
126501,90364
126501,109885
72906,58773
72906,132759
72906,117043
72906,134649
72906,91221
72906,23586
72906,64791
72906,109530
72906,27887
72906,147892
72906,146116
72906,50549
72906,168012
72906,22866
72906,163270
72906,129782
72906,155927
72906,38588
72906,76902
4514,57532
4514,153672
4514,112771
4514,17656
4514,79006
4514,52328
4514,160946
156611,90364
156611,155354
156611,54605
116267,125642
116267,123076
116267,74908
116267,120819
116267,129896
116267,166226
116267,84427
116267,91221
116267,115854
116267,52328
116267,1189
116267,96676
116267,855
84072,72568
84072,90364
84072,83761
22370,125642
22370,58773
22370,117043
22370,109885
22370,166226
22370,84427
22370,148276
22370,14469
116403,125642
116403,151510
120896,57532
120896,125642
120896,74908
120896,72568
120896,120819
120896,77138
120896,129896
120896,79006
120896,124314
120896,58962
120896,137429
120896,141960
120896,76902
83964,125642
83964,105137
83964,120819
83964,77138
83964,129896
83964,60834
83964,66807
83964,146116
83964,160946
120979,125642
120979,132759
120979,120819
120979,104492
120979,17656
120979,90364
120979,148010
120979,131219
120979,855
120979,100018
120979,140207
120979,167533
153961,125642
153961,166226
153961,148010
153961,145424
153961,109530
153961,134134
63155,123076
63155,63730
63155,17147
63155,76702
63155,60834
63155,1509
63155,45104
63155,64791
63155,83318
63155,1189
63155,106730
63155,34085
63155,125904
63155,13542
63155,91040
63155,145424
63155,58962
63155,160946
63155,116939
63155,154291
63155,109765
129782,57532
129782,125642
129782,123076
129782,105137
129782,72568
129782,96285
129782,77138
129782,129896
129782,166226
129782,84427
129782,148010
129782,6938
129782,142280
129782,108450
70337,117043
70337,76829
70337,6938
70337,1189
70337,96676
93347,132759
93347,23608
93347,90364
93347,134649
93347,132183
93347,61645
93347,142721
93347,155927
93347,93354
81623,132759
81623,134649
81623,90637
81623,120798
81623,106715
81623,2721
81623,59868
81623,11968
81623,117880
81623,95797
81623,103063
81623,120117
81623,6684
81623,153236
81623,165440
81623,31157
81623,95513
81623,103090
35556,49222
64233,125642
64233,58773
64233,120819
64233,90364
64233,84427
64233,123548
64233,155499
64233,64791
64233,96676
64233,147892
64233,131213
64233,74889
64233,54139
118838,153672
118838,132759
118838,54023
118838,49210
118838,63518
118838,148276
118838,1189
118838,49222
118838,61216
118838,15429
118838,83318
118838,165222
148563,72568
148563,23608
148563,63764
148563,90364
148563,49210
148563,96285
148563,79721
148563,145424
148563,106715
148563,156345
148563,2721
148563,61645
148563,134695
148563,92292
148563,43191
148563,117010
148563,31748
148563,48283
148563,130492
148563,103090
148563,93354
166202,125642
166202,129896
166202,6938
166202,52328
166202,124314
38588,125642
38588,17656
38588,90364
38588,117043
38588,60834
38588,145424
38588,109765
38588,1189
38588,95301
38588,2721
38588,61645
38588,111749
38588,76702
38588,29142
38588,88221
38588,138848
38588,130492
38588,13542
38588,152805
115854,125642
115854,74908
115854,134649
115854,120798
115854,30911
115854,95434
115854,101307
115854,136831
115854,79006
115854,148745
115854,58556
115854,99793
115854,37586
115854,98653
115854,26827
115854,108599
115854,107606
115854,167533
115854,150723
115854,158128
115854,100018
115854,80510
115854,129977
115854,29740
115854,27381
76589,125642
76589,58773
76589,77138
76589,84427
76589,90374
3946,58773
3946,112771
3946,129896
3946,84427
3946,130085
3946,42711
3946,166704
50549,137193
50549,72568
50549,134649
50549,129896
50549,166877
50549,109765
50549,146242
50549,95489
50549,48283
30892,125642
30892,47245
30892,23608
30892,23586
30892,49222
30892,111749
155927,2721
155927,151550
155927,92199
155927,76044
57046,125642
57046,72568
57046,60931
65576,57532
65576,125642
65576,63730
65576,6357
65576,129896
65576,166226
65576,84427
65576,163767
65576,148010
65576,76829
65576,89299
65576,162332
65576,148199
65576,79006
65576,64791
65576,83318
65576,85037
65576,147892
65576,151550
65576,154291
65576,160946
144602,125642
144602,30911
144602,96676
144602,76702
10401,137193
10401,90364
10401,96285
10401,134649
10401,90637
10401,132183
10401,162124
10401,2721
10401,61645
10401,164520
10401,40987
10401,58803
10401,120517
10401,67203
10401,167299
10401,103063
10401,77110
10401,138848
10401,106244
10401,66845
10401,6684
10401,160296
10401,83815
10401,6850
10401,113373
10401,17712
49210,63764
49210,90364
49210,96285
49210,60931
49210,117010
49210,77110
49210,31748
49210,50870
49210,79721
49210,2721
49210,48283
49210,95301
49210,96676
49210,97391
49210,122959
49210,111749
49210,91221
49210,156345
49210,61645
49210,95267
49210,133868
49210,93354
49210,43191
111205,125642
111205,58773
111205,17656
111205,77138
111205,166226
111205,163004
111205,23586
111205,52328
111205,95301
111205,14469
111205,85037
114235,58773
114235,109765
114235,106715
114235,131101
114235,134695
114235,65086
114235,164520
114235,122037
114235,18169
114235,36447
114235,95973
114235,25633
114235,51776
103090,134649
103090,90637
103090,162124
103090,2721
103090,59868
103090,142072
103090,11968
103090,95797
103090,103063
103090,6684
103090,137817
103090,128662
103090,31157
95267,129896
95267,163767
95267,79721
95267,153601
95267,77110
95267,93354
12276,153601
12276,139980
12276,166704
43766,125642
43766,120819
43766,90364
43766,60834
43766,67364
43766,76702
43766,113344
43766,100208
43766,123548
43766,51551
43766,1189
43766,56454
43766,125904
43766,130492
43766,76902
43766,2367
43766,109765
43766,8585
43766,116963
43766,161681
43766,145424
98308,164792
98308,6357
98308,89299
98308,106715
98308,59868
98308,57872
123526,54023
123526,129896
123526,84427
123526,6938
123526,139980
123526,134384
156345,31748
156345,57561
156345,93354
163082,58773
163082,64791
163082,27887
163082,25142
4890,91221
4890,14293
4890,106715
4890,1479
4890,162124
4890,6850
4890,32385
4890,103063
4890,61645
4890,153236
95513,134649
95513,120798
95513,76829
95513,47096
94137,125642
94137,58773
94137,120819
94137,133868
94137,109765
152365,164792
152365,145424
152365,1479
152365,91223
68904,123076
68904,58773
68904,132759
68904,47245
68904,160946
93354,96285
93354,132183
93354,77138
93354,79721
93354,145424
93354,111749
93354,48283
93354,31748
45187,125642
45187,132759
45187,47245
45187,84427
45187,163767
45187,74510
45187,145424
45187,109765
45187,160946
45187,113708
164385,75128
164385,147892
67426,57532
67426,125642
67426,123076
67426,77138
67426,3546
67426,84427
67426,163767
67426,148010
67426,64791
67426,45104
68672,125642
68672,164792
68672,166226
68672,6938
68672,156187
68672,27887
68672,2721
68672,57872
68672,32385
68672,153236
154515,125642
154515,58773
154515,112771
154515,132759
154515,84427
154515,89299
154515,64791
154515,145042
154515,45104
166226,57532
166226,125642
166226,123076
166226,112771
166226,6357
166226,117043
166226,129896
166226,60123
166226,3546
166226,66807
166226,153883
166226,112599
166226,29859
166226,1509
166226,83057
166226,101307
166226,100208
166226,14469
166226,64944
166226,85037
166226,134134
166226,108599
166226,104154
166226,150723
166226,158128
166226,58962
166226,144801
166226,148010
166226,52328
166226,151510
166226,50705
132643,120819
132643,90364
67032,125642
67032,76829
155608,58962
44577,58962
44577,28889
44577,54771
44577,56454
58962,74908
58962,105137
58962,60834
58962,151510
58962,140514
58962,146242
58962,155354
58962,106730
58962,73988
58962,92825
58962,134384
125642,57532
125642,42326
125642,29142
125642,153672
125642,18311
125642,124314
125642,139735
125642,106427
125642,167299
125642,111369
125642,14424
125642,120117
125642,143769
125642,148276
125642,165222
125642,79605
125642,157845
125642,41816
125642,19470
125642,42711
125642,16044
125642,108664
125642,50870
125642,68629
125642,152352
125642,17242
125642,40080
125642,100018
125642,129977
125642,103668
125642,14765
125642,52779
125642,91221
125642,8585
125642,153883
125642,140488
125642,164520
125642,107560
125642,30911
125642,101307
125642,152570
125642,26827
125642,159777
125642,11171
125642,55743
125642,98653
125642,165440
125642,24948
125642,72568
125642,79883
125642,29740
125642,79006
125642,46131
125642,120819
125642,80835
125642,27838
125642,90181
125642,146116
125642,88034
125642,76702
125642,74908
125642,140049
125642,51273
125642,104492
125642,108599
125642,134134
125642,141080
125642,114665
125642,115930
125642,77137
125642,108450
125642,149949
125642,132625
125642,90364
125642,22238
125642,2957
125642,61216
125642,98533
125642,99793
125642,166877
125642,136831
125642,86704
125642,139857
125642,64944
125642,166704
125642,29859
125642,99089
125642,126711
125642,39592
125642,54669
125642,50705
125642,144801
125642,24323
125642,38709
125642,3546
125642,75092
125642,104154
125642,9945
125642,92825
125642,156081
125642,94936
125642,165874
125642,38379
125642,128662
125642,167533
125642,65086
125642,140514
125642,8747
125642,83318
125642,56919
125642,99251
125642,43244
125642,27725
125642,76902
125642,168012
125642,976
125642,122761
125642,116442
125642,54391
125642,23315
125642,127069
125642,72171
125642,39612
125642,77799
125642,37586
125642,51551
125642,108728
125642,45104
125642,54392
125642,70964
125642,148010
125642,73988
125642,111465
125642,152805
125642,151510
125642,95301
125642,123076
125642,158128
125642,29442
125642,130321
125642,129396
125642,116613
125642,73314
125642,12306
125642,122959
125642,77138
125642,97010
125642,102909
125642,51175
125642,109765
125642,33082
125642,151137
125642,90566
125642,128482
125642,135893
125642,76522
125642,117006
125642,106177
125642,924
125642,73984
125642,23608
125642,128067
125642,32546
125642,120218
125642,31748
112599,58773
112599,164792
112599,120819
112599,90364
112599,96285
112599,89299
112599,79721
112599,23586
112599,109765
112599,123548
112599,106715
112599,49222
112599,66807
112599,76702
112599,59868
112599,52328
112599,31157
112599,110085
112599,147892
112599,160946
112599,25142
112599,111749
112599,142902
112599,80900
112599,85037
112599,2721
75128,113219
75128,132759
75128,1509
75128,8747
75128,95301
75128,73732
75128,855
75128,100018
75128,126459
75128,148276
75128,88395
75128,27007
75128,28889
75128,98653
75128,96676
99793,104492
99793,120798
99793,77138
99793,1189
109885,113039
109885,14293
109885,120128
109885,86089
109885,27007
109885,55743
109885,125904
131219,123076
131219,132759
131219,120819
131219,84427
131219,66807
131219,160946
132183,137193
132183,63764
132183,90364
132183,96285
132183,134649
132183,90637
132183,106715
132183,117880
132183,160296
132183,138848
132183,167299
132183,6684
132183,83815
132183,58803
132183,2721
132183,67203
132183,6850
132183,120517
132183,47096
132183,162124
132183,66845
132183,2367
132183,113373
132183,109765
132183,40987
132183,145424
132183,17712
132183,61645
43970,148010
43970,30911
43970,138848
43970,66845
130321,129396
130321,77138
130321,129896
130321,123548
130321,79006
130321,153883
39730,104492
39730,6938
39730,96676
79006,113219
79006,74908
79006,132759
79006,17147
79006,47245
79006,129896
79006,64622
79006,151510
79006,7295
79006,30911
79006,145424
79006,38379
79006,130302
79006,27007
79006,167533
79006,38709
79006,116442
79006,83318
79006,45306
104492,119922
104492,74908
104492,129396
104492,113039
104492,29142
104492,24948
104492,79883
104492,140333
104492,138267
104492,62330
104492,88034
104492,68629
104492,24323
104492,151510
104492,103063
104492,102909
104492,64622
104492,133917
104492,103668
104492,143769
104492,148276
104492,126711
104492,159777
104492,152352
104492,116613
2957,72568
2957,90364
2957,117043
2957,79721
2957,98533
2957,109530
2957,42326
2957,76702
2957,1509
2957,168012
2957,84077
2957,67203
2957,154291
2957,166704
2957,85037
2957,38709
2957,76902
2957,14765
155794,164792
155794,60931
155794,147892
155794,154291
155794,155354
155794,22238
155794,142721
99323,112771
99323,17147
99323,72568
99323,117043
99323,129896
99323,3546
99323,52328
99323,1189
99323,96676
99323,124314
99323,151137
99323,92199
99323,116963
99323,33082
76902,137193
76902,117043
76902,91040
76902,98533
76902,91221
76902,23586
76902,52328
76902,124314
76902,146242
76902,111749
76902,14765
76902,73314
76902,167299
76902,79605
76902,29859
76902,168012
76902,6850
76902,22238
76902,50380
76902,78484
76902,22866
76902,163270
76902,167533
76902,144801
76902,134384
76902,91223
76902,106244
76902,128662
55743,123076
55743,58773
55743,120819
55743,23586
55743,64791
55743,85037
55743,1509
55743,165222
55743,163270
52328,123076
52328,153672
52328,72568
52328,60931
52328,64622
52328,23586
52328,29859
52328,15429
52328,83057
52328,70964
52328,124314
52328,101121
52328,42711
52328,14469
52328,64944
52328,22238
52328,51551
52328,50380
52328,134134
52328,154503
52328,39100
52328,141080
52328,104154
52328,167533
52328,158128
52328,130302
52328,144801
52328,50705
47245,17147
47245,72568
47245,40180
47245,139857
47245,155354
47245,23315
47245,75038
47245,77423
47245,50380
47245,98174
47245,148276
47245,167533
47245,129977
47245,64622
47245,90364
47245,45306
42326,30911
42326,109765
42326,96676
42326,95489
42326,90374
42326,140207
106715,90364
106715,134649
106715,90637
106715,145424
106715,109765
106715,6684
106715,73314
106715,77110
106715,156187
106715,36447
106715,54771
106715,100532
106715,95797
106715,136553
106715,157845
106715,11968
106715,31157
106715,1479
106715,61645
106715,11171
106715,59868
106715,72171
106715,162124
106715,117960
106715,57872
106715,49222
106715,142902
106715,22238
106715,131257
106715,2721
106715,117880
106715,111369
96285,63764
96285,90364
96285,103063
96285,54605
96285,155354
96285,75676
96285,79721
96285,134649
96285,6684
96285,90637
96285,2721
96285,117043
49222,63730
49222,451
49222,76522
49222,8585
49222,75038
49222,100208
49222,54771
49222,48283
49222,57561
49222,111749
49222,108450
49222,153918
49222,140337
49222,85037
49222,73739
49222,60017
49222,50705
49222,165222
49222,66787
76702,90364
76702,117043
76702,32537
76702,145424
76702,109765
76702,67122
76702,34085
76702,2721
76702,142902
76702,113039
76702,6684
76702,56454
76702,127069
76702,116963
76702,38379
76702,22866
76702,128662
76702,165222
76702,138010
76702,168012
76702,152805
54605,132759
54605,133868
54605,89299
54605,147892
54605,2721
54605,155354
31748,166877
31748,148276
31748,67364
31748,23586
31748,2721
31748,155354
31748,18169
31748,117010
31748,150745
31748,29442
31748,153918
31748,122037
31748,11171
31748,57561
31748,2367
31748,101121
100208,132759
100208,6357
100208,90364
100208,60834
100208,145424
100208,109765
100208,150745
100208,162332
100208,162309
100208,6850
100208,2367
57561,72568
57561,155354
57561,162332
57561,153918
57561,101121
73739,58773
73739,6357
73739,63518
73739,91221
73739,95301
73739,42711
73739,111749
88034,74908
88034,6357
88034,77138
88034,129896
88034,148010
2721,132759
2721,137193
2721,63764
2721,90364
2721,117043
2721,134649
2721,90637
2721,145424
2721,23586
2721,109765
2721,47096
2721,156187
2721,162124
2721,95301
2721,157072
2721,60017
2721,86455
2721,155354
2721,160296
2721,20825
2721,138848
2721,77110
2721,167299
2721,72504
2721,6684
2721,83815
2721,58803
2721,163788
2721,86089
2721,8585
2721,66845
2721,92825
2721,6850
2721,67203
2721,113373
2721,91658
2721,17712
2721,120517
2721,43244
2721,40987
2721,164520
2721,59868
2721,31157
2721,54392
2721,48283
2721,61645
2721,91223
2721,43191
2721,128662
2721,111749
163767,57532
163767,60123
163767,29859
163767,155354
163767,134134
163767,28889
163767,102909
163767,65086
163767,91223
163767,54669
163767,158128
163767,83318
165182,90364
165182,1189
23608,148537
23608,75038
23608,51907
23608,130492
23608,147892
23608,109765
45306,17147
45306,90364
45306,117043
45306,60931
45306,130085
45306,122761
45306,1189
45306,125904
45306,34085
45306,61645
45306,138848
45306,16044
45306,107823
45306,120517
45306,73314
45306,40987
45306,167006
111749,72568
111749,90364
111749,134649
111749,23586
111749,61645
111749,92292
111749,28889
111749,134134
111749,60017
111749,40180
111749,24615
111749,120128
111749,100277
111749,101121
111749,48283
111749,11171
111749,14438
111749,8585
111749,151550
92199,134134
92199,83761
86704,164792
86704,17147
86704,129896
86704,6938
86704,1479
86704,147892
86704,130302
86704,160946
77592,66787
130085,58773
130085,63730
130085,117043
130085,134649
130085,77138
130085,60834
130085,113708
130085,140207
130085,40180
130085,82689
130085,11171
130085,122761
130085,109765
130085,8585
130085,106244
130085,61645
73314,153672
73314,112771
73314,105137
73314,90364
73314,129896
73314,63518
73314,122761
73314,145424
73314,27887
73314,61645
73314,160946
73314,155354
73314,106730
73314,106244
57532,142072
57532,153883
57532,534
57532,29859
57532,79605
57532,162332
57532,124314
57532,19470
57532,90181
57532,3546
57532,83318
57532,77862
57532,98653
57532,140049
57532,88221
57532,12684
57532,28889
57532,134649
57532,77138
57532,8585
57532,154291
57532,41885
57532,141960
57532,159777
57532,148010
57532,123076
57532,46131
142072,21032
142072,120819
142072,83318
153883,77138
153883,124314
153883,29859
153883,50705
153883,104154
153883,98653
29859,123076
29859,74908
29859,77138
29859,84427
29859,148010
29859,98533
29859,14293
29859,14469
29859,15429
29859,101121
79605,153672
79605,112771
79605,77138
79605,84427
162332,79883
162332,15429
162332,153918
162332,91223
162332,101121
162332,9945
124314,123076
124314,17147
124314,77138
124314,84427
124314,154716
124314,64622
124314,155499
124314,135893
124314,158128
124314,72171
124314,144801
124314,141080
124314,108599
124314,130302
124314,104154
124314,111465
124314,14469
124314,73984
124314,167299
124314,167533
19470,45104
19470,148199
19470,83656
19470,43244
19470,152352
19470,57872
19470,111465
19470,160946
90181,123076
90181,1189
90181,96676
90181,162124
90181,54669
3546,123076
3546,77138
3546,45104
3546,148199
3546,141080
3546,145042
3546,78484
3546,148010
3546,91510
3546,149949
83318,21032
83318,102909
83318,79721
83318,64622
83318,153031
83318,61216
83318,23315
83318,58129
83318,135893
83318,8585
83318,66845
83318,12684
83318,154291
83318,98781
83318,41885
83318,107560
77862,123076
77862,63518
77862,6938
77862,1189
77862,47096
98653,77138
98653,129896
98653,148276
98653,6938
98653,30911
98653,160946
98653,14469
140049,120798
140049,1509
28889,67122
28889,47096
28889,1509
28889,129977
134649,132759
134649,137193
134649,105137
134649,21032
134649,63764
134649,90364
134649,99162
134649,90637
134649,60931
134649,117880
134649,77110
134649,100277
134649,6684
134649,95797
134649,67203
134649,59868
134649,6850
134649,95301
134649,11968
134649,76522
134649,47096
134649,162124
134649,137817
134649,1479
134649,103063
134649,40987
134649,17712
134649,61645
134649,153236
134649,156187
134649,57872
134649,145424
134649,140514
134649,151550
134649,109765
134649,149704
77138,72568
77138,40080
77138,60834
77138,45104
77138,146242
77138,14469
77138,65586
77138,148276
77138,104154
77138,167533
77138,144801
77138,127069
77138,102909
77138,159777
77138,50705
8585,63764
8585,90364
8585,117043
8585,148010
8585,60931
8585,1189
8585,95301
8585,142280
8585,86455
8585,117010
8585,131213
8585,11171
8585,52779
8585,91713
8585,159777
154291,58773
154291,63518
154291,61216
154291,91658
41885,6357
41885,76829
159777,120798
159777,102909
159777,64791
148010,54023
148010,84427
148010,67203
148010,75676
148010,64944
148010,54669
148010,85037
148010,134134
148010,139980
148010,141080
148010,91223
148010,108664
148010,103668
148010,65086
123076,66807
123076,45319
123076,165440
123076,84427
123076,36447
123076,67591
123076,14562
123076,14469
123076,51273
123076,54669
123076,134134
123076,60123
123076,91421
123076,113427
123076,141080
123076,102909
123076,122959
123076,127069
123076,151510
123076,54023
153672,9282
153672,107823
153672,95301
153672,5880
153672,61316
153672,112771
153672,10494
153672,106177
153672,65168
153672,167533
153672,155499
153672,166877
153672,167006
153672,134384
122761,58773
122761,112771
122761,132759
122761,155354
122761,21367
122761,107823
122761,27007
18311,112771
18311,129896
18311,139980
18311,166704
35250,63730
35250,74908
35250,54023
35250,120819
35250,91040
35250,84427
35250,50870
40080,112771
40080,17147
40080,60834
40080,95301
40080,27887
139735,129896
138010,63730
61216,112771
61216,120819
148637,1189
167299,63730
167299,30911
167299,64791
167299,162124
167299,61645
167299,40987
167299,58803
167299,120517
167299,67203
167299,160296
167299,138848
167299,77110
167299,66845
167299,6850
167299,72171
167299,50380
167299,113373
167299,167533
167196,91040
120819,45319
120819,165440
120819,32537
120819,60834
120819,23315
120819,111369
120819,117006
120819,79721
120819,98174
120819,78484
120819,157845
120819,128067
120819,73988
120819,27838
120819,43244
120819,23586
120819,158128
120819,127530
120819,102909
120819,149949
120819,155499
120819,91658
120819,91223
120819,109765
120819,108664
120819,144801
120819,80397
120819,140514
80397,17147
80397,64791
14424,120798
48283,90364
48283,60834
48283,109765
48283,131101
48283,147892
48283,131257
48283,136553
48283,60017
48283,86455
48283,155354
48283,110085
48283,163788
48283,130492
48283,2367
148276,132759
148276,54023
148276,72568
148276,83761
148276,15429
148276,6938
148276,70964
148276,75038
148276,144801
148276,91713
148276,104154
148276,71825
148276,122959
148276,111465
120798,27007
120798,140514
120798,54392
153918,9945
153918,66787
60123,17656
60123,14469
60123,54669
60123,145424
29142,102909
29142,160946
29142,116613
29142,79883
29142,62330
50705,129896
50705,6938
157845,112771
157845,164792
157845,1189
161681,91040
161681,96676
161681,27887
161681,855
84077,119922
84077,54023
84077,90364
84077,147892
84077,54669
102744,145424
102744,139980
104154,54023
104154,91040
104154,84427
104154,6938
104154,14469
42711,63730
42711,129896
42711,166877
42711,148745
42711,151137
42711,140488
29442,72568
29442,60931
29442,101121
37586,153236
108664,84427
108664,64791
108664,68450
12306,129896
12306,63518
12306,139980
152352,72568
152352,129896
152352,63518
152352,145424
152352,96676
152352,25142
84427,54023
84427,91040
84427,131101
84427,2184
84427,144801
84427,38709
84427,102909
84427,158128
84427,855
84427,134134
84427,111369
84427,133917
84427,64944
84427,122959
84427,36447
151510,105137
151510,60834
151510,106730
151510,73988
151510,130302
17242,112771
17242,129896
17242,6938
17242,139980
17242,166704
38379,132759
38379,72568
38379,17656
38379,60931
38379,1189
38379,95301
38379,160946
43191,60834
43191,40180
100018,132759
100018,72568
100018,90364
100018,60834
100018,30911
100018,109765
100018,96676
100018,27887
100018,25022
100018,68450
100018,5880
100018,88395
100018,126459
95434,58773
95434,17656
95434,129896
95434,89299
95434,30911
95434,153601
95434,139980
2184,17656
2184,39592
54669,129896
54669,139980
54669,166704
54669,64944
54669,130555
103668,132759
103668,129896
140514,112771
140514,63730
140514,132759
140514,17656
140514,60834
140514,74510
140514,89299
140514,98533
140514,145424
140514,109765
140514,1189
140514,96676
140514,125904
140514,138848
140514,108450
140514,142280
140514,106177
140514,106070
140514,13542
140514,129977
140514,38208
140514,15999
140514,156081
140514,101376
43244,74908
43244,63518
43244,145424
43244,156187
43244,162124
43244,103719
27725,58773
27725,132759
27725,129396
27725,72568
27725,92825
65086,9913
65086,151550
156081,132759
156081,74510
156081,89299
156081,109765
156081,162124
116442,129396
140488,58773
30911,111369
30911,136831
30911,148745
30911,58556
30911,76522
30911,40987
30911,26827
30911,11171
30911,27381
120128,50870
120128,145424
120128,95301
120128,147892
120128,150584
120128,129977
120128,27007
120128,83761
120128,98174
120128,80835
120128,91713
120128,54392
152570,63730
152570,72568
152570,117043
152570,145424
152570,64791
152570,92292
152570,39100
51551,112771
51551,17656
51551,90364
51551,60931
51551,145424
51551,107823
51551,116963
51551,2367
161476,132759
161476,17656
161476,1189
161476,137429
161476,90566
161476,160946
124409,132759
124409,137193
124409,105137
124409,109765
124409,1189
124409,45104
124409,141080
111465,74908
111465,129896
111465,6938
111465,98533
111465,141080
111465,167533
29740,91040
29740,1189
95301,132759
95301,90364
95301,117043
95301,60931
95301,109530
95301,24948
95301,79883
95301,117010
95301,150745
95301,66845
95301,2367
95301,137817
95301,145042
95301,38709
24323,17656
65168,112771
158128,74908
158128,129896
158128,6938
158128,141080
111369,74908
111369,54023
111369,90364
111369,154716
111369,60834
111369,145424
111369,109765
111369,123548
111369,45104
111369,112558
111369,73988
111369,116963
111369,142902
102909,91040
102909,24948
102909,68629
102909,133917
102909,116613
102909,126711
27007,132759
27007,72568
27007,17656
27007,14293
27007,1189
27007,96676
27007,109530
27007,120117
129396,58773
129396,51273
129396,131213
129396,16224
129396,167533
129396,73732
129396,54392
75092,64791
75092,100277
21367,113219
21367,23586
21367,109765
129977,72568
129977,125577
129977,50870
129977,109765
129977,162124
129977,92825
129977,58803
129977,139857
129977,6684
129977,31157
129977,14765
129977,80900
66787,72568
97010,64791
97010,65586
151137,129896
151137,64622
151137,153601
151137,139980
151137,166704
151137,51776
149949,63730
149949,129896
149949,6938
51273,54023
51273,17656
51273,63518
51273,6938
131257,58773
131257,63730
131257,117043
131257,60834
131257,63518
131257,98533
131257,91221
131257,23586
131257,109765
131257,96831
131257,138377
135893,58773
135893,74908
135893,60931
98533,63730
98533,74908
98533,17656
98533,90364
98533,109765
98533,144801
98533,91221
98533,145424
98533,67203
76522,64791
76522,96676
76522,136553
76522,855
76522,27887
117006,63730
117006,17656
117006,117043
117006,145424
117006,23586
117006,109765
117006,164520
67203,58773
67203,137193
67203,125577
67203,129896
67203,153601
67203,61645
67203,92825
67203,25022
67203,40987
67203,58803
67203,120517
67203,165440
67203,160296
67203,924
67203,138848
67203,77110
67203,6684
67203,83815
67203,66845
67203,80900
67203,31157
67203,113373
67203,17712
108599,91221
108599,156187
113344,112771
113344,60834
113344,14562
113344,58803
106177,129896
924,17656
924,145424
924,109765
924,120117
924,103063
924,6850
120648,58773
120648,112771
120648,146116
73984,74908
106730,63730
106730,105137
106730,63518
106730,125904
106730,34085
106730,61645
106730,162928
106730,160946
106730,155354
106730,56454
106730,73988
106730,149704
106730,134384
124101,90364
124101,146116
124101,61316
124101,74889
32537,58773
32537,63518
32537,14469
122959,17656
122959,60931
122959,6938
108450,58773
108450,132759
108450,90364
108450,47096
108450,96676
108450,142280
108450,146242
108450,145042
108450,68450
108450,11171
120117,90637
120117,91221
120117,61645
120117,59868
120117,136553
120117,117880
120117,95797
120117,138848
120117,32385
143769,132759
143769,1189
143769,45104
143769,90566
165222,67364
165222,17995
41816,40180
41816,26290
16044,137193
16044,61645
16044,58803
16044,160296
16044,138848
50870,132759
50870,72568
50870,60931
50870,117880
50870,100649
14765,117043
14765,164520
14765,110085
52779,61645
52779,77110
52779,94703
91221,113219
91221,74908
91221,117043
91221,67364
91221,40180
91221,148537
91221,8747
91221,168012
91221,146242
91221,59868
91221,148745
91221,98174
91221,167533
91221,91223
91221,20954
91221,80510
91221,145424
164520,21032
164520,148199
164520,58803
107560,72568
107560,63518
107560,6938
101307,63518
101307,96676
11171,63730
11171,63764
11171,90364
11171,79721
11171,145424
11171,109765
11171,1189
11171,147892
11171,117010
11171,2367
24948,116613
24948,62330
72568,17147
72568,18169
72568,131213
72568,102960
72568,39100
72568,45018
72568,167533
72568,150745
72568,54392
72568,101121
72568,64622
72568,54069
72568,139857
72568,90364
72568,22238
72568,60931
72568,102403
72568,1509
79883,132759
79883,17656
79883,109765
79883,103063
27838,64791
27838,131213
146116,90364
146116,117043
74908,100532
74908,167533
74908,126459
134134,58773
134134,112771
134134,129896
134134,60931
134134,153601
134134,109765
134134,96676
134134,27887
134134,139980
134134,14469
134134,85037
141080,45104
141080,14469
90364,113219
90364,137193
90364,17656
90364,131101
90364,60017
90364,112558
90364,90637
90364,148537
90364,117010
90364,155354
90364,117880
90364,168012
90364,77110
90364,100277
90364,6684
90364,54771
90364,58803
90364,39636
90364,123548
90364,11968
90364,131213
90364,162124
90364,66845
90364,128067
90364,103063
90364,153601
90364,23586
90364,130492
90364,117043
90364,147892
90364,54392
90364,165874
90364,109765
90364,145424
90364,116963
90364,154716
90364,129896
90364,91713
90364,61645
22238,164792
22238,109765
22238,101376
166877,112771
166877,6357
166877,63764
166877,129896
166877,85037
166877,139980
166877,74889
166877,166704
166877,162309
166877,153601
166877,130492
166877,109765
166877,91713
166877,151550
139857,154716
139857,60931
139857,66807
64944,129896
166704,91040
166704,163004
166704,153601
166704,16028
166704,103063
166704,71825
166704,38709
126711,63518
126711,160946
126711,116613
39592,112771
39592,129896
39592,76829
39592,6938
144801,63730
144801,132759
144801,145424
144801,1189
9945,164792
92825,137193
92825,145424
92825,162124
92825,45104
92825,6850
92825,17712
165874,132759
128662,63730
128662,113219
128662,145424
128662,23586
128662,64791
128662,96676
128662,156187
128662,57872
128662,40987
128662,140337
128662,153236
167533,112771
167533,132759
167533,129896
167533,63518
167533,89299
167533,60931
167533,145424
167533,50380
167533,126459
8747,63730
8747,96676
56919,86089
99251,54023
168012,63730
168012,113219
168012,132759
168012,23586
168012,109765
168012,123548
976,112771
976,91040
976,155499
976,134695
976,95973
976,35447
976,96831
976,167006
23315,58773
23315,117043
23315,109765
23315,64791
23315,96676
127069,113219
127069,23586
127069,66845
72171,63730
72171,1189
72171,96676
72171,160946
39612,6357
39612,76829
39612,6938
39612,85037
77799,113219
77799,137193
45104,142280
45104,59868
45104,38208
45104,107823
54392,132759
54392,76829
54392,64791
54392,1189
54392,47096
54392,96676
54392,160946
54392,100277
54392,101121
73988,63730
73988,132759
73988,7295
73988,142280
73988,146242
152805,132759
152805,89299
152805,109765
152805,1189
116613,79721
116613,133917
109765,17656
109765,117043
109765,145424
109765,137429
109765,148537
109765,86455
109765,122037
109765,6684
109765,58803
109765,163788
109765,65586
109765,98174
109765,162124
109765,128067
109765,22866
109765,142902
109765,80900
109765,31157
109765,116963
90566,89299
128482,63730
128482,63518
128482,129896
128067,145424
128067,23586
32546,163004
66807,96676
66807,127944
66807,100532
66807,153274
66807,160946
66807,25332
66807,157334
66807,52882
66807,141533
66807,67591
36447,54023
36447,59868
36447,162309
36447,31157
67591,1189
14562,58773
14562,63730
14562,64791
14562,1189
14562,102403
14469,95489
91421,17147
91421,60931
54023,40299
54023,18673
54023,132032
54023,139435
54023,90374
54023,51776
131101,134695
148537,63730
148537,113219
148537,17147
148537,145424
148537,153601
148537,160946
148537,25142
148537,100277
148537,140337
148537,113708
148537,22866
58773,72196
58773,113039
58773,83761
58773,67364
58773,55371
58773,138377
58773,164398
58773,127944
58773,65586
58773,150723
58773,125904
58773,9282
58773,89462
58773,25633
58773,122037
58773,117960
58773,110085
58773,106484
58773,117013
58773,62158
58773,72504
58773,51776
58773,83057
58773,20825
58773,167006
58773,95973
58773,122230
58773,98174
24615,63730
24615,132759
24615,17656
24615,67122
24615,130492
163004,129896
163004,23586
163004,79721
133868,60931
133868,38208
133868,61645
18673,59868
92292,60834
92292,145424
92292,59868
92292,39100
92292,103719
92292,142902
92292,91223
63730,21032
63730,138377
63730,146242
63730,20954
63730,25022
63730,112558
63730,22866
63730,7295
63730,83057
63518,153031
63518,78484
63518,91713
63518,100277
63518,80837
63518,148199
63518,83656
63518,21422
63518,54771
63518,160946
63518,89462
63518,153274
63518,124231
129896,83057
129896,75038
129896,67398
129896,16028
129896,122230
129896,78484
129896,95973
129896,30895
129896,153601
129896,54139
129896,88395
129896,71825
129896,130302
129896,100649
129896,27381
60017,60834
60017,1189
60017,122037
60017,130492
60017,28185
83057,112771
83057,6357
83057,27887
83057,85037
83057,140337
78484,23586
91040,40299
91040,63490
91040,79721
91040,27887
91040,155499
91040,160946
153907,1189
153907,139980
153907,160946
85037,6357
85037,147892
85037,151550
162309,86455
162309,130492
150723,164792
150723,64791
150723,27887
23586,132759
23586,117043
23586,95889
23586,155354
23586,20825
23586,100277
23586,100649
23586,96831
23586,106244
39636,145424
39636,123548
39636,86455
39636,82689
80510,6357
80510,74510
80510,89299
80510,96676
74370,112771
74370,17656
74370,155499
74370,162124
74370,58803
74370,120517
117043,113219
117043,132759
117043,153031
117043,40180
117043,60834
117043,100277
117043,123548
117043,134858
117043,134695
117043,22866
117043,61645
117043,65235
61030,1189
61030,96676
61030,125904
61030,106070
72196,95973
72196,157072
72196,134384
83761,17147
83761,64791
67364,60834
67364,77110
67364,1189
67364,25022
67364,91223
67364,2367
55371,27381
138377,164792
138377,60834
138377,145424
138377,64791
138377,1189
138377,96676
138377,125904
138377,25142
164398,96676
127944,64791
127944,96676
127944,87061
127944,27887
65586,100277
65586,103063
125904,63764
125904,60834
125904,64791
125904,1189
125904,160296
125904,6850
125904,162124
125904,14301
125904,145042
125904,20954
125904,127813
125904,95973
125904,13542
125904,11217
125904,106070
125904,27887
125904,101376
125904,15999
125904,116939
125904,107606
9282,112771
9282,1189
9282,28392
25633,134695
25633,95973
25633,167006
117960,89299
110085,140337
106484,112771
106484,134695
106484,25142
106484,51776
106484,95973
72504,112771
72504,25142
51776,139980
51776,134695
20825,164792
20825,89299
20825,64791
20825,147892
167006,112771
167006,105137
167006,134695
167006,95973
167006,157072
167006,134384
95973,112771
95973,105137
95973,1189
95973,157072
95973,35447
95973,149704
95973,134384
122230,164792
122230,17656
122230,145424
122230,64791
122230,1189
122230,27887
98174,64791
98174,160946
60931,132759
60931,17147
60931,154503
60931,107606
60931,162928
60931,79721
117010,17656
117010,130492
117010,6850
67122,154503
67122,129799
155354,60834
155354,147892
155354,162928
155354,131213
155354,107823
6938,15429
117880,90637
117880,47096
117880,61645
117880,57872
117880,153236
117880,95797
117880,103063
17656,17147
17656,95889
17656,40180
17656,27381
17656,137817
17656,58129
17656,66845
17656,126459
17656,127678
17656,58803
17656,67398
146242,137429
146242,1509
146242,59868
75038,112771
75038,132759
75038,95489
45018,142902
154716,60834
154716,123548
154716,120517
154716,142902
154716,95023
154716,64622
154716,145424
154716,130302
145424,132759
145424,137193
145424,125577
145424,90637
145424,64622
145424,7295
145424,40299
145424,136553
145424,112558
145424,160296
145424,138848
145424,77110
145424,6684
145424,54771
145424,59868
145424,120517
145424,1189
145424,162124
145424,66845
145424,14301
145424,142902
145424,107606
145424,54139
145424,91223
145424,40987
145424,80900
145424,31157
145424,25022
145424,130302
145424,100649
163270,132759
163270,1189
38208,142280
38208,107823
145042,15999
145042,65235
132759,140207
132759,95889
132759,25332
132759,112558
132759,29783
132759,47096
132759,162928
132759,105137
132759,127678
132759,96676
132759,74889
132759,103063
132759,88395
132759,64622
132759,17147
132759,126459
132759,73732
147892,89299
147892,59868
147892,11968
147892,131213
147892,54139
142280,14293
142280,137429
107823,96676
101121,150745
83656,64791
105137,112771
105137,157072
105137,28185
105137,58556
105137,1189
105137,13542
105137,149704
130492,86455
130492,142721
18169,79721
64622,113219
64622,1189
64622,96676
64622,160946
74889,148745
74889,25142
58905,164792
58905,86089
148745,27381
148745,90374
86455,63764
86455,60834
86455,79721
86455,2367
86455,163788
107606,60834
107606,89299
107606,1189
63490,74510
27887,109530
27887,58803
27887,14301
27887,6825
27887,91713
27887,25022
27887,131991
27887,91223
91713,17147
91713,15429
82689,59868
82689,80900
155499,112771
151550,59868
11968,63764
11968,90637
11968,89299
11968,162124
11968,61645
11968,58803
11968,6684
11968,95797
11968,103063
11968,31157
11968,137817
27381,74510
27381,139980
27381,16028
27381,155107
61316,112771
61316,60834
61316,34085
56454,29823
106244,123548
106244,120517
106244,113708
106244,6850
106244,17712
29823,89299
29823,1189
149704,1189
149704,157072
136553,1479
136553,96676
136553,57872
153031,112771
153031,137193
40180,64791
60834,113708
60834,112558
60834,15999
60834,39100
60834,2367
60834,20954
60834,47096
60834,25022
60834,138848
60834,101376
60834,1189
60834,7295
60834,58803
1509,96676
103196,17147
116939,164792
116939,1189
116939,106070
116939,13542
116939,15999
116939,101376
116939,127813
1479,90637
1479,6684
1479,54771
1479,95797
1479,31157
1479,61645
6850,137193
6850,90637
6850,162124
6850,61645
6850,142902
6850,40987
6850,58803
6850,120517
6850,77110
6850,100277
6850,138848
6850,66845
6850,6684
6850,50380
6850,91223
6850,31157
6850,160296
6850,83815
6850,6825
6850,113373
13542,137193
13542,1189
13542,106070
13542,113708
13542,2842
50380,74510
50380,130555
91658,137193
91658,74510
91658,1189
91658,61645
91658,40987
91658,58803
91658,138848
103063,63764
103063,90637
103063,47096
103063,57872
103063,160946
103063,95797
103063,106070
103063,153236
91223,1189
91223,162124
91223,59868
91223,57872
91223,160946
91223,142902
91223,80900
91223,17712
162124,137193
162124,125577
162124,90637
162124,79721
162124,156187
162124,160296
162124,138848
162124,77110
162124,6684
162124,95797
162124,83815
162124,58803
162124,120517
162124,66845
162124,40987
162124,113373
162124,17712
162124,6825
162124,80900
162124,14301
162124,31157
162124,61645
162124,142902
95489,47096
95489,73732
109530,89299
131991,139980
160296,137193
160296,90637
160296,156187
160296,61645
160296,40987
160296,58803
160296,120517
160296,77110
160296,100277
160296,138848
160296,66845
160296,17712
160296,113373
17712,137193
17712,125577
17712,96676
17712,59868
17712,40987
17712,58803
17712,77110
17712,138848
17712,66845
17712,6684
17712,153236
17712,14301
17712,80900
17712,6825
90637,137193
90637,63764
90637,59868
90637,6684
90637,58803
90637,66845
90637,77110
90637,40987
90637,47096
90637,153236
90637,95797
90637,120517
90637,138848
90637,156187
90637,61645
89299,25142
89299,130302
127813,1189
127813,106070
164792,1189
164792,127530
164792,95023
29783,47096
137193,66845
137193,40987
137193,31157
137193,113373
137193,58803
137193,61645
137193,83815
137193,120517
137193,138848
16028,153601
16028,139980
66845,61645
66845,40987
66845,58803
66845,120517
66845,54139
66845,77110
66845,138848
66845,83815
66845,113373
58803,153601
58803,1189
58803,156187
58803,61645
58803,59868
58803,57872
58803,40987
58803,138848
58803,77110
58803,83815
58803,31157
58803,113373
58803,120517
58803,6825
102403,17147
79721,63764
79721,58129
79721,77110
79721,83815
79721,120517
79721,88395
79721,61645
79721,75676
116963,123548
116963,142902
113708,58129
138848,156187
138848,61645
138848,40987
138848,120517
138848,77110
138848,6684
138848,153236
138848,31157
138848,113373
95797,156187
95797,59868
95797,6684
95797,153236
95797,31157
95797,32385
95797,137817
123548,59868
123548,142902
132032,153601
34085,94703
80900,156187
80900,59868
100649,139980
73732,1189
73732,47096
5414,1189
54139,25022
54139,112558
112558,160946
112558,25022
112558,20954
61645,47096
61645,156187
61645,77110
61645,100277
61645,6684
61645,54771
61645,120517
61645,113373
61645,40987
61645,57872
61645,31157
134695,2367
160946,14293
160946,58129
160946,158355
160946,25022
2367,25022
17147,14438
17147,98781
17147,130302
5880,112771
112771,67398
112771,28392
112771,10494
14301,1189
14301,156187
101376,1189
101376,40987
101376,106070
101376,11217
101376,15999
101376,31157
115184,96676
58129,96676
25022,20954
25022,68450
142864,1189
142902,57872
142902,153236
113219,57375
20954,1189
54771,156187
54771,59868
75676,63764
59868,77110
59868,6684
59868,31157
59868,57872
59868,153236
59868,65235
47096,80837
47096,106070
47096,57872
1189,141888
1189,77110
1189,46756
1189,94472
1189,106070
1189,15999
1189,6825
1189,11217
140207,63764
96676,137429
96676,141888
96676,88395
96676,855
88395,137429
40987,57872
40987,77110
40987,6684
40987,120517
40987,113373
40987,31157
31157,156187
31157,57872
31157,120517
31157,6684
31157,83815
31157,2842
113373,120517
113373,77110
83815,156187
83815,120517
83815,77110
120517,6684
120517,2842
120517,103719
14293,137429
65235,57872
64791,3154
64791,128104
77110,6684
77110,140337
63764,68450
156187,32385
156187,103719
156187,153236
103719,57872
103719,2842
153236,57872
57872,6684
57872,32385
153601,139980
130555,139980
103454,139980
15999,106070
15999,11217
94703,144094
94703,92627
144094,92627
