128,10166
128,682
128,4930
128,2119
128,10234
128,8396
128,6811
128,9928
128,2833
128,8613
128,21828
128,13984
128,12145
128,7969
128,2080
128,1156
128,13423
128,9936
128,11785
128,672
128,7452
128,4476
128,19129
128,17392
128,142
128,9602
10166,142
10166,312
10166,672
10166,682
10166,1156
10166,2080
10166,2112
10166,2119
10166,2833
10166,4930
10166,8396
10166,9602
10166,7969
10166,17392
10166,9936
10166,10234
10166,19447
10166,9928
10166,13984
10166,12145
10166,11550
10166,13423
10166,18409
10166,11785
10166,21334
10166,4476
10166,19129
682,142
682,672
682,20489
682,2119
682,789
682,8396
682,11785
682,19447
682,9928
682,2833
682,9936
682,8613
682,4930
682,10423
682,12145
682,7969
682,2080
682,1156
682,11550
682,13423
682,22433
682,17392
682,18409
682,21334
682,1184
682,10234
682,13984
682,4476
682,19129
682,19076
682,12573
682,9602
4930,142
4930,672
4930,909
4930,1156
4930,2080
4930,2119
4930,2833
4930,10234
4930,8396
4930,19447
4930,9928
4930,8613
4930,13984
4930,12145
4930,7969
4930,11550
4930,13423
4930,9936
4930,11785
4930,21334
4930,4476
4930,19129
4930,17392
4930,9602
2119,142
2119,672
2119,1156
2119,2080
2119,11785
2119,10234
2119,8396
2119,19447
2119,9928
2119,2833
2119,8613
2119,13984
2119,12145
2119,7969
2119,11550
2119,13423
2119,9936
2119,4476
2119,19129
2119,12573
2119,9602
10234,142
10234,672
10234,1156
10234,2080
10234,2833
10234,8396
10234,9602
10234,8613
10234,7969
10234,17392
10234,9936
10234,19447
10234,9928
10234,13984
10234,12145
10234,11550
10234,13423
10234,11785
10234,4476
10234,19129
10234,12573
8396,142
8396,672
8396,789
8396,1156
8396,2080
8396,2833
8396,19447
8396,9928
8396,8613
8396,13984
8396,12145
8396,7969
8396,11550
8396,13423
8396,9936
8396,18409
8396,11785
8396,21334
8396,4476
8396,19129
8396,17392
8396,9602
6811,12749
6811,2552
6811,13981
6811,21828
6811,18268
6811,12306
6811,7452
6811,20102
6811,5086
9928,142
9928,672
9928,789
9928,1156
9928,1184
9928,2057
9928,2080
9928,2833
9928,9602
9928,8613
9928,7969
9928,9936
9928,11550
9928,11785
9928,12145
9928,19447
9928,20489
9928,13984
9928,13423
9928,18409
9928,21334
9928,4476
9928,19129
2833,142
2833,672
2833,1156
2833,2080
2833,2112
2833,17392
2833,19447
2833,8613
2833,13984
2833,12145
2833,7969
2833,11550
2833,13423
2833,9936
2833,18409
2833,11785
2833,21334
2833,4476
2833,19129
2833,19076
2833,12573
2833,9602
8613,142
8613,672
8613,1156
8613,2080
8613,9602
8613,13423
8613,9936
8613,11785
8613,4476
8613,19129
8613,13984
8613,12145
21828,2553
21828,3368
21828,4531
21828,7452
21828,17392
21828,12595
21828,12677
21828,20102
13984,142
13984,672
13984,1156
13984,2080
13984,2112
13984,9602
13984,7969
13984,17392
13984,9936
13984,11550
13984,11785
13984,12145
13984,12573
13984,13423
13984,19447
13984,20489
13984,18409
13984,21334
13984,4476
13984,19129
12145,142
12145,672
12145,1156
12145,2080
12145,9602
12145,7969
12145,17392
12145,9936
12145,11550
12145,11785
12145,19447
12145,13423
12145,18409
12145,21334
12145,4476
12145,19129
7969,142
7969,672
7969,2080
7969,9602
7969,13423
7969,9936
7969,11785
7969,4476
7969,19129
2080,142
2080,672
2080,1156
2080,17392
2080,19447
2080,11550
2080,13423
2080,9936
2080,18409
2080,11785
2080,2112
2080,21334
2080,4476
2080,19129
2080,19076
2080,12573
2080,9602
1156,142
1156,672
1156,11550
1156,13423
1156,9936
1156,11785
1156,4476
1156,19129
1156,17392
1156,9602
13423,142
13423,672
13423,2112
13423,9602
13423,17392
13423,9936
13423,11550
13423,11785
13423,12573
13423,12677
13423,21334
13423,21141
13423,18409
13423,4476
13423,19129
13423,19076
9936,142
9936,672
9936,9602
9936,9741
9936,11785
9936,4476
9936,19129
11785,142
11785,672
11785,2552
11785,9602
11785,4476
11785,19129
672,142
672,4476
672,19129
672,9602
7452,493
7452,9602
7452,9741
7452,21942
7452,8512
4476,142
4476,312
4476,9602
4476,17392
4476,17159
4476,19129
19129,142
19129,9602
19129,17392
19129,11550
19129,18409
19129,19447
19129,21334
17392,278
17392,312
17392,2552
17392,4531
17392,5784
17392,7367
17392,5453
17392,9602
17392,6771
17392,7291
17392,22328
17392,5086
17392,8603
17392,11371
17392,13435
17392,13443
17392,10244
17392,16870
17392,9677
17392,10068
17392,13630
17392,11917
17392,12628
17392,14551
17392,21750
17392,9741
17392,15478
17392,14083
17392,15915
17392,8870
17392,6447
17392,15742
17392,13981
17392,17632
17392,16566
17392,18389
142,9602
9602,1184
9602,2112
9602,17314
9602,19447
9602,11550
9602,18409
9602,21334
9602,17686
9602,19076
9602,12573
148,12654
148,11846
148,7833
148,10047
148,3066
148,21671
148,14981
148,18886
148,3342
12654,7475
12654,356
12654,1360
12654,2639
12654,3066
12654,3342
12654,3896
12654,4737
12654,6202
12654,6544
12654,6703
12654,18581
12654,6994
12654,7269
12654,7833
12654,8579
12654,9262
12654,9663
12654,9761
12654,9797
12654,11427
12654,11472
12654,11771
12654,11846
12654,12288
12654,10047
12654,15756
12654,13690
12654,14608
12654,13649
12654,15961
12654,13787
12654,15830
12654,1917
12654,14981
12654,19437
12654,13309
12654,18886
12654,18529
12654,19691
12654,21975
12654,18573
12654,21671
12654,14963
11846,7475
11846,356
11846,1360
11846,2639
11846,3066
11846,3342
11846,3896
11846,4064
11846,4737
11846,6202
11846,6544
11846,6703
11846,18581
11846,6994
11846,7269
11846,7833
11846,8579
11846,9262
11846,9663
11846,9761
11846,9797
11846,11427
11846,11472
11846,11771
11846,12288
11846,15756
11846,16851
11846,14608
11846,10047
11846,15961
11846,19347
11846,13787
11846,13690
11846,1917
11846,14981
11846,19437
11846,13649
11846,13309
11846,18886
11846,18529
11846,19691
11846,21975
11846,18573
11846,15830
11846,14963
11846,21671
7833,7475
7833,356
7833,1360
7833,2639
7833,3066
7833,3342
7833,3896
7833,4737
7833,6202
7833,6347
7833,6703
7833,18581
7833,6994
7833,7269
7833,12288
7833,9761
7833,10047
7833,15830
7833,15961
7833,13787
7833,13690
7833,11771
7833,1917
7833,14981
7833,19437
7833,9663
7833,14608
7833,11427
7833,13649
7833,13309
7833,18886
7833,9262
7833,18529
7833,9797
7833,11472
7833,11260
7833,19691
7833,21975
7833,18573
7833,13911
7833,21671
7833,14963
10047,7475
10047,1360
10047,3066
10047,3342
10047,3896
10047,4737
10047,6202
10047,6703
10047,18581
10047,6994
10047,7269
10047,8579
10047,9262
10047,9663
10047,9761
10047,9797
10047,11427
10047,11472
10047,11771
10047,12288
10047,13690
10047,14608
10047,15961
10047,13787
10047,15830
10047,1917
10047,14981
10047,19437
10047,13649
10047,13309
10047,18886
10047,18529
10047,19691
10047,21975
10047,18573
10047,21671
10047,14963
3066,7475
3066,356
3066,1360
3066,2639
3066,12288
3066,7269
3066,15756
3066,9761
3066,6544
3066,14608
3066,19743
3066,15961
3066,18581
3066,19347
3066,6202
3066,13787
3066,8579
3066,13690
3066,15830
3066,1917
3066,14981
3066,21729
3066,6994
3066,3342
3066,13309
3066,18886
3066,3896
3066,18529
3066,11472
3066,9663
3066,11427
3066,4737
3066,19691
3066,21975
3066,18573
3066,9262
3066,6703
3066,21671
21671,7475
21671,356
21671,1360
21671,3896
21671,4737
21671,6202
21671,6544
21671,6703
21671,18581
21671,6994
21671,7269
21671,8579
21671,9262
21671,9663
21671,9761
21671,9797
21671,11427
21671,11472
21671,11771
21671,12288
21671,13309
21671,13649
21671,13690
21671,14608
21671,14963
21671,14981
21671,15756
21671,15830
21671,15961
21671,18529
21671,18573
21671,1917
21671,18886
21671,19437
21671,19691
21671,21975
14981,221
14981,7475
14981,356
14981,590
14981,789
14981,909
14981,916
14981,981
14981,1123
14981,1360
14981,1738
14981,2112
14981,2365
14981,2422
14981,2521
14981,2553
14981,2639
14981,3342
14981,3896
14981,3919
14981,4064
14981,4356
14981,4737
14981,4775
14981,15755
14981,5768
14981,6202
14981,6219
14981,6347
14981,6493
14981,6544
14981,6703
14981,7966
14981,18581
14981,6980
14981,6994
14981,19856
14981,7269
14981,8216
14981,8245
14981,8274
14981,8579
14981,8883
14981,9262
14981,9319
14981,9326
14981,17726
14981,9663
14981,9761
14981,9797
14981,9924
14981,5411
14981,11120
14981,11260
14981,11341
14981,11427
14981,11472
14981,11771
14981,12204
14981,12288
14981,12464
14981,12599
14981,13309
14981,13649
14981,13690
14981,13787
14981,13822
14981,13911
14981,14026
14981,14608
14981,14802
14981,14936
14981,14946
14981,14963
14981,15756
14981,16851
14981,21787
14981,15961
14981,17878
14981,21761
14981,21641
14981,15236
14981,15830
14981,18886
14981,15742
14981,20810
14981,18573
14981,16895
14981,17154
14981,18966
14981,17357
14981,1917
14981,19437
14981,17393
14981,16323
14981,18529
14981,18078
14981,19691
14981,21975
14981,15951
14981,19695
14981,17427
18886,7475
18886,356
18886,909
18886,916
18886,1360
18886,2365
18886,2639
18886,3342
18886,3896
18886,3919
18886,4064
18886,4737
18886,5768
18886,6202
18886,6219
18886,6347
18886,6493
18886,6544
18886,6703
18886,18581
18886,6994
18886,7269
18886,8274
18886,8579
18886,9262
18886,9663
18886,9761
18886,9784
18886,9797
18886,11260
18886,11427
18886,11472
18886,11771
18886,12288
18886,12677
18886,13309
18886,13649
18886,13690
18886,13787
18886,14608
18886,14802
18886,14963
18886,15830
18886,6116
18886,15961
18886,16851
18886,17154
18886,17357
18886,18529
18886,21761
18886,18573
18886,1917
18886,21787
18886,19437
18886,19691
18886,21975
3342,7475
3342,356
3342,436
3342,1360
3342,12288
3342,7269
3342,13690
3342,6544
3342,14608
3342,13649
3342,15830
3342,15756
3342,18581
3342,6202
3342,13787
3342,8579
3342,9761
3342,11771
3342,1917
3342,19437
3342,6994
3342,9663
3342,13309
3342,3896
3342,5212
3342,18529
3342,9797
3342,5768
3342,11427
3342,4737
3342,19691
3342,21975
3342,11472
3342,18573
3342,6493
3342,9262
3342,6703
3342,15961
3342,14963
205,12667
205,11152
205,5072
205,789
205,17512
205,227
205,9126
205,970
205,3251
205,20694
205,22331
205,8143
205,649
205,13630
205,7367
205,15987
205,7291
12667,227
12667,12311
12667,2112
12667,7367
12667,8036
12667,20694
12667,13630
12667,17933
12667,15987
11152,227
11152,12749
11152,7367
11152,8036
11152,5422
11152,20694
11152,21489
11152,13630
11152,15987
5072,15158
5072,4067
5072,2325
5072,7367
5072,20694
5072,12264
789,16870
789,17632
789,14249
789,16566
17512,8139
17512,8883
17512,15951
17512,21141
17512,15236
17512,16895
227,15478
227,12264
227,8036
227,12311
227,9677
227,13981
227,5422
227,493
227,17484
227,15158
227,8143
227,6447
227,11371
227,20584
227,18268
227,2325
227,2618
227,15447
227,6261
227,16352
227,20694
227,15987
227,7367
227,11960
227,5948
227,13630
227,5086
227,11755
9126,649
9126,8512
9126,21489
9126,17632
9126,22331
3251,1855
3251,11550
3251,21141
3251,19447
20694,15158
20694,2325
20694,7367
20694,8036
20694,5422
20694,6261
20694,8143
20694,9324
20694,11960
20694,13435
20694,13630
20694,13742
20694,15987
20694,17484
20694,17593
20694,18193
20694,20102
22331,8606
8143,14495
8143,7367
8143,8036
8143,15987
8143,12264
8143,13630
649,21141
649,5948
13630,513
13630,2325
13630,7367
13630,8036
13630,5422
13630,6261
13630,8870
13630,9324
13630,13681
13630,9882
13630,16647
13630,11960
13630,12264
13630,15987
13630,16270
13630,14003
13630,21942
13630,17484
13630,18193
13630,18409
7367,224
7367,755
7367,12311
7367,2325
7367,3461
7367,6261
7367,8050
7367,8036
7367,18883
7367,9677
7367,14067
7367,5422
7367,17484
7367,16647
7367,18193
7367,12264
7367,18268
7367,20141
7367,12126
7367,10244
7367,7412
7367,13407
7367,15987
7367,12595
7367,9324
7367,18409
7367,12724
15987,12311
15987,3570
15987,8036
15987,6261
15987,9324
15987,11960
15987,12264
15987,18193
15987,17950
15987,17593
7291,17950
7291,8974
7291,19447
7291,12628
7291,21489
221,701
701,12684
701,20376
701,21750
701,18273
701,12677
701,8139
701,7966
701,11892
701,13435
701,13443
701,6130
701,1235
701,18760
701,12801
701,4064
701,22338
701,9677
701,15961
701,15236
701,22421
701,9741
701,4203
701,19943
224,16120
224,19447
224,20810
224,8883
224,19347
224,12677
16120,8325
16120,8087
16120,8724
16120,8974
16120,20584
19447,3570
19447,3820
19447,5086
19447,8603
19447,8870
19447,9677
19447,10341
19447,12376
19447,12801
19447,13435
19447,15447
19447,15478
19447,17593
19447,18760
19447,7135
20810,2114
20810,4531
20810,9677
20810,20141
20810,12126
20810,12264
20810,13443
20810,15742
20810,17632
20810,19943
8883,1123
8883,2422
8883,5212
8883,22328
8883,8139
8883,8216
8883,18966
8883,10208
8883,15742
8883,15756
8883,13690
8883,19347
8883,21729
8883,16895
8883,19743
8883,11341
8883,13434
8883,17299
8883,17726
8883,13822
8883,18078
8883,15951
8883,9319
8883,15236
8883,18512
8883,14946
19347,2594
19347,8606
19347,3896
19347,3945
19347,4064
19347,5212
19347,5382
19347,6202
19347,22328
19347,8139
19347,17726
19347,9784
19347,11332
19347,4897
19347,12288
19347,12464
19347,13435
19347,13487
19347,17299
19347,14608
19347,15236
19347,15756
19347,6116
19347,15961
19347,16355
19347,16895
19347,18512
19347,18573
19347,18995
19347,21729
19347,19695
19347,19743
12677,718
12677,909
12677,3570
12677,4203
12677,4228
12677,6243
12677,15810
12677,5086
12677,8603
12677,9096
12677,12838
12677,10341
12677,12376
12677,16851
12677,21787
12677,20584
12677,18119
12677,17593
12677,20102
12677,21750
12677,21141
12677,7135
12677,19943
12677,18760
12677,12801
15478,909
15478,12311
15478,2112
15478,2552
15478,4531
15478,5086
15478,8974
15478,10068
15478,11550
15478,11809
15478,9741
15478,18409
12264,15158
12264,5422
12264,11960
12264,18193
8036,12311
8036,4067
8036,14495
8036,21252
8036,16736
8036,6270
8036,16064
8036,21278
8036,15727
12311,18516
12311,14634
12311,5086
12311,17484
9677,909
9677,1123
9677,6980
9677,8139
9677,8216
9677,9319
9677,17726
9677,20489
9677,15236
9677,16895
9677,18966
9677,19743
9677,9741
9677,14936
9677,11341
9677,18078
9677,21489
9677,19076
9677,12464
9677,21729
5422,969
5422,2112
5422,2165
5422,2325
5422,18516
5422,6261
5422,11892
5422,20584
5422,5948
5422,18409
5422,22421
5422,19712
5422,14804
5422,5086
493,10606
17484,2325
15158,6261
15158,18193
15158,11960
15158,2325
6447,11809
6447,13911
6447,17154
6447,18409
11371,5254
11371,20416
11371,8245
20584,909
20584,5463
20584,7761
20584,7848
20584,11332
20584,11536
18268,2112
18268,20416
18268,18516
2618,22273
2618,15447
15447,11117
15447,22273
15447,13435
6261,18409
16352,14249
11960,18193
5948,871
5948,10606
5948,20436
5948,6097
5948,14804
5948,20504
5948,21489
5948,19943
5086,1184
5086,3368
5086,3405
5086,5453
5086,6097
5086,20416
5086,13257
5086,8974
5086,21750
5086,10423
5086,11550
5086,22433
5086,13441
5086,3954
5086,9324
11755,1184
11755,8274
11755,20643
11755,19743
11755,21729
11755,22433
278,2552
278,1095
278,909
278,2112
2552,12749
2552,8603
2552,3820
2552,2553
2552,18409
2552,15915
1095,18516
1095,17630
909,484
909,871
909,9882
909,16355
909,9096
909,18760
909,5453
909,14553
909,21750
909,15915
909,21141
909,2117
909,8087
909,2842
909,12376
909,18803
909,20504
909,12838
909,19943
909,18273
2112,513
2112,648
2112,718
2112,13257
2112,12126
2112,7588
2112,11965
2112,4318
2112,3368
2112,15915
2112,12306
2112,8444
2112,15810
2112,8512
2112,21184
2112,8127
2112,3820
2112,19943
2112,3570
2112,19721
2112,16870
2112,20436
2112,3277
2112,11859
2112,21750
2112,20805
2112,8974
2112,11917
2112,21295
2112,5254
2112,18119
2112,6097
2112,18389
2112,9096
2112,12571
2112,7135
2112,4897
2112,3396
2112,15654
2112,17850
2112,12838
2112,8603
2112,3954
2112,12628
2112,16566
2112,3405
2112,17630
2112,8884
2112,10341
2112,12801
7475,12288
7475,7269
7475,9761
7475,6703
7475,13309
7475,14608
7475,4737
7475,356
7475,3896
7475,18581
7475,18529
7475,496
7475,11472
7475,9663
7475,6202
7475,8579
7475,19691
7475,13690
7475,21975
7475,1917
7475,18573
7475,15830
7475,9262
7475,19437
7475,6994
12288,356
12288,1360
12288,2639
12288,3896
12288,4064
12288,4737
12288,6202
12288,6544
12288,6703
12288,18581
12288,6994
12288,7269
12288,7852
12288,8579
12288,9262
12288,9663
12288,9761
12288,11427
12288,11472
12288,11771
12288,14608
12288,15830
12288,15756
12288,13690
12288,17357
12288,1917
12288,13787
12288,13649
12288,13309
12288,18529
12288,14963
12288,19691
12288,21975
12288,18573
12288,15961
12288,19437
7269,3896
7269,4064
7269,4737
7269,6202
7269,6544
7269,6703
7269,13309
7269,9761
7269,14608
7269,13649
7269,9262
7269,15961
7269,11472
7269,9663
7269,11427
7269,8579
7269,19691
7269,13690
7269,15830
7269,11771
7269,18573
7269,14963
7269,21975
9761,356
9761,1360
9761,2639
9761,3896
9761,4737
9761,6202
9761,6703
9761,18581
9761,6994
9761,8579
9761,9262
9761,9663
9761,13690
9761,14608
9761,15961
9761,1917
9761,13649
9761,13309
9761,18529
9761,11472
9761,11427
9761,19691
9761,21975
9761,15830
9761,18573
9761,11771
9761,14963
9761,19437
6703,3896
6703,4737
6703,6202
6703,13309
6703,14608
6703,13649
6703,8579
6703,15961
6703,11472
6703,19691
6703,21975
6703,18573
6703,15830
6703,9262
6703,19743
6703,1917
6703,19437
6703,21729
6703,14963
13309,356
13309,916
13309,1360
13309,3896
13309,4064
13309,4737
13309,6202
13309,6544
13309,18581
13309,6994
13309,8579
13309,9262
13309,9663
13309,9797
13309,11427
13309,11472
13309,14608
13309,13649
13309,19743
13309,15961
13309,13787
13309,1917
13309,21729
13309,18529
13309,15830
13309,19691
13309,21975
13309,18573
14608,356
14608,1360
14608,2365
14608,2639
14608,3896
14608,4737
14608,6202
14608,6544
14608,18581
14608,6994
14608,8579
14608,9262
14608,9663
14608,9797
14608,11427
14608,11472
14608,11771
14608,13649
14608,13690
14608,13787
14608,15756
14608,14608
14608,15830
14608,15961
14608,15236
14608,1917
14608,19437
14608,18529
14608,19691
14608,21975
14608,18966
14608,18573
14608,14963
14608,16895
4737,356
4737,1360
4737,2639
4737,3896
4737,4064
4737,13690
4737,6544
4737,15830
4737,15961
4737,18581
4737,6202
4737,13787
4737,8579
4737,11472
4737,1917
4737,19437
4737,6994
4737,13649
4737,18529
4737,9797
4737,9663
4737,19691
4737,21975
4737,18573
4737,9262
4737,11771
4737,11427
356,15756
356,13690
356,6544
356,6202
356,1360
356,9262
356,11472
356,18573
356,15961
356,13649
356,8579
356,3896
356,15830
356,11427
356,21975
3896,1360
3896,15755
3896,13690
3896,6544
3896,15961
3896,18581
3896,6202
3896,8579
3896,15830
3896,1917
3896,13649
3896,9663
3896,19691
3896,21975
3896,9262
3896,18573
3896,14963
18581,1360
18581,2639
18581,4064
18581,6202
18581,13649
18581,15961
18581,18529
18581,11427
18581,8579
18581,14963
18581,19691
18581,15830
18581,18573
18581,1917
18581,19437
18581,9663
18529,2639
18529,8606
18529,6202
18529,8579
18529,9262
18529,11472
18529,11771
18529,13441
18529,13649
18529,13787
18529,15830
18529,15961
18529,21141
18529,19691
18529,21975
18529,19943
18529,18573
496,436
496,13435
496,17299
496,8579
496,15727
496,4249
496,13487
496,18995
496,2842
496,10208
496,7083
496,8216
496,16355
496,4897
496,14551
496,8139
496,18512
496,13742
496,5382
496,5212
496,4864
11472,916
11472,2639
11472,4064
11472,6202
11472,8579
11472,9262
11472,9663
11472,13690
11472,13649
11472,15961
11472,19691
11472,15830
11472,18573
11472,1917
11472,14963
11472,21975
9663,916
9663,6202
9663,6544
9663,9262
9663,15756
9663,13649
9663,15961
9663,11427
9663,19691
9663,13690
9663,21975
9663,15830
9663,1917
9663,11771
9663,18573
9663,14963
6202,1360
6202,13690
6202,15961
6202,13787
6202,8579
6202,11771
6202,15830
6202,1917
6202,6994
6202,9784
6202,11427
6202,19691
6202,21975
6202,18573
6202,9262
6202,14963
8579,6994
8579,13690
8579,9262
8579,11427
8579,19691
8579,11771
8579,1917
8579,18573
19691,436
19691,1360
19691,2639
19691,4064
19691,4656
19691,5212
19691,6994
19691,9262
19691,13649
19691,13690
19691,14963
19691,15830
19691,15961
19691,18573
19691,20818
19691,21975
13690,1123
13690,2639
13690,3919
13690,4064
13690,5768
13690,6544
13690,7966
13690,8216
13690,9262
13690,9319
13690,9784
13690,11341
13690,11427
13690,11771
13690,15756
13690,15830
13690,15236
13690,1917
13690,15782
13690,14946
13690,18078
13690,21975
13690,18573
13690,16895
13690,17427
21975,1184
21975,1360
21975,2057
21975,2365
21975,6544
21975,9262
21975,11771
21975,14802
21975,15830
21975,18573
21975,1917
21975,19437
21975,22433
1917,4064
1917,6544
1917,9262
1917,15830
1917,15961
1917,18573
1917,19743
1917,21729
18573,1360
18573,4064
18573,6171
18573,6493
18573,9262
18573,9797
18573,11427
18573,11771
18573,12573
18573,13649
18573,14963
18573,15830
18573,15961
18573,18409
18573,19437
15830,6544
15830,6994
15830,9262
15830,11427
15830,11771
15830,13649
15830,13787
15830,14963
15830,15756
15830,21787
15830,15961
15830,19437
9262,2639
9262,4064
9262,6544
9262,6994
9262,15756
9262,13649
9262,19743
9262,15961
9262,19437
9262,11427
9262,14963
9262,11771
9262,21729
19437,15755
6994,15961
15756,1123
15756,2365
15756,15236
15756,18966
15756,16895
6544,11771
15961,5212
15961,5768
15961,9784
15961,11771
15961,13649
13649,1901
13649,8606
13649,3919
13649,14963
425,1737
425,8512
1737,8512
8512,3405
8512,4296
8512,13936
8512,22273
8512,10984
8512,10423
436,9784
436,4656
436,13487
436,17299
436,5212
436,4897
436,14249
436,5768
436,9377
436,8813
436,5382
436,7556
436,21473
436,5176
436,18512
436,4249
436,10208
436,1508
436,20818
9784,1508
9784,1901
9784,3229
9784,4249
9784,5212
9784,5382
9784,8216
9784,18512
9784,16355
9784,21729
9784,6116
9784,4897
9784,19743
9784,21473
4656,1508
4656,7712
4656,4249
4656,13487
4656,20818
4656,5212
4656,12204
4656,9377
4656,4897
4656,14249
4656,5382
4656,21473
4656,15066
4656,18512
4656,5176
4656,10208
13487,1508
13487,8606
13487,4249
13487,5176
13487,5212
13487,5382
13487,7083
13487,7556
13487,7852
13487,10208
13487,11332
13487,4897
13487,13441
13487,19743
13487,18512
13487,20818
13487,14748
13487,14249
13487,17299
13487,21729
17299,1508
17299,7712
17299,1901
17299,8606
17299,4249
17299,5176
17299,5212
17299,9377
17299,5382
17299,7556
17299,7852
17299,8813
17299,15066
17299,10208
17299,11260
17299,11332
17299,4897
17299,14249
17299,19743
17299,21473
17299,21729
17299,15236
17299,20818
17299,14748
17299,6116
17299,16895
5212,1508
5212,7712
5212,1901
5212,3229
5212,8606
5212,3945
5212,4249
5212,5176
5212,13441
5212,15066
5212,21729
5212,14748
5212,9377
5212,10208
5212,18995
5212,7556
5212,9319
5212,7852
5212,7083
5212,15236
5212,8813
5212,21473
5212,16355
5212,11260
5212,4897
5212,16895
5212,6116
5212,19743
5212,18512
5212,5382
5212,20818
5212,11332
5212,14249
4897,1508
4897,7712
4897,1901
4897,2594
4897,3229
4897,8606
4897,4249
4897,5176
4897,9377
4897,5382
4897,7083
4897,7556
4897,7852
4897,8813
4897,15066
4897,10208
4897,10341
4897,11332
4897,20818
4897,14748
4897,18512
4897,19743
4897,14249
4897,21473
4897,19485
4897,21729
4897,18995
14249,1508
14249,7712
14249,1901
14249,3229
14249,4249
14249,9377
14249,5382
14249,7083
14249,8050
14249,15066
14249,11550
14249,12204
14249,15156
14249,21473
14249,16915
14249,21334
14249,20818
14249,16355
14249,6116
14249,18409
5768,4064
9377,1508
9377,7712
9377,2594
9377,5176
9377,20818
9377,14748
9377,18512
9377,8813
9377,5382
9377,7556
9377,21473
9377,15066
9377,10208
9377,18995
8813,1508
8813,7712
8813,5176
8813,5382
8813,7556
8813,20818
8813,21473
8813,10208
5382,1508
5382,7712
5382,1901
5382,8606
5382,4249
5382,5176
5382,15066
5382,11332
5382,21473
5382,10208
5382,20818
5382,14748
5382,6116
5382,11260
5382,7556
7556,1508
7556,7712
7556,4249
7556,5176
7556,11332
7556,20818
7556,14748
7556,19743
7556,21473
7556,15066
7556,18512
7556,10208
7556,21729
21473,7712
21473,2422
21473,5176
21473,10208
21473,18512
5176,1508
5176,7712
5176,7852
5176,10208
5176,14748
5176,18512
5176,15066
18512,1508
18512,7712
18512,1901
18512,8606
18512,15066
18512,10208
18512,11332
18512,14748
18512,16895
18512,21729
18512,19743
18512,20818
4249,1508
4249,1901
4249,7852
4249,7083
4249,15066
10208,1508
10208,7712
10208,15066
10208,20818
10208,14748
1508,7852
1508,7083
1508,20818
1508,14748
1508,7712
1508,15066
20818,15066
20818,14748
484,8974
484,14804
8974,871
8974,2117
8974,2533
8974,8325
8974,21151
8974,8087
8974,8724
8974,19253
8974,13434
8974,9146
8974,18883
8974,18803
8974,13471
8974,18760
8974,15156
8974,15132
8974,20305
8974,14083
8974,11131
8974,9741
8974,20504
8974,12126
8974,18273
8974,15782
14804,7691
14804,8274
14804,14736
14804,10606
14804,17686
14804,18803
10606,513
10606,13257
10606,15156
10606,18409
10606,21942
10606,21141
13435,1738
13435,9319
13435,9858
13435,11341
13435,12204
13435,21890
13435,18409
13435,16870
18995,2594
18995,8139
18995,9319
18995,17726
18995,15951
18995,16895
18995,19743
18995,21729
2842,513
2842,8870
2842,19743
2842,4864
2842,21489
2842,21729
2842,21942
7083,1901
7083,3229
7083,8606
7083,15066
7083,19743
7083,21729
7083,7852
8216,2422
8216,8606
8216,7966
8216,19856
8216,8139
8216,13742
8216,15236
8216,21729
8216,11260
8216,13822
8216,11341
8216,19743
8216,18078
8216,16895
8216,8279
8216,17427
16355,1901
16355,3229
16355,19721
16355,17154
14551,513
14551,11341
14551,12204
14551,12628
14551,21942
14551,14936
14551,18409
14551,16895
8139,22328
8139,7412
8139,9096
8139,18966
8139,15742
8139,13441
8139,16895
8139,19743
8139,11341
8139,21729
8139,13434
8139,17726
8139,6116
8139,13822
8139,18078
8139,12464
8139,15951
8139,9319
8139,15236
13742,590
13742,2521
13742,8606
13742,4775
13742,7705
13742,7966
13742,9319
13742,17726
13742,11332
13742,12204
13742,12464
13742,12573
13742,13244
13742,17393
13742,18966
13742,17154
13742,18078
13742,15742
13742,16895
13742,19695
4864,513
4864,19743
4864,21729
513,20231
513,3281
513,14495
513,21942
513,15898
513,20416
20231,3281
20231,15898
20231,21942
3281,14495
3281,15898
3281,21942
14495,18162
14495,5254
14495,16270
14495,8870
14495,19581
14495,15898
14495,21942
14495,20416
21942,20416
21942,15898
521,3187
521,750
521,15654
3187,750
3187,19712
3187,14387
3187,15654
750,533
750,14387
750,10868
750,2849
750,19712
750,8127
750,10341
15654,2849
15654,3512
15654,5784
15654,14387
15654,5435
533,20623
533,3512
533,10868
533,10341
533,8127
20623,8127
20623,10868
10868,5435
10868,8127
10341,4203
10341,4228
10341,15810
10341,12126
8127,11117
590,9319
9319,2422
9319,22328
9319,21729
9319,18966
9319,15742
9319,15782
9319,16895
9319,19743
9319,11341
9319,13434
9319,17726
9319,18078
9319,12464
9319,15951
9319,17154
9319,15236
9319,14946
648,13937
648,7832
648,11550
648,11647
648,6941
648,4067
648,4531
648,7848
648,17240
648,4085
7832,4067
7832,7832
11550,3570
11550,3820
11550,4919
11550,15810
11550,8870
11550,9096
11550,12838
11550,10423
11550,22421
11550,21750
11550,12595
11550,18389
11550,18162
11550,9741
11550,16870
11550,12801
11647,4085
4067,8603
4067,7848
4531,3820
4531,21750
4531,15915
4531,8603
7848,14067
7848,8603
7848,7848
4085,1184
4085,9324
21141,9146
21141,12838
21141,10203
21141,13441
21141,18760
20489,8870
20489,16566
20489,12628
20489,18389
10423,18516
22433,4228
22433,8724
22433,8870
22433,16566
22433,15742
22433,16870
22433,7135
18409,2114
18409,2117
18409,8603
18409,8870
18409,9096
18409,10068
18409,16566
18409,10244
18409,10971
18409,11917
18409,12126
18409,13443
18409,14736
18409,15915
18409,16870
18409,17632
18409,20504
18409,21750
21334,1725
21334,3820
21334,8870
21334,14083
21334,12376
21334,14736
21334,21750
1184,16566
1184,12749
1184,10068
1184,7135
1184,8870
1184,7966
1184,15742
1184,10971
1184,16870
19076,21750
12573,4203
12573,16361
12573,10244
12573,11917
12573,13620
12573,15742
12573,17632
12684,744
12684,1235
12684,4116
12684,7850
12684,9225
12684,10591
12684,10646
12684,11917
12684,6271
12684,17491
12684,22030
12684,14455
12684,17312
12684,20830
12684,16005
12684,16941
20376,11809
20376,11917
21750,4064
21750,5435
21750,10452
21750,17878
21750,18760
21750,19943
21750,20102
21750,21489
18273,7962
18273,21489
7966,1738
7966,1837
7966,3919
7966,3945
7966,17474
7966,5411
7966,11809
7966,8034
7966,19743
7966,16895
7966,18078
7966,15742
7966,12464
7966,15951
7966,21729
11892,21489
13443,1837
13443,4228
13443,7705
13443,6097
13443,9324
13443,9858
13443,17630
13443,20141
13443,11965
13443,16270
13443,19695
13443,16915
6130,16361
6130,11809
6130,11917
6130,17208
1235,744
1235,1206
1235,16269
1235,10591
1235,11917
1235,16361
1235,10646
1235,16941
1235,22030
1235,17312
1235,17491
1235,13373
1235,4116
1235,7850
1235,14283
12801,4368
12801,10138
12801,12126
4064,916
4064,15755
4064,19743
4064,21761
4064,21729
4064,6219
4064,21787
4064,6980
22338,10945
22338,21184
15236,1123
15236,2422
15236,22328
15236,17726
15236,11332
15236,11341
15236,12464
15236,13434
15236,13822
15236,14946
15236,18966
15236,15742
15236,16895
15236,18078
15236,15951
15236,17154
22421,871
22421,8606
22421,4368
9741,7962
9741,21890
9741,14736
4203,12838
4203,19943
19943,1855
19943,12595
718,4368
718,4919
718,12595
4368,9882
4368,10244
4368,16566
4368,16870
4919,15810
4919,9096
12595,15810
12595,16566
12595,12376
744,10591
744,11917
744,13373
744,16941
744,17491
744,22030
744,14455
744,17312
744,9225
744,10646
744,6271
744,16005
744,7850
10591,7850
10591,9225
10591,11917
10591,10646
10591,16941
10591,17491
10591,22030
10591,14455
10591,17312
10591,6271
10591,16005
11917,1206
11917,1837
11917,2742
11917,4116
11917,7839
11917,7850
11917,8050
11917,16361
11917,9225
11917,10342
11917,10646
11917,20638
11917,11809
11917,17474
11917,16005
11917,16269
11917,4100
11917,13373
11917,22030
11917,14455
11917,16915
11917,21890
11917,15001
11917,15508
11917,17491
11917,17208
11917,21137
11917,17312
11917,6271
11917,14283
11917,20830
11917,16941
13373,7850
16941,7850
16941,9225
16941,10646
16941,6271
16941,17491
16941,16005
16941,21137
16941,22030
16941,17312
17491,4116
17491,7850
17491,9225
17491,10646
17491,6271
17491,14455
17491,22030
17491,17312
17491,16005
22030,1206
22030,4116
22030,7850
22030,9225
22030,10646
22030,6271
22030,14283
22030,14455
22030,16005
22030,16269
22030,17312
14455,7850
14455,6271
14455,16005
17312,7850
17312,9225
17312,10646
17312,6271
17312,16005
9225,7850
9225,10646
9225,16005
9225,6271
10646,7850
10646,16005
10646,6271
6271,7850
6271,16361
6271,16005
16005,7850
16005,20830
7850,16269
7850,21137
7850,15508
14387,14387
755,21890
755,2114
755,17632
755,3277
21890,8245
21890,11809
21890,4100
2114,11332
2114,9924
2114,16270
2114,5254
2114,20643
17632,18883
17632,17933
16870,2057
16566,2057
16566,2801
16566,7691
16566,7962
16566,8034
16566,8674
16566,9031
16566,9924
16566,18162
16566,13992
16566,18637
16566,13244
16566,19127
16566,21767
871,8606
871,5463
871,7761
871,21489
871,13441
8606,1901
8606,13434
8606,13441
8606,21729
8606,6116
8606,14802
8606,12464
8606,16895
8606,19743
5463,17933
5463,12453
5463,7761
7761,11332
7761,8724
7761,17933
21489,2117
21489,8325
21489,8274
21489,9882
21489,12838
21489,11809
21489,14736
21489,15782
13441,8724
13441,9096
13441,13434
13441,14802
9882,12204
9096,1855
9096,12848
9096,15370
9096,20102
5453,17933
14553,8603
14553,10068
14553,14736
2117,2533
2117,12204
2117,15156
8087,8325
8087,8724
12376,17933
18803,12628
20504,11859
20504,13407
20504,17933
969,2165
981,19695
19695,10244
1123,6980
1123,17726
1123,6116
1123,17154
1123,13822
1123,11341
1123,22328
1123,15742
1123,12464
1123,16895
1123,7412
1123,2422
6980,17357
6980,21787
6980,22328
6980,17726
6980,15742
6980,16895
17726,22328
17726,7412
17726,12464
17726,15951
17726,15742
17726,16895
6116,1901
6116,11332
6116,19721
17154,20141
17154,11341
17154,15742
17154,16736
17154,16895
13822,2422
13822,11341
13822,11494
13822,18966
13822,16895
11341,2422
11341,22328
11341,13434
11341,21729
11341,18966
11341,15742
11341,12464
11341,14946
22328,7412
22328,7801
22328,16895
22328,15951
22328,11332
22328,19721
22328,15742
22328,12464
15742,1738
15742,3919
15742,9924
15742,11809
15742,12204
15742,12464
15742,21729
15742,17474
15742,16895
15742,15951
15742,18966
15742,19743
12464,2422
12464,13434
12464,21729
12464,15951
12464,18078
12464,16895
12464,19743
12464,18966
16895,2422
16895,7412
16895,11332
16895,13434
16895,14946
16895,15951
16895,21729
16895,19743
16895,18078
16895,18966
7412,2594
2422,14946
2422,18078
2422,6219
2422,14802
2422,17427
2422,18966
2422,12599
2422,15951
1148,1886
1148,11494
1148,11536
1148,13364
1148,17933
1886,11536
1886,8325
1886,11494
1886,6471
1886,8279
1886,12078
1886,17933
11494,8325
11494,6471
11494,8279
11494,11536
11494,17933
11536,8325
11536,7691
11536,15872
11536,17933
13364,4296
13364,6471
13364,8279
13364,12078
13364,17933
17933,1833
17933,3577
17933,8325
17933,6471
17933,12312
17933,8279
17933,9395
17933,12078
17933,12453
17933,13620
17933,15872
17933,20805
17933,20643
12749,8325
12749,17686
12749,4296
12749,18883
12749,8603
12749,9324
10068,8603
10068,10971
10068,14736
7135,11120
7135,13244
7135,16851
8870,2057
8870,13992
10971,8603
1206,4116
4116,20830
4116,14283
16269,14283
16269,20830
16361,7839
16361,8050
16361,20638
7852,15066
14748,7712
14748,15066
7712,15066
15066,19743
15066,21729
1725,5254
1837,11117
11117,12205
11117,3954
11117,18389
1855,4296
4296,2533
4296,8724
4296,12628
4296,8279
8325,8724
6471,12453
6471,8279
6471,12078
8279,12312
8279,12078
12078,12312
1901,21729
1901,19743
1901,3229
21729,3229
21729,9858
21729,14802
21729,15782
21729,15951
21729,16851
19743,3229
19743,9858
19743,14802
19743,15782
19743,15951
19743,16851
8603,2553
8603,6771
8603,6861
8603,14736
2057,10244
10244,6347
10244,11260
13257,15782
13257,13992
12126,9324
12126,17593
12126,20102
7588,3060
7588,4593
7588,7074
7588,10203
7588,20126
7588,13342
7588,15465
7588,12382
7588,14424
7588,10452
11965,7476
11965,9858
11965,10684
3368,9858
3368,17159
12306,7705
15810,2553
15810,4228
15810,17593
21184,5371
21184,10945
3820,20102
3570,20102
19721,3945
19721,6171
19721,6243
19721,7801
20436,16851
6097,9858
6097,17159
12571,12205
3954,15755
3954,17159
12628,17950
3405,13992
8884,19581
11332,9031
11332,17208
12204,2521
12204,15156
18883,11809
9324,4228
9324,20102
18162,7705
18162,13244
19581,13244
14946,18966
14946,17427
18078,17427
18078,18966
14802,6347
14802,13434
18966,13434
18966,15951
2553,14026
3060,12382
12382,15465
13787,11771
9858,17159
3577,9395
15755,4775
15755,20305
15755,17393
3919,5411
5411,5411
21761,17357
21761,21787
21787,17357
8724,20141
4775,17393
8050,4100
14067,21641
21252,6270
21252,16064
16064,21278
11260,6347
17474,11809
11809,7839
19856,19856
10203,7962
10203,15465
15465,10452
15465,14424
7691,21767
7691,19127
7839,17208
17208,20638
