24,11345
24,21955
11345,132
11345,701
11345,3129
11345,3923
11345,4619
11345,5557
11345,6667
11345,9618
11345,9789
11345,10327
11345,20466
11345,11838
11345,12442
11345,20810
11345,18466
11345,20784
11345,17981
11345,14158
11345,21852
11345,12677
21955,701
21955,4280
21955,5557
21955,6667
21955,8168
21955,11501
21955,18409
21955,20784
21955,21955
132,11212
11212,1494
11212,11507
11212,3129
11212,17523
11212,12442
11212,21272
11212,14745
11212,17981
11212,11838
701,7602
701,21131
701,21054
701,12677
701,1494
701,2732
701,7892
701,1620
701,11507
7602,1182
7602,1494
7602,1620
7602,2105
7602,11209
7602,20784
7602,12252
7602,11501
7602,13794
7602,11507
7602,17753
21131,11501
21131,22185
21054,5557
21054,6667
21054,8168
21054,11501
21054,12252
21054,17523
12677,3129
12677,12442
1494,2105
1494,3252
1494,17498
1494,20784
1494,2732
1494,17523
1494,11501
1494,11507
1494,2597
1494,14862
2732,7892
2732,21272
2732,11209
2732,3252
2732,7917
2732,10253
2732,18905
2732,17507
2732,17858
2732,3493
7892,6621
7892,21272
7892,18905
1620,17523
1620,2105
1620,11507
1620,7917
1620,10253
1620,21036
1620,8466
1620,10327
1620,17807
1620,18905
11507,3252
11507,6667
11507,8803
11507,9618
11507,11209
11507,20784
11507,12252
11507,11838
11507,14563
11507,11501
11507,13794
11507,17523
721,11911
721,11544
721,11992
721,12907
721,12874
721,22084
721,19329
721,2040
721,16210
721,16015
721,8151
721,7086
11911,11544
11911,2040
11911,7086
11911,8151
11911,16015
11911,10828
11911,17228
11911,19329
11911,11992
11911,12907
11911,12874
11911,22084
11911,16210
11544,11546
11544,22084
11544,7086
11544,11992
11544,12907
11544,12874
11544,10828
11544,19329
11544,16210
11544,16015
11544,8151
11544,17523
11992,2040
11992,7086
11992,8151
11992,16015
11992,10828
11992,19329
11992,12907
11992,12874
11992,22084
11992,17228
11992,16210
12907,2040
12907,7086
12907,8151
12907,16015
12907,10327
12907,10828
12907,11546
12907,12874
12907,19329
12907,22084
12907,17228
12907,16210
12907,16337
12907,21144
12874,2040
12874,7086
12874,8151
12874,16015
12874,10828
12874,22084
12874,16337
12874,17228
12874,16210
12874,21144
22084,2040
22084,7086
22084,8151
22084,16015
22084,10828
22084,16210
22084,17228
22084,17523
19329,2040
19329,8151
19329,16015
19329,10828
19329,16210
19329,16337
19329,17228
2040,16015
2040,11546
2040,16337
2040,7086
2040,17228
2040,10828
2040,14862
2040,16210
2040,8151
16210,7086
16210,8151
16210,16015
16210,10828
16210,16337
16210,17228
16210,21144
16015,7086
16015,8151
16015,17228
16015,10828
16015,14862
16015,21144
8151,7086
8151,10828
8151,17228
8151,16337
7086,10828
7086,17228
7086,16337
11546,6603
11546,6940
11546,10761
11546,10828
11546,16337
11546,17228
11546,21144
11546,14862
10828,17228
10828,14862
10828,21144
17523,17807
17523,3252
17523,3493
17523,10327
17523,11616
17523,21036
17523,20784
1175,1175
1175,5605
5605,10327
5605,20771
5605,15304
5605,5605
1182,17507
1182,21280
1182,18905
1182,7917
17507,7917
17507,18905
17507,21280
21280,1461
21280,18905
18905,1319
18905,1461
18905,2105
18905,2176
18905,3252
18905,3493
18905,6244
18905,6603
18905,7917
18905,10253
18905,10327
18905,10761
18905,11423
18905,11616
18905,12252
18905,13794
18905,14862
18905,6621
18905,18052
18905,18409
18905,21272
7917,1319
7917,1461
7917,3493
7917,6244
7917,6603
7917,6940
7917,11423
7917,18052
7917,10761
7917,6621
7917,14862
7917,16337
7917,12252
7917,21144
1319,6244
1319,6603
1319,18052
1319,1461
1319,6940
1319,14862
1319,10761
6244,1461
6244,10761
6244,18052
6244,6940
6244,6603
6244,14862
6244,21144
6603,1461
6603,3493
6603,18052
6603,21272
6603,16337
6603,10253
6603,6940
6603,14862
6603,6621
18052,1461
18052,6621
18052,21272
1461,10253
1461,3493
1461,6621
6940,2105
6940,11209
6940,13306
6940,21144
6940,11501
6940,16337
6940,14862
14862,3252
14862,17228
14862,21144
14862,6621
14862,16337
10761,6621
10253,3493
10253,6621
10253,11423
3493,6621
2105,10327
2105,6667
2105,17807
2105,17753
2105,17858
2105,11209
2105,3252
2105,12252
3252,13794
17498,12252
17498,14745
20784,17753
20784,17858
11501,17807
11501,4280
11501,10327
11501,11209
11501,17753
11501,18571
11501,17858
11501,14745
11501,22185
2597,14745
21036,3923
21036,14745
8466,8168
8466,14745
10327,14745
10327,16626
10327,13306
16337,21144
6667,6667
17753,14745
12252,8803
12252,11423
12252,12442
14745,8168
14745,8803
14745,12573
14745,14563
21272,13306
3129,4619
4280,20771
4280,22185
5557,20466
16626,20608
15304,15304
