14,18062
14,18512
14,5822
14,4328
14,11332
14,10426
14,9745
14,20655
14,2327
14,11315
14,12017
18062,1701
18062,2085
18062,20135
18062,4328
18062,9074
18062,9745
18062,11315
18062,11332
18062,11432
18062,12017
18062,5822
18062,12817
18062,10426
18062,17691
18062,17983
18062,18512
18512,197
18512,323
18512,496
18512,1025
18512,11363
18512,1119
18512,1330
18512,7712
18512,1701
18512,10917
18512,2058
18512,2085
18512,2327
18512,4676
18512,2806
18512,3628
18512,3630
18512,3691
18512,20135
18512,3735
18512,3763
18512,3867
18512,3965
18512,4328
18512,4456
18512,4656
18512,4948
18512,5019
18512,5176
18512,5183
18512,5212
18512,9333
18512,5280
18512,9377
18512,5361
18512,5652
18512,6307
18512,6366
18512,7320
18512,16131
18512,7735
18512,8718
18512,8786
18512,8883
18512,9379
18512,9745
18512,9784
18512,9893
18512,9910
18512,15066
18512,9972
18512,9995
18512,15985
18512,10246
18512,10781
18512,10954
18512,11066
18512,11315
18512,11332
18512,11389
18512,11430
18512,11517
18512,11966
18512,12017
18512,12403
18512,12458
18512,12459
18512,5822
18512,12817
18512,12993
18512,13272
18512,13487
18512,13576
18512,14031
18512,14071
18512,14356
18512,14900
18512,9952
18512,15114
18512,15249
18512,15309
18512,10426
18512,15488
18512,15918
18512,16021
18512,16560
18512,16743
18512,11867
18512,16895
18512,17501
18512,10379
18512,17578
18512,17631
18512,17691
18512,17979
18512,18448
18512,19623
18512,20604
18512,21729
18512,20173
18512,21739
18512,19137
18512,20024
18512,22168
18512,19492
18512,20559
18512,19135
18512,20253
18512,19347
18512,18805
18512,19710
18512,20758
18512,21659
18512,19743
18512,19575
18512,19757
18512,18906
18512,20655
5822,11332
5822,12017
4328,1330
4328,2327
4328,4676
4328,20135
4328,5019
4328,12853
4328,11332
4328,12017
4328,12817
4328,11315
11332,1330
11332,2085
11332,2327
11332,3630
11332,3691
11332,20135
11332,4779
11332,5183
11332,5212
11332,8718
11332,9745
11332,9910
11332,9972
11332,11315
11332,19623
11332,12817
11332,13487
11332,20655
11332,16560
11332,20559
11332,12458
11332,12459
11332,12666
11332,11432
11332,11966
11332,15159
11332,19347
11332,15236
11332,10426
11332,21013
11332,16895
11332,11797
11332,12017
11332,19757
11332,17691
11332,18906
10426,197
10426,7460
10426,496
10426,701
10426,927
10426,1025
10426,11363
10426,1123
10426,7712
10426,2078
10426,2174
10426,2377
10426,2596
10426,2942
10426,3630
10426,3691
10426,20135
10426,3735
10426,4561
10426,4656
10426,4948
10426,5212
10426,9377
10426,5361
10426,5390
10426,7320
10426,7735
10426,8883
10426,9074
10426,9319
10426,17726
10426,9784
10426,9893
10426,9910
10426,15066
10426,9972
10426,11315
10426,11341
10426,11389
10426,11449
10426,12017
10426,12714
10426,13487
10426,14031
10426,15159
10426,15236
10426,21013
10426,21729
10426,20024
10426,18448
10426,19347
10426,16869
10426,15488
10426,16895
10426,19743
10426,18906
10426,17983
10426,17631
10426,20173
10426,19135
10426,22329
10426,19757
10426,19492
10426,10379
10426,20559
10426,18805
10426,18078
10426,20758
10426,22375
9745,12017
9745,11315
20655,9972
2327,9333
2327,11966
2327,12017
2327,17691
11315,4948
11315,15236
11315,12017
11315,17983
12017,2085
12017,19757
12017,12993
197,14031
197,11363
197,1025
197,19347
197,9972
197,21729
197,3867
197,20173
197,5183
197,5019
197,2078
197,701
197,21013
197,10781
197,11389
197,12714
197,5361
197,1330
197,9910
197,5280
197,19743
197,496
197,19137
197,927
197,7460
197,16560
197,16869
197,13576
197,18906
197,5212
197,4779
197,20559
197,12993
197,11430
197,3630
14031,323
14031,496
14031,1025
14031,11363
14031,1330
14031,10917
14031,4676
14031,20135
14031,3867
14031,3965
14031,4779
14031,5019
14031,5183
14031,5212
14031,5280
14031,5361
14031,7320
14031,9379
14031,9910
14031,11966
14031,12403
14031,12458
14031,12459
14031,12993
14031,13576
14031,19623
14031,20604
14031,21729
14031,21013
14031,19137
14031,20758
14031,16866
14031,21659
14031,19743
14031,14071
14031,15114
14031,19757
11363,1025
11363,1330
11363,9910
11363,19137
11363,5280
11363,14071
11363,12993
11363,9379
11363,6307
11363,7320
11363,3867
11363,20173
11363,13576
11363,12403
11363,11867
11363,20758
11363,5361
1025,1330
1025,19137
1025,5280
1025,4676
1025,12993
1025,9379
1025,7320
1025,20173
1025,13576
1025,12403
1025,5212
1025,5361
1025,11867
1025,9995
1025,9910
19347,927
19347,1330
19347,1701
19347,10917
19347,2085
19347,2483
19347,2655
19347,3630
19347,3735
19347,4561
19347,4948
19347,5183
19347,5212
19347,9333
19347,5683
19347,7735
19347,8718
19347,8883
19347,9545
19347,17726
19347,21867
19347,9784
19347,9972
19347,10246
19347,11430
19347,11432
19347,11631
19347,11797
19347,11901
19347,11966
19347,12458
19347,12459
19347,12553
19347,12666
19347,13487
19347,14071
19347,14356
19347,14811
19347,15236
19347,15488
19347,15871
19347,15918
19347,16560
19347,16869
19347,16895
19347,16921
19347,17292
19347,10379
19347,18448
19347,18805
19347,18906
19347,21729
19347,20559
19347,19743
19347,22375
19347,22329
19347,19846
19347,19492
19347,21315
19347,20632
19347,19757
9972,496
9972,3630
9972,5183
9972,7735
9972,8883
9972,10954
9972,20632
9972,19757
9972,18906
9972,17631
9972,11389
9972,15488
9972,15114
21729,927
21729,1330
21729,2078
21729,2085
21729,2377
21729,20135
21729,3735
21729,4779
21729,5212
21729,5280
21729,5361
21729,5390
21729,5683
21729,16853
21729,8883
21729,9319
21729,9677
21729,9784
21729,9893
21729,9910
21729,15066
21729,10079
21729,11341
21729,11432
21729,11449
21729,11797
21729,11966
21729,12458
21729,12459
21729,12993
21729,13487
21729,13576
21729,14407
21729,15114
21729,15488
21729,15918
21729,15980
21729,16560
21729,16866
21729,16869
21729,16895
21729,16902
21729,10379
21729,18805
21729,19041
21729,19137
21729,19404
21729,19623
21729,20173
21729,20559
21729,20758
21729,21013
21729,21351
3867,496
3867,4656
3867,5099
3867,19137
3867,5390
3867,14356
3867,19757
3867,5212
3867,9893
3867,18906
20173,496
20173,1330
20173,4676
20173,20135
20173,5019
20173,5212
20173,5280
20173,6307
20173,7320
20173,9379
20173,9893
20173,9910
20173,12403
20173,12993
20173,13576
20173,18906
20173,19137
20173,19743
5183,7460
5183,496
5183,1701
5183,2377
5183,3628
5183,3630
5183,3691
5183,3735
5183,3965
5183,21013
5183,16408
5183,11389
5183,17691
5183,16869
5183,7735
5183,16560
5183,20559
5183,11430
5183,20758
5183,11966
5183,8718
5183,15488
5183,10246
5183,14900
5183,21659
5183,9893
5183,14356
5183,6597
5183,15114
5183,20632
5183,17983
5183,19757
5183,16921
5183,5212
5183,17631
5183,8883
5183,18906
5019,7460
5019,496
5019,1107
5019,2806
5019,2968
5019,3521
5019,3965
5019,14469
5019,10984
5019,8718
5019,16131
5019,12458
5019,19623
5019,17979
5019,16869
5019,14356
5019,11966
5019,7735
5019,5212
5019,11439
5019,9893
5019,17327
5019,17631
5019,18805
5019,19757
5019,11797
5019,20758
5019,21739
5019,8883
5019,13272
5019,18906
5019,15871
2078,7460
2078,927
2078,16869
2078,3965
2078,11901
2078,12714
2078,6661
2078,21740
2078,10984
2078,19743
2078,20015
2078,4948
2078,13149
2078,13487
2078,5212
2078,12458
2078,9118
2078,12666
2078,2085
701,21315
701,16131
701,19092
701,9677
701,15236
21013,7460
21013,2085
21013,2377
21013,3735
21013,4330
21013,5212
21013,5390
21013,5683
21013,9784
21013,15532
21013,16560
21013,16921
21013,10379
21013,19743
21013,22329
21013,21315
10781,323
10781,496
10781,5280
10781,19757
10781,13128
10781,16902
10781,12993
11389,1701
11389,10917
11389,3630
11389,6597
11389,7735
11389,9545
11389,10246
11389,11966
11389,12666
11389,19757
11389,14071
11389,15114
11389,17691
11389,20632
11389,18906
11389,17631
11389,16408
11389,11430
11389,15488
12714,7460
12714,2483
12714,5212
12714,9118
12714,12666
12714,20015
12714,16869
5361,496
5361,1330
5361,3965
5361,4779
5361,5280
5361,19743
5361,14071
5361,9379
5361,19623
5361,20758
5361,17578
5361,19757
5361,19710
5361,7320
1330,9910
1330,19137
1330,5280
1330,19743
1330,9377
1330,4676
1330,12993
1330,7320
1330,6307
1330,4456
1330,12403
1330,15249
1330,19757
1330,13576
1330,10917
1330,5212
1330,16131
1330,9379
1330,22375
1330,15871
9910,496
9910,4676
9910,5212
9910,5280
9910,7320
9910,8883
9910,9319
9910,9379
9910,19137
9910,20253
9910,20758
9910,16560
9910,15236
9910,13576
9910,12403
9910,10379
9910,12993
9910,19743
9910,19757
9910,9995
9910,16895
5280,496
5280,4676
5280,5212
5280,20253
5280,9379
5280,7320
5280,19137
5280,5390
5280,19757
5280,13576
5280,12403
5280,12993
5280,19743
5280,9995
19743,927
19743,2085
19743,2377
19743,20135
19743,3735
19743,4779
19743,4948
19743,5212
19743,5390
19743,5683
19743,16853
19743,8883
19743,9319
19743,9677
19743,9784
19743,9893
19743,15066
19743,10079
19743,11432
19743,11449
19743,11797
19743,11966
19743,12458
19743,12459
19743,12993
19743,13487
19743,13576
19743,14407
19743,15114
19743,15488
19743,15918
19743,15980
19743,16560
19743,16866
19743,16869
19743,16895
19743,16902
19743,10379
19743,18805
19743,19041
19743,19137
19743,19404
19743,19623
19743,20559
19743,20758
19743,21351
19743,19757
496,19623
496,13272
496,7320
496,4561
496,12403
496,2942
496,19137
496,2841
496,13487
496,16853
496,18448
496,4779
496,12458
496,12459
496,12666
496,11797
496,22375
496,5509
496,16131
496,19710
496,20758
496,4456
496,14356
496,3965
496,11430
496,1701
496,21315
496,16902
496,16021
496,9379
496,22436
496,5390
496,16743
496,19757
496,13576
496,5212
496,15488
496,10917
19137,323
19137,2377
19137,4676
19137,3630
19137,3965
19137,5212
19137,7320
19137,9379
19137,12403
19137,12993
19137,13576
19137,14071
19137,14356
19137,20758
19137,19757
927,7460
927,3735
927,15159
927,11797
927,5390
927,16560
927,4948
927,9784
927,4561
927,16869
927,12459
927,18906
927,5212
7460,4193
7460,12666
7460,11901
7460,4948
7460,6661
7460,13149
7460,13871
7460,9784
7460,16902
7460,16869
7460,13487
7460,5212
7460,12458
7460,9118
7460,20559
7460,15980
16560,2377
16560,4330
16560,5683
16560,8718
16560,11430
16560,22329
16869,2085
16869,2483
16869,4193
16869,4561
16869,4948
16869,5212
16869,6661
16869,9118
16869,9545
16869,21867
16869,9784
16869,11432
16869,11797
16869,11901
16869,12458
16869,12666
16869,13149
16869,13487
16869,19109
16869,13871
16869,15236
16869,15871
16869,20015
16869,20559
16869,21740
16869,18805
16869,18906
13576,4676
13576,20135
13576,5212
13576,7320
13576,16131
13576,9379
13576,18969
13576,9995
13576,12403
13576,12993
13576,13128
13576,11867
13576,20253
13576,19757
13576,10379
13576,20758
18906,622
18906,1701
18906,10917
18906,1895
18906,2085
18906,3630
18906,3691
18906,3965
18906,4561
18906,5212
18906,5683
18906,6597
18906,7735
18906,8718
18906,8786
18906,8883
18906,9545
18906,21867
18906,9893
18906,15985
18906,10246
18906,10954
18906,11430
18906,11631
18906,11966
18906,12459
18906,12666
18906,14900
18906,15114
18906,15488
18906,15918
18906,16408
18906,17292
18906,17631
18906,17691
18906,18448
18906,21659
18906,19623
18906,19757
18906,19575
18906,20559
18906,19710
18906,21315
18906,20632
18906,22375
5212,7712
5212,1701
5212,2085
5212,2377
5212,3628
5212,3630
5212,20135
5212,3735
5212,3965
5212,4456
5212,4656
5212,4948
5212,5176
5212,19623
5212,7320
5212,15066
5212,9784
5212,8718
5212,9377
5212,20024
5212,13149
5212,13487
5212,10379
5212,20559
5212,12459
5212,9319
5212,22375
5212,15871
5212,11966
5212,5509
5212,12458
5212,15236
5212,20758
5212,14356
5212,9893
5212,22329
5212,16895
5212,11432
5212,16902
5212,14071
5212,9379
5212,17979
5212,19757
5212,6366
5212,9118
5212,11901
5212,18448
5212,8883
4779,22436
4779,2841
4779,20024
20559,1123
20559,2085
20559,3630
20559,3735
20559,4561
20559,9333
20559,7735
20559,8883
20559,9319
20559,9545
20559,17726
20559,21867
20559,11341
20559,12666
20559,15488
20559,15918
20559,16895
20559,10379
20559,18805
20559,19492
20559,19757
20559,19846
20559,21315
20559,22375
12993,4676
12993,7320
12993,8883
12993,9379
12993,12403
12993,20253
12993,20758
12993,19757
11430,3630
11430,6597
11430,7735
11430,8883
11430,20632
11430,19757
11430,17631
11430,16408
11430,15488
11430,15114
3630,1701
3630,10917
3630,4561
3630,19757
3630,15918
3630,17691
3630,7735
3630,11966
3630,12666
3630,10246
3630,14900
3630,9893
3630,6597
3630,15114
3630,20632
3630,16921
3630,17631
3630,21867
3630,16408
3630,15488
4193,12666
4193,9118
4193,11901
12666,525
12666,622
12666,933
12666,1107
12666,1161
12666,1895
12666,2085
12666,2377
12666,2483
12666,2655
12666,3182
12666,3521
12666,3735
12666,3866
12666,4456
12666,4464
12666,4561
12666,5390
12666,5683
12666,4707
12666,6597
12666,16131
12666,7735
12666,8883
12666,9118
12666,9545
12666,17726
12666,21867
12666,9844
12666,10079
12666,10984
12666,11066
12666,11439
12666,11516
12666,2841
12666,11797
12666,11901
12666,12553
12666,19963
12666,13871
12666,18805
12666,15249
12666,15980
12666,17327
12666,18934
12666,19109
12666,20864
12666,21315
12666,14065
12666,14469
12666,22329
12666,19757
12666,17522
12666,21140
12666,20632
12666,14487
12666,17979
12666,17292
12666,17983
12666,19404
12666,16743
12666,21249
12666,15301
12666,21351
12666,22375
12666,15309
12666,16408
12666,19135
12666,13272
12666,10110
12666,20015
12666,15871
11901,2483
11901,9118
11901,9545
11901,11432
4948,2085
4948,9074
4948,13487
4948,13149
4948,13871
4948,10984
4948,12458
4948,9118
4948,6661
6661,13149
6661,13487
6661,9118
13149,9118
13871,4464
13871,17292
13871,15301
9784,16902
9784,20024
9784,10379
9784,19135
9784,22375
16902,3735
16902,4656
16902,11797
16902,19757
13487,20135
13487,4656
13487,5176
13487,7735
13487,9893
13487,12458
13487,17578
13487,19757
12458,7712
12458,9377
12458,15066
12458,20024
12458,19757
9118,525
9118,2483
9118,4561
9118,4707
9118,7735
9118,8476
9118,19404
9118,11066
9118,10079
9118,20015
9118,18805
9118,19109
9118,13272
9118,11797
9118,17292
9118,17979
9118,9545
9118,15871
15980,525
15980,1895
15980,2483
15980,3182
15980,4464
15980,4707
15980,10079
15980,10140
15980,10984
15980,11066
15980,11439
15980,11797
15980,19109
15980,15301
15980,21249
15980,21351
15980,20015
15980,20864
15980,10110
15980,17979
15980,17292
15980,19041
323,11867
323,16131
323,6307
16131,425
16131,622
16131,1161
16131,10917
16131,2655
16131,3521
16131,3866
16131,3965
16131,4456
16131,4464
16131,5509
16131,16853
16131,10140
16131,13128
16131,14469
16131,11066
16131,21140
16131,8166
16131,13272
16131,14407
16131,17979
16131,17983
16131,19404
16131,15249
16131,16743
16131,19846
16131,15301
16131,7735
16131,21351
16131,18805
16131,21315
16131,18934
16131,15309
16131,20864
16131,11797
16131,17292
16131,11439
16131,22375
16131,15871
16131,19041
6307,3763
6307,16853
425,5509
425,10917
425,11797
5509,525
5509,1107
5509,2655
5509,3182
5509,4464
5509,19404
5509,15249
5509,11066
5509,15301
5509,14469
5509,9677
5509,21351
5509,10984
5509,10079
5509,17209
5509,18805
5509,20864
5509,13272
5509,16866
5509,11797
5509,2841
5509,14487
5509,10110
5509,21315
5509,17979
10917,11341
10917,15249
10917,8883
10917,7735
10917,19757
10917,11449
10917,17631
10917,12459
10917,20758
10917,9319
10917,6366
10917,20632
10917,22375
10917,17979
11797,525
11797,622
11797,1107
11797,1161
11797,1895
11797,2205
11797,2483
11797,2655
11797,3182
11797,3521
11797,3866
11797,4456
11797,4464
11797,4561
11797,4920
11797,5096
11797,5390
11797,4707
11797,19773
11797,9074
11797,9545
11797,18969
11797,10079
11797,10140
11797,10984
11797,11066
11797,11439
11797,11449
11797,11631
11797,2841
11797,14065
11797,14469
11797,10110
11797,19963
11797,17522
11797,21140
11797,12553
11797,13272
11797,14487
11797,17979
11797,17983
11797,19404
11797,15249
11797,16743
11797,21249
11797,15301
11797,21351
11797,2572
11797,18934
11797,17327
11797,19641
11797,20363
11797,18805
11797,19135
11797,14811
11797,17292
11797,21315
11797,15871
11797,19041
11797,20864
19623,2806
19623,3691
19623,20135
19623,3965
19623,7735
19623,8718
19623,8786
19623,8883
19623,9319
19623,9893
19623,15985
19623,11517
19623,11966
19623,12459
19623,14071
19623,14356
19623,15236
19623,17501
19623,10379
19623,17578
19623,17631
19623,19575
19623,19710
19623,21739
19623,21659
19623,20604
19623,19757
19623,22168
19623,20758
13272,622
13272,1107
13272,1161
13272,3521
13272,4456
13272,4464
13272,5390
13272,8166
13272,11439
13272,11631
13272,2841
13272,19404
13272,15249
13272,16743
13272,19846
13272,15301
13272,14407
13272,14469
13272,17292
13272,21140
13272,21351
13272,18805
13272,10110
13272,17979
13272,15309
13272,21315
13272,15871
13272,19041
7320,4676
7320,14071
7320,20253
7320,9379
4561,1895
4561,2205
4561,3735
4561,19757
4561,14065
4561,10110
4561,11066
4561,21140
4561,18805
4561,21867
4561,17292
4561,11439
4561,21315
12403,9379
12403,20758
2942,622
2942,1123
2942,2085
2942,2596
2942,9677
2942,15236
2942,16866
2942,17726
2942,21315
2942,16895
2942,18078
2942,14469
2942,20015
2942,10379
2942,9844
2942,9319
2942,8883
2942,22375
2841,11066
2841,19404
2841,22436
2841,15301
2841,19041
2841,19846
2841,21315
2841,15871
2841,14469
16853,2377
16853,10140
16853,20024
18448,8883
18448,15871
18448,16866
18448,16895
18448,20758
18448,20632
18448,19757
18448,22375
12459,3965
12459,6366
12459,7735
12459,8718
12459,8786
12459,8883
12459,9893
12459,11966
12459,14071
12459,19575
12459,20758
12459,22168
12459,17578
12459,14356
12459,19757
12459,17501
12459,21659
12459,10379
22375,1701
22375,3735
22375,8883
22375,17726
22375,10140
22375,11432
22375,11449
22375,15236
22375,15309
22375,16866
22375,16895
22375,10379
22375,17979
22375,18805
22375,19757
22375,20024
22375,20758
19710,2806
19710,3965
19710,5652
19710,8883
19710,11966
19710,14356
19710,17501
19710,19757
19710,20758
19710,22168
20758,2806
20758,3691
20758,20135
20758,3763
20758,3965
20758,5652
20758,8718
20758,8786
20758,8883
20758,9893
20758,11517
20758,11966
20758,14071
20758,14356
20758,15114
20758,17501
20758,17578
20758,17691
20758,19575
20758,19757
20758,20604
20758,21739
20758,22168
20758,21659
4456,15249
4456,16743
4456,19757
4456,21351
4456,15871
4456,21315
14356,20135
14356,3965
14356,8883
14356,11966
14356,14071
14356,21739
14356,19757
14356,19575
14356,15488
14356,15114
14356,22168
14356,17578
3965,2806
3965,3691
3965,20135
3965,11966
3965,8718
3965,14071
3965,19575
3965,15159
3965,15114
3965,17578
3965,19757
3965,17501
3965,21659
3965,9893
3965,22168
3965,8786
3965,6366
1701,20015
1701,17691
1701,10954
1701,20632
1701,7735
1701,9893
1701,21315
1701,15309
1701,16408
21315,525
21315,622
21315,933
21315,1107
21315,1161
21315,1895
21315,2174
21315,2377
21315,2483
21315,2655
21315,2870
21315,3182
21315,3521
21315,3735
21315,3737
21315,3866
21315,4330
21315,4464
21315,5099
21315,5683
21315,4707
21315,6597
21315,7735
21315,7801
21315,21867
21315,9844
21315,10079
21315,10140
21315,10199
21315,10984
21315,11066
21315,11439
21315,11449
21315,11516
21315,11631
21315,14469
21315,14487
21315,15249
21315,15301
21315,15532
21315,15871
21315,16408
21315,10110
21315,16743
21315,16921
21315,17292
21315,17327
21315,17979
21315,18805
21315,18934
21315,19404
21315,19757
21315,19846
21315,19963
21315,20015
21315,2572
21315,20632
21315,20864
21315,21140
21315,21351
21315,22329
16021,1119
9379,4676
9379,7735
9379,20253
5390,9545
5390,10110
5390,11439
16743,3521
16743,8166
16743,11439
16743,13128
16743,15249
16743,15309
16743,21351
16743,17979
16743,17327
16743,18805
19757,2085
19757,3691
19757,20135
19757,3763
19757,6366
19757,6597
19757,7735
19757,8718
19757,8786
19757,8883
19757,9893
19757,15985
19757,10246
19757,10954
19757,11966
19757,14071
19757,9952
19757,15114
19757,15236
19757,15249
19757,15488
19757,15918
19757,16408
19757,17501
19757,10379
19757,17578
19757,17631
19757,17691
19757,19575
19757,21659
19757,21739
19757,22168
19757,20604
19757,20632
15488,8883
15488,15114
15488,21659
15488,17631
525,19404
525,15301
525,14469
525,4464
525,17327
525,19041
19404,622
19404,1107
19404,2483
19404,2655
19404,3182
19404,4707
19404,9361
19404,10079
19404,5536
19404,10984
19404,11066
19404,11432
19404,11826
19404,12853
19404,13082
19404,6276
19404,15301
19404,10110
19404,17055
19404,17209
19404,17979
19404,18805
19404,19041
19404,19092
19404,19963
15301,622
15301,2205
15301,2655
15301,3182
15301,3521
15301,3866
15301,4464
15301,4707
15301,10199
15301,10984
15301,11066
15301,11439
15301,14469
15301,14487
15301,17979
15301,21249
15301,21351
15301,19963
15301,17522
15301,18805
15301,18934
15301,19041
15301,10110
15301,17292
15301,20864
14469,622
14469,1107
14469,1123
14469,2422
14469,2483
14469,2596
14469,2655
14469,3521
14469,4464
14469,4707
14469,6219
14469,8883
14469,9319
14469,17726
14469,9677
14469,14833
14469,10079
14469,10199
14469,10984
14469,11066
14469,11341
14469,11439
14469,12836
14469,19963
14469,17522
14469,15236
14469,16866
14469,18934
14469,16895
14469,17292
14469,15159
14469,21351
14469,18078
14469,21740
14469,18805
14469,10110
14469,15871
14469,19041
4464,622
4464,2205
4464,3182
4464,3521
4464,3866
4464,11066
4464,21351
4464,10984
4464,18805
4464,4707
4464,19041
4464,10199
4464,19963
4464,10110
4464,14487
4464,20864
17327,622
17327,10984
17327,15871
17327,17292
17327,21351
17327,18805
19041,622
19041,1107
19041,2655
19041,3182
19041,5096
19041,4707
19041,9361
19041,10079
19041,5536
19041,10984
19041,11066
19041,10110
19041,17055
19041,17209
19041,18805
19041,19963
622,11066
622,17209
622,10984
622,10079
622,19963
622,17522
622,5096
622,21140
622,1161
622,4707
622,9844
622,2572
622,3521
622,16866
622,15871
622,14487
622,17292
622,933
622,19846
622,21351
622,18805
622,18934
622,11631
622,19773
622,2655
622,1107
622,1895
622,10110
11066,2655
11066,4707
11066,10079
11066,10984
11066,21351
11066,18805
11066,17292
11066,17979
11066,15871
17209,11432
17209,17055
10984,1895
10984,2655
10984,9074
10984,10199
10984,19846
10984,14407
10984,19963
10984,18805
10984,21351
10984,16866
10984,15871
10984,17979
10079,1107
10079,2655
10079,4707
10079,19773
10079,19846
10079,14407
10079,21351
10079,21140
10079,18934
10079,19109
10079,10199
10079,17292
10079,17983
10079,20864
19963,933
19963,2655
19963,3521
19963,17292
19963,17979
19963,18805
19963,18934
19963,19846
19963,22329
17522,2483
17522,3521
17522,9545
17522,19109
17522,20015
5096,21351
5096,9361
21140,2483
21140,9545
21140,21867
21140,19109
21140,17292
21140,17979
21140,18805
21140,20015
21140,2572
1161,21351
1161,18805
4707,2483
4707,10199
4707,21351
4707,17979
4707,16866
4707,17292
9844,933
9844,3521
9844,11516
9844,21351
9844,2572
9844,20015
9844,18934
9844,11631
2572,933
2572,3521
2572,11516
2572,11631
2572,19109
2572,18934
3521,933
3521,2483
3521,12553
3521,5683
3521,20015
3521,20864
3521,18805
3521,18934
3521,11631
3521,11432
3521,20632
3521,17292
16866,2085
16866,9074
16866,9677
16866,11432
16866,17055
16866,16895
15871,1107
15871,1123
15871,1895
15871,2655
15871,2968
15871,14487
15871,15249
15871,15309
15871,19846
15871,17979
15871,21351
15871,18934
15871,18805
15871,10110
15871,7243
14487,10199
14487,14407
17292,2968
17292,3182
17292,3866
17292,7735
17292,21867
17292,15249
17292,17979
17292,21351
17292,18805
17292,20864
933,21867
933,11631
933,12553
933,11516
933,1895
933,18805
19846,3735
19846,7735
19846,17979
19846,18805
19846,18934
19846,21351
19846,22329
21351,2483
21351,2655
21351,3182
21351,3866
21351,8166
21351,11439
21351,15249
21351,15309
21351,10110
21351,17979
21351,18805
21351,18934
21351,20015
21351,20864
21351,7243
18805,1895
18805,2483
18805,2655
18805,2870
18805,3628
18805,3735
18805,3866
18805,6597
18805,7735
18805,9545
18805,9677
18805,21867
18805,11516
18805,11631
18805,11826
18805,12553
18805,19109
18805,16408
18805,10110
18805,17979
18805,20632
18805,18934
18805,20864
18934,2377
18934,2483
18934,2655
18934,2870
18934,4330
18934,9545
18934,10140
18934,11631
18934,17979
18934,22329
18934,20632
11631,11516
11631,19135
11631,20864
19773,14407
2655,1107
2655,1895
2655,21249
2655,2968
2655,3735
2655,21867
2655,17979
2655,9545
2655,20864
1107,11341
1107,15236
1107,9319
1107,8883
1107,1123
1107,16895
1895,21867
1895,9074
1895,11432
1895,20864
1895,12553
10110,2483
10110,9545
10110,10199
10110,11341
10110,11439
19092,17983
9677,1123
9677,3735
9677,9319
9677,17726
9677,15236
9677,16895
9677,17983
9677,11341
9677,18078
9677,11432
15236,1123
15236,2085
15236,2422
15236,8883
15236,9319
15236,17726
15236,14833
15236,11341
15236,11432
15236,19135
15236,22329
15236,16895
15236,15918
15236,18078
3735,2085
3735,2422
3735,9333
3735,15918
3735,10379
3735,11432
3735,9545
3735,21867
3735,8883
15159,2085
15159,8883
15159,9319
15159,11341
15159,11449
15159,20024
21867,7735
21867,9545
21867,12553
21867,19135
12553,14065
12553,22329
11516,7243
4676,9893
14071,2806
14071,3691
14071,7735
14071,8718
14071,8786
14071,9893
14071,11966
14071,9952
14071,22168
14071,17578
14071,17501
14071,21659
14071,17631
14071,21739
14071,15114
11341,1123
11341,2085
11341,2422
11341,8883
11341,9074
11341,9319
11341,21740
11341,11449
11341,12836
11341,11432
9319,2085
9319,2422
9319,2596
9319,8718
9319,8883
9319,20024
9319,12836
9319,16895
9319,17726
9319,15918
9319,18078
9319,11432
9319,11449
8883,1123
8883,2085
8883,2422
8883,8718
8883,16895
8883,17726
8883,15918
8883,18078
8883,20632
1123,17726
1123,21740
1123,11432
1123,16895
1123,3628
1123,2422
16895,2085
16895,2422
16895,2596
16895,9074
16895,17726
16895,11432
16895,15918
16895,21740
16895,20024
16895,18078
1119,19492
19492,7735
19492,7801
19492,14900
17726,2085
17726,2596
17726,19135
17726,15918
17726,14833
17726,12836
11432,2085
11432,9074
11432,20024
11432,10379
11432,19135
3628,7735
2422,18078
2422,6219
2422,2596
9377,7712
9377,4656
9377,5176
9377,15066
15249,8166
15249,15309
7712,4656
7712,15066
7712,5176
4656,15066
4656,5176
15066,5176
15066,10379
5176,17979
20015,2483
20015,2968
20015,9545
20015,19109
20015,17979
20015,22329
17691,3691
17691,7735
17691,8718
17691,8786
17691,9893
17691,11966
17691,15114
17691,17631
17691,21659
10954,3691
20632,2483
20632,2870
20632,6597
20632,7735
20632,10246
20632,14900
20632,15114
20632,16408
20632,17631
7735,2483
7735,3691
7735,9333
7735,6597
7735,21659
7735,9893
7735,8718
7735,16408
7735,11966
7735,10246
7735,14900
7735,9545
7735,19575
7735,15114
9893,2806
9893,3691
9893,6366
9893,8718
9893,8786
9893,11966
9893,17578
9893,21659
9893,20604
9893,21739
9893,15114
9893,10379
15309,8166
16408,2483
16408,6597
16408,10246
16408,14900
16408,15114
16408,17631
11449,2085
11449,5099
17631,6597
17631,11966
17631,15114
17631,21659
6366,2806
6366,21739
6366,21659
6366,20604
6366,19575
6366,11966
17979,2483
17979,2968
17979,8166
17979,7243
9074,2085
20864,2483
20864,19109
20864,17055
2058,17983
17983,12853
17983,14407
17983,15532
2085,3691
2085,2806
2085,19135
2085,8718
2085,15918
3691,11966
3691,19575
3691,15114
2806,11966
2806,21739
2806,17578
8718,5652
8718,11966
8718,19575
8718,11517
8718,21659
8718,10379
8718,20604
8718,9952
2174,16921
2174,4330
2174,5099
2174,2870
2174,2377
16921,2377
16921,2870
16921,3737
16921,4330
16921,15532
16921,22329
4330,2377
4330,22329
4330,5099
5099,2377
5099,2870
5099,22329
5099,15532
2870,2377
2870,7801
2870,3737
2870,15532
2870,10379
2377,5683
2377,3737
2377,7801
2377,22329
2377,15532
11966,20135
11966,5652
11966,8786
11966,15985
11966,22168
11966,19575
11966,17578
11966,21659
11966,20604
11966,21739
11966,15114
5683,22329
7801,14900
22329,15532
6219,12836
2483,19109
2483,9545
19109,9545
19109,14407
21249,11439
21739,15114
21739,17578
21739,19575
21739,21659
17578,9952
17578,15114
17578,19575
17578,21659
17578,22168
10379,20135
10246,14900
10246,15114
14900,15114
6597,15114
19575,8786
19575,11517
19575,9952
19575,17501
19575,22168
17501,8786
17501,21659
17501,22168
21659,8786
21659,20024
21659,22168
22168,8786
12853,18969
10199,14407
10199,11439
11439,14407
9361,17055
5652,9952
5652,11517
5652,20604
9952,11517
9952,20604
11517,20604
20363,6276
14811,6276
