238,1078
238,10007
238,15151
238,7364
238,9160
238,710
238,12851
238,20342
238,10241
238,13294
238,18105
238,18577
238,8773
238,16960
238,12450
238,17386
238,6552
238,9176
238,12461
238,19415
238,2474
238,14451
238,6802
238,17598
238,14815
238,18903
238,8932
238,522
238,6926
1078,522
1078,710
1078,20277
1078,15151
1078,9160
1078,8120
1078,12851
1078,20342
1078,10241
1078,18577
1078,18105
1078,22438
1078,6802
1078,12450
1078,16960
1078,17535
1078,11128
1078,20441
1078,13294
1078,8773
1078,2474
1078,17598
1078,14815
1078,8932
1078,6926
1078,10007
1078,7364
1078,18974
1078,6552
1078,18714
1078,9176
1078,17386
1078,12461
1078,19415
1078,14451
1078,18903
10007,522
10007,710
10007,2474
10007,6552
10007,6802
10007,6926
10007,7364
10007,8120
10007,8773
10007,8932
10007,9176
10007,20277
10007,15151
10007,9160
10007,12851
10007,20342
10007,10241
10007,18714
10007,18105
10007,22438
10007,16960
10007,17386
10007,20441
10007,13294
10007,18577
10007,14815
10007,17598
10007,18974
10007,12450
10007,12461
10007,19415
10007,18903
15151,522
15151,710
15151,2474
15151,6552
15151,7364
15151,8120
15151,14451
15151,8773
15151,8932
15151,9176
15151,9160
15151,11128
15151,12450
15151,12461
15151,12851
15151,13294
15151,14815
15151,20441
15151,17386
15151,20342
15151,10241
15151,18105
15151,18577
15151,16960
15151,17535
15151,20277
15151,18903
15151,19415
15151,17598
7364,522
7364,710
7364,2474
7364,6552
7364,6802
7364,6926
7364,9160
7364,8120
7364,12851
7364,10241
7364,18577
7364,18105
7364,22438
7364,12450
7364,16960
7364,17386
7364,11128
7364,20277
7364,13294
7364,8773
7364,14815
7364,8932
7364,20441
7364,20342
7364,17598
7364,18974
7364,17535
7364,18714
7364,9176
7364,12461
7364,19415
7364,14451
7364,18903
9160,522
9160,710
9160,2474
9160,6552
9160,6802
9160,6926
9160,8120
9160,8773
9160,8932
9160,9176
9160,20277
9160,12851
9160,20342
9160,10241
9160,18105
9160,22438
9160,16960
9160,17386
9160,20441
9160,13294
9160,18577
9160,12450
9160,17598
9160,18974
9160,14815
9160,18714
9160,12461
9160,19415
9160,18903
710,522
710,8120
710,12851
710,20342
710,10241
710,18577
710,18105
710,22438
710,20277
710,16960
710,11128
710,13294
710,8773
710,2474
710,17598
710,14815
710,8932
710,6802
710,6926
710,20441
710,18974
710,17535
710,12450
710,6552
710,18714
710,9176
710,12461
710,19415
710,14451
710,18903
12851,522
12851,2474
12851,6552
12851,6802
12851,6926
12851,8120
12851,8773
12851,8932
12851,9176
12851,12450
12851,12461
12851,20277
12851,20342
12851,10241
12851,18974
12851,18105
12851,17535
12851,16960
12851,14815
12851,17386
12851,20441
12851,18714
12851,19415
12851,18577
12851,17598
12851,13294
12851,18903
20342,522
20342,2474
20342,6552
20342,6802
20342,6926
20342,8120
20342,14451
20342,8773
20342,8932
20342,9176
20342,12450
20342,12461
20342,13294
20342,14815
20342,10241
20342,16960
20342,17386
20342,17535
20342,17598
20342,18105
20342,18577
20342,18714
20342,18974
20342,19415
20342,20277
20342,20441
10241,522
10241,2474
10241,6552
10241,6802
10241,6926
10241,8120
10241,14451
10241,8773
10241,8932
10241,9176
10241,11128
10241,12450
10241,12461
10241,13294
10241,14815
10241,16960
10241,18577
10241,17598
10241,18974
10241,17535
10241,17386
10241,18105
10241,20277
10241,20441
10241,22438
10241,18714
10241,19415
10241,18903
13294,522
13294,2474
13294,4284
13294,7663
13294,6552
13294,6802
13294,6926
13294,8120
13294,14451
13294,8773
13294,8932
13294,9176
13294,11128
13294,12375
13294,12450
13294,12461
13294,18577
13294,18974
13294,14815
13294,17535
13294,17386
13294,18105
13294,17598
13294,20277
13294,20441
13294,16330
13294,16960
13294,22438
13294,18714
13294,19415
13294,18903
18105,522
18105,2474
18105,6552
18105,6802
18105,6926
18105,8120
18105,14451
18105,8773
18105,8932
18105,9176
18105,12450
18105,12461
18105,14815
18105,16960
18105,17386
18105,17535
18105,17598
18105,18577
18105,18974
18105,22438
18105,20441
18105,20277
18105,18714
18105,19415
18105,18903
18577,522
18577,2474
18577,6552
18577,6802
18577,8120
18577,8932
18577,9176
18577,12450
18577,12461
18577,14815
18577,16960
18577,17386
18577,17535
18577,17598
18577,20441
18577,20277
18577,18974
18577,18714
18577,19415
18577,18903
8773,522
8773,2474
8773,6552
8773,6802
8773,14451
8773,18974
8773,16960
8773,12450
8773,17535
8773,17386
8773,20441
8773,18714
8773,9176
8773,12461
8773,19415
8773,17598
8773,20277
8773,14815
8773,18903
8773,8932
16960,522
16960,2474
16960,4284
16960,7663
16960,6552
16960,6802
16960,6926
16960,8120
16960,14451
16960,8932
16960,9176
16960,11128
16960,12065
16960,12450
16960,12461
16960,14815
16960,16330
16960,18974
16960,17535
16960,17386
16960,17598
16960,20277
16960,20441
16960,22438
16960,18714
16960,19415
16960,18903
12450,522
12450,2474
12450,6552
12450,6802
12450,8120
12450,9176
12450,17386
12450,18974
12450,20441
12450,12461
12450,17598
12450,14815
12450,18903
12450,22438
17386,522
17386,2474
17386,6552
17386,6802
17386,6926
17386,8120
17386,14451
17386,8932
17386,9176
17386,11128
17386,12461
17386,14815
17386,22438
17386,20277
17386,20441
17386,17598
17386,18974
17386,17535
17386,18714
17386,19415
17386,18903
6552,522
6552,2474
6552,8120
6552,22438
6552,20277
6552,11128
6552,8932
6552,6926
6552,20441
6552,17535
6552,17598
6552,18974
6552,14815
6552,14451
6552,18714
6552,9176
6552,12461
6552,19415
6552,6802
6552,18903
9176,522
9176,2474
9176,6802
9176,6926
9176,8120
9176,14451
9176,8932
9176,14815
9176,17535
9176,16330
9176,12461
9176,11128
9176,19415
9176,17598
9176,20277
9176,20441
9176,22438
9176,18714
9176,18974
9176,18903
12461,522
12461,2474
12461,6802
12461,6926
12461,8120
12461,14451
12461,8932
12461,11128
12461,18974
12461,14815
12461,17535
12461,20277
12461,17598
12461,20441
12461,22438
12461,18714
12461,19415
12461,18903
19415,522
19415,2474
19415,6802
19415,6926
19415,8120
19415,14451
19415,8932
19415,14815
19415,17598
19415,18714
19415,20277
19415,20441
2474,522
2474,8120
2474,17598
2474,18714
2474,18974
2474,14815
2474,18903
2474,6802
2474,6926
14451,522
14451,6802
14451,14815
14451,17535
14451,8932
14451,11128
14451,17598
14451,20277
14451,18903
14451,22438
6802,522
6802,20441
6802,8120
6802,18974
6802,14815
6802,11128
6802,20277
6802,18714
6802,17598
6802,18903
6802,8932
6802,17535
6802,22438
17598,522
17598,6926
17598,8120
17598,8932
17598,11128
17598,14815
17598,17535
17598,22438
17598,20277
17598,20441
17598,18974
17598,18714
17598,18903
14815,522
14815,694
14815,2323
14815,6926
14815,7293
14815,8120
14815,8257
14815,8932
14815,9064
14815,9360
14815,11113
14815,11128
14815,12065
14815,12187
14815,12375
14815,13601
14815,999
14815,14143
14815,20441
14815,18517
14815,18974
14815,22438
14815,17535
14815,20277
14815,18714
14815,15833
14815,20138
14815,21094
14815,18903
14815,22156
18903,522
18903,6926
18903,8120
18903,8932
18903,17535
18903,20277
8932,522
8932,8120
8932,20277
8932,18974
8932,17535
8932,18714
8932,22438
522,8120
522,7663
522,22438
522,20277
522,11128
522,20441
522,6926
522,18974
522,17535
522,18714
6926,20277
6926,8120
6926,18974
6926,22438
6926,17535
325,16097
325,5553
325,17072
325,9360
325,14143
325,999
325,15713
325,11113
325,19305
325,8257
325,7971
325,12375
325,18615
325,2323
325,4605
325,19979
16097,2323
16097,8327
16097,5812
16097,8257
16097,12375
16097,999
16097,15713
16097,16811
16097,19990
16097,19979
5553,4605
5553,9935
5553,15713
17072,2323
17072,2802
17072,12187
17072,999
17072,14656
17072,15713
17072,19690
17072,18749
9360,2323
9360,4209
9360,4605
9360,8327
9360,5691
9360,8254
9360,17662
9360,15713
9360,19990
9360,14133
9360,22079
999,2167
999,2323
999,2491
999,2802
999,4209
999,4284
999,7663
999,8327
999,5546
999,5812
999,8254
999,8257
999,8625
999,9084
999,10117
999,12375
999,13688
999,21635
999,18615
999,15713
999,16330
999,19979
15713,430
15713,1331
15713,2167
15713,2323
15713,2394
15713,2491
15713,2802
15713,4209
15713,8327
15713,5691
15713,5812
15713,6698
15713,7022
15713,7240
15713,7971
15713,8254
15713,8257
15713,9084
15713,5370
15713,10186
15713,11113
15713,12187
15713,12465
15713,10247
15713,13688
15713,14133
15713,14656
15713,15345
15713,16680
15713,17399
15713,19979
15713,17662
15713,19814
15713,18749
15713,22079
15713,16811
15713,19305
15713,18615
15713,22190
15713,9935
15713,10839
15713,19690
15713,21442
15713,19990
11113,2323
11113,8327
11113,7240
11113,19990
19305,2167
19305,2323
19305,2802
19305,4209
19305,8327
19305,7971
19305,8254
19305,12465
19305,18615
19305,22190
19305,19990
19305,19979
8257,2167
8257,2323
8257,4605
8257,7240
8257,8254
8257,22079
8257,21094
8257,12375
7971,2167
7971,2323
7971,2802
7971,6901
7971,17662
7971,22190
7971,9084
12375,2323
12375,7663
12375,5812
12375,18615
12375,18517
12375,21635
18615,2323
18615,4605
18615,8327
18615,5812
18615,7240
18615,8254
18615,10186
18615,12065
18615,10839
18615,17662
18615,22079
18615,19990
2323,430
2323,1331
2323,2167
2323,13688
2323,12465
2323,16680
2323,5691
2323,12065
2323,17399
2323,9084
2323,10839
2323,7240
2323,4209
2323,5812
2323,2802
2323,4605
2323,17662
2323,19990
2323,8254
2323,19909
2323,14133
2323,18749
2323,22079
2323,16811
2323,8327
2323,15345
2323,2491
2323,2394
2323,12187
2323,10186
2323,7022
2323,22190
2323,9935
2323,20138
2323,19690
2323,21442
2323,6698
4605,2491
4605,8254
4605,19979
19979,2167
19979,4209
19979,7240
19979,16811
19979,17399
19979,19690
19979,22079
19979,19990
430,4209
430,2802
430,2167
430,10186
430,9084
430,19690
430,8327
430,7240
430,19990
4209,1331
4209,2167
4209,2394
4209,2491
4209,2802
4209,13688
4209,16811
4209,5812
4209,16680
4209,8327
4209,5691
4209,12187
4209,14656
4209,17399
4209,9935
4209,15345
4209,10186
4209,6698
4209,6901
4209,22190
4209,14133
4209,10839
4209,19814
4209,19690
4209,21442
4209,12465
4209,19990
4209,8254
4209,7022
4209,22079
2802,2167
2802,2394
2802,2491
2802,13688
2802,5812
2802,16680
2802,22079
2802,8327
2802,5691
2802,12187
2802,9084
2802,22190
2802,15345
2802,17662
2802,10186
2802,6698
2802,19990
2802,7022
2802,19690
2802,21442
2802,12465
2802,8254
2802,14133
2167,1331
2167,12465
2167,16811
2167,10247
2167,17662
2167,16680
2167,5370
2167,6698
2167,22079
2167,5691
2167,8327
2167,19814
2167,12187
2167,10839
2167,17399
2167,2491
2167,19690
2167,7022
2167,22190
2167,21442
2167,19990
2167,14656
2167,2394
2167,19909
2167,14133
2167,7240
2167,10186
2167,9935
10186,8327
10186,6698
10186,6901
10186,12187
10186,22190
10186,9935
10186,19990
9084,8327
9084,17399
9084,17662
19690,8327
19690,22190
8327,2394
8327,2491
8327,13688
8327,5812
8327,16680
8327,5691
8327,12187
8327,14133
8327,17399
8327,9935
8327,15345
8327,6698
8327,22190
8327,10839
8327,21442
8327,12465
8327,19990
8327,8254
8327,19909
8327,7022
8327,18749
8327,22079
7240,16680
7240,22190
7240,12187
7240,19909
7240,9935
19990,2394
19990,5691
19990,5812
19990,6698
19990,8254
19990,12187
19990,12465
19990,13688
19990,14133
19990,15345
19990,10839
19990,16680
19990,17399
19990,18749
19990,22079
19990,22190
19990,21442
19990,9935
8120,18974
8120,20277
8120,18714
8120,22438
7663,4284
7663,16330
7663,5546
7663,10117
7663,21635
22438,11128
22438,18714
22438,18974
22438,20138
20277,17535
20277,18974
20441,18974
18974,18714
694,15833
694,16330
16330,4284
12465,22190
12465,13688
16811,21094
17662,7293
17662,13601
16680,7022
16680,13688
16680,22190
6698,22190
6698,13688
6698,22079
6698,14133
6698,7022
22079,14133
22079,22190
5691,22190
5691,21442
5691,14133
12187,2394
12187,2491
12187,5812
12187,13688
12187,22190
12187,9935
12187,21442
17399,8254
17399,22190
2491,15345
2491,12757
2491,13688
2491,5812
2491,8254
2491,22190
7022,14133
7022,22190
22190,2394
22190,8254
22190,13688
22190,14133
22190,15345
14656,9935
14133,4729
9935,6901
9935,18749
13688,8254
13688,15345
8254,15345
5546,10117
7293,13601
