99,17340
99,3791
99,17056
99,13175
99,11469
99,4653
99,2051
99,3221
99,9164
99,9843
99,15384
99,15839
99,20337
99,20778
99,216
99,18819
99,18369
99,20415
17340,216
17340,230
17340,369
17340,412
17340,494
17340,1542
17340,1953
17340,2159
17340,2278
17340,2671
17340,16427
17340,3070
17340,3364
17340,3395
17340,3434
17340,3791
17340,3878
17340,3906
17340,3951
17340,4053
17340,4687
17340,4718
17340,4720
17340,4767
17340,4818
17340,5094
17340,5821
17340,6018
17340,6555
17340,7549
17340,7566
17340,7670
17340,7767
17340,7822
17340,7860
17340,8045
17340,8271
17340,8292
17340,8351
17340,8486
17340,7357
17340,11719
17340,8893
17340,9164
17340,9222
17340,9363
17340,9554
17340,9562
17340,10060
17340,10198
17340,5503
17340,10814
17340,10968
17340,10995
17340,3513
17340,11849
17340,7111
17340,11946
17340,12116
17340,12783
17340,12873
17340,13005
17340,13178
17340,9645
17340,9678
17340,13505
17340,13866
17340,14322
17340,14770
17340,15127
17340,15607
17340,15912
17340,15928
17340,15950
17340,16081
17340,16111
17340,16226
17340,8335
17340,16336
17340,16639
17340,16805
17340,17056
17340,17214
17340,18819
17340,21721
17340,17570
17340,10577
17340,17495
17340,21907
17340,20857
17340,19539
17340,22404
17340,21491
17340,17669
17340,22110
17340,19653
17340,18773
17340,20013
17340,10129
17340,20337
17340,21684
17340,20811
17340,19930
17340,14471
17340,19891
17340,18355
17340,18888
17340,18181
3791,2159
3791,2278
3791,16427
3791,3070
3791,3160
3791,16226
3791,18819
3791,5586
3791,14585
3791,21907
3791,22100
3791,22404
3791,16001
3791,15912
3791,9164
3791,21491
3791,11585
3791,10198
3791,22110
3791,9363
3791,7357
3791,19930
3791,8351
17056,156
17056,216
17056,334
17056,362
17056,369
17056,412
17056,494
17056,600
17056,613
17056,632
17056,1078
17056,1127
17056,1243
17056,1303
17056,1573
17056,22237
17056,1903
17056,2118
17056,2159
17056,2278
17056,2474
17056,16427
17056,2768
17056,2938
17056,3070
17056,3160
17056,3171
17056,3395
17056,3434
17056,3761
17056,3878
17056,3906
17056,3951
17056,4596
17056,19442
17056,4687
17056,4720
17056,15384
17056,4818
17056,4871
17056,4889
17056,4909
17056,5029
17056,5122
17056,10596
17056,15763
17056,5824
17056,5962
17056,6357
17056,6466
17056,6552
17056,6555
17056,19862
17056,6677
17056,6702
17056,7015
17056,7166
17056,7271
17056,7359
17056,7364
17056,7600
17056,7767
17056,7822
17056,7860
17056,7896
17056,8120
17056,8271
17056,8292
17056,8299
17056,8351
17056,8486
17056,7357
17056,11719
17056,8773
17056,8874
17056,8893
17056,8993
17056,9164
17056,9176
17056,9209
17056,9222
17056,9363
17056,5289
17056,9554
17056,9562
17056,9652
17056,9843
17056,10007
17056,10060
17056,10258
17056,5503
17056,19385
17056,9394
17056,10814
17056,10995
17056,11161
17056,11321
17056,11585
17056,11778
17056,4160
17056,12042
17056,12116
17056,12143
17056,12461
17056,12500
17056,12783
17056,12851
17056,12873
17056,13098
17056,13148
17056,13175
17056,13294
17056,9678
17056,13735
17056,13790
17056,13866
17056,5632
17056,13917
17056,14322
17056,14350
17056,21120
17056,14633
17056,7091
17056,15475
17056,15523
17056,15593
17056,15619
17056,15851
17056,15878
17056,15928
17056,16081
17056,16086
17056,16226
17056,16285
17056,8335
17056,16336
17056,16436
17056,16441
17056,16639
17056,10241
17056,16901
17056,16960
17056,21907
17056,21206
17056,20576
17056,17510
17056,18577
17056,22323
17056,20013
17056,20888
17056,20708
17056,17909
17056,18224
17056,18819
17056,17214
17056,20566
17056,20259
17056,19877
17056,18105
17056,10577
17056,21491
17056,22110
17056,18856
17056,21672
17056,21417
17056,17437
17056,19930
17056,14471
17056,17495
17056,20337
17056,19808
17056,10129
17056,19448
17056,18355
17056,22065
17056,19539
17056,18888
13175,156
13175,580
13175,2159
13175,16427
13175,3070
13175,3878
13175,3906
13175,4767
13175,5699
13175,7822
13175,8018
13175,8045
13175,8271
13175,8351
13175,8506
13175,7357
13175,11719
13175,8893
13175,9164
13175,9363
13175,9554
13175,9652
13175,10060
13175,5503
13175,10814
13175,10995
13175,11003
13175,11585
13175,12116
13175,12783
13175,9578
13175,9678
13175,13866
13175,16001
13175,16938
13175,16639
13175,8335
13175,10129
13175,17437
13175,10577
13175,18819
13175,14350
13175,17495
13175,14471
13175,16786
13175,21907
13175,19539
13175,14633
13175,16086
13175,21491
13175,21120
13175,15839
13175,22110
13175,22100
13175,16805
11469,2719
11469,3221
11469,2051
11469,15384
11469,4767
11469,19699
11469,17586
11469,18688
11469,19891
11469,15839
11469,20778
11469,18369
11469,19001
4653,3070
4653,2051
4653,8271
4653,16775
4653,7357
4653,9629
4653,16702
4653,16226
4653,20337
4653,17586
4653,22404
4653,20112
4653,15839
4653,16336
4653,20778
4653,18369
4653,18819
4653,21937
4653,19001
2051,2719
2051,3221
2051,3906
2051,18819
2051,21988
2051,10396
2051,16786
2051,14426
2051,8271
2051,21120
2051,20778
2051,7357
2051,8576
2051,18369
2051,16618
2051,11514
2051,15839
2051,5439
2051,19001
3221,1613
3221,1727
3221,7854
3221,9578
3221,18688
3221,6677
3221,15351
3221,4489
3221,12198
3221,12449
3221,16702
3221,19699
3221,15839
3221,20778
9164,494
9164,1127
9164,1267
9164,1542
9164,1903
9164,2159
9164,2161
9164,2278
9164,2315
9164,2588
9164,7222
9164,16427
9164,4191
9164,2825
9164,2938
9164,3070
9164,3268
9164,3363
9164,3364
9164,3395
9164,3458
9164,3878
9164,3951
9164,4720
9164,4818
9164,7663
9164,5257
9164,5586
9164,5699
9164,5821
9164,6555
9164,7549
9164,7566
9164,7670
9164,7860
9164,8045
9164,8271
9164,8351
9164,8486
9164,8576
9164,7357
9164,11719
9164,8893
9164,14770
9164,21012
9164,9678
9164,18188
9164,5503
9164,13178
9164,17570
9164,9843
9164,17308
9164,19003
9164,11946
9164,10577
9164,14350
9164,17495
9164,21491
9164,12783
9164,21907
9164,22100
9164,10995
9164,11897
9164,12873
9164,21120
9164,17669
9164,15839
9164,12879
9164,20778
9164,22414
9164,14633
9164,17671
9164,9363
9164,20013
9164,16111
9164,20200
9164,16001
9164,11585
9164,10129
9164,9394
9164,9562
9164,9645
9164,21684
9164,17439
9164,18338
9164,14322
9164,15928
9164,10814
9164,9652
9164,14471
9164,14585
9164,11849
9164,16226
9164,12116
9164,20857
9164,16952
9164,21078
9164,16081
9164,15127
9164,9554
9164,15950
9164,13193
9164,15607
9164,10198
9164,15475
9164,13866
9164,20337
9164,18181
9164,22110
9843,412
9843,494
9843,2278
9843,16427
9843,2768
9843,3070
9843,3171
9843,3364
9843,3906
9843,4687
9843,4818
9843,5889
9843,6555
9843,7822
9843,7860
9843,8045
9843,8271
9843,8351
9843,7357
9843,11719
9843,8893
9843,9363
9843,9554
9843,13866
9843,18819
9843,8335
9843,13917
9843,10198
9843,11585
9843,10129
9843,16336
9843,17437
9843,10060
9843,14350
9843,10995
9843,17495
9843,12783
9843,16226
9843,22100
9843,15593
9843,22404
9843,12314
9843,15607
9843,19891
9843,22110
9843,19776
9843,16001
9843,15928
15384,494
15384,580
15384,3070
15384,4720
15384,20745
15384,9578
15384,18338
15384,12783
15384,14322
15384,16226
15384,22100
15384,9554
15384,8351
15384,15127
15384,5821
15384,15928
15384,21491
15384,6650
15384,15839
15384,5448
15384,5289
15384,14350
15384,9645
15384,19539
15384,6555
15384,17671
15384,14633
15384,5122
15839,402
15839,632
15839,1259
15839,1599
15839,1613
15839,2271
15839,2505
15839,2719
15839,2912
15839,3070
15839,3160
15839,3653
15839,3833
15839,4489
15839,5535
15839,6738
15839,7854
15839,20542
15839,8026
15839,8271
15839,7357
15839,8893
15839,9065
15839,9209
15839,15351
15839,19699
15839,11149
15839,11710
15839,12198
15839,12449
15839,12574
15839,13004
15839,14168
15839,7091
15839,15294
15839,15662
15839,9578
15839,18819
15839,22352
15839,16702
15839,21907
15839,20778
15839,16716
15839,22110
15839,21937
15839,18688
15839,8335
15839,10129
15839,20337
15839,16224
15839,18369
15839,17586
15839,16336
15839,20415
15839,19001
20337,216
20337,369
20337,583
20337,4011
20337,2159
20337,2278
20337,2315
20337,2825
20337,2938
20337,3070
20337,3160
20337,3906
20337,19442
20337,7663
20337,6402
20337,7822
20337,7860
20337,8271
20337,8351
20337,7357
20337,8893
20337,9222
20337,9363
20337,9554
20337,11585
20337,7111
20337,12783
20337,12879
20337,13178
20337,22100
20337,13505
20337,13866
20337,14585
20337,14633
20337,15593
20337,15912
20337,16001
20337,16086
20337,16330
20337,17495
20337,17570
20337,18181
20337,18888
20337,19776
20337,19930
20337,21491
20337,21907
20337,22404
20337,22110
20337,22414
20778,1613
20778,2912
20778,3906
20778,4489
20778,8026
20778,15351
20778,19699
20778,12783
20778,13866
20778,14168
20778,17586
20778,18819
20778,19177
20778,20415
20778,20498
20778,21937
20778,21907
216,3638
216,14471
216,15851
216,10198
216,21937
216,8292
216,7990
216,22100
216,20797
216,7860
216,369
216,13866
216,9554
216,7663
216,362
216,16427
216,16086
216,3395
216,5821
216,3246
216,21491
216,21907
216,3070
216,9363
216,7357
216,22110
216,16081
216,22065
216,3160
216,3762
216,6555
216,7585
216,15878
216,4191
216,16001
18819,230
18819,246
18819,308
18819,334
18819,412
18819,494
18819,18766
18819,600
18819,1953
18819,2278
18819,2315
18819,7222
18819,2719
18819,16427
18819,2768
18819,2825
18819,2938
18819,3070
18819,3160
18819,3363
18819,3364
18819,3458
18819,3761
18819,3833
18819,3906
18819,4718
18819,4720
18819,4818
18819,4871
18819,7663
18819,5257
18819,5377
18819,5439
18819,5448
18819,5699
18819,5821
18819,5889
18819,5962
18819,6402
18819,19862
18819,7566
18819,7670
18819,7767
18819,7822
18819,7860
18819,8045
18819,8271
18819,8348
18819,8351
18819,8486
18819,7357
18819,11719
18819,8893
18819,9209
18819,9222
18819,9363
18819,9554
18819,9562
18819,9652
18819,9764
18819,10060
18819,5503
18819,9394
18819,10814
18819,10995
18819,11003
18819,11149
18819,11585
18819,11849
18819,11897
18819,7111
18819,11946
18819,12116
18819,12286
18819,12783
18819,12879
18819,13004
18819,13005
18819,13178
18819,13193
18819,9645
18819,22100
18819,9678
18819,13499
18819,13505
18819,13832
18819,13866
18819,13917
18819,14168
18819,14322
18819,14350
18819,14585
18819,14633
18819,14770
18819,7091
18819,15127
18819,15475
18819,15593
18819,15607
18819,15928
18819,16086
18819,16226
18819,8335
18819,16336
18819,16639
18819,16786
18819,16805
18819,16952
18819,17214
18819,17308
18819,17439
18819,17570
18819,10396
18819,17671
18819,14471
18819,18155
18819,18338
18819,18607
18819,21012
18819,18188
18819,19003
18819,22438
18819,19982
18819,21907
18819,21921
18819,22323
18819,20200
18819,20013
18819,10129
18819,21962
18819,21375
18819,21078
18819,22110
18819,10577
18819,21491
18819,22414
18819,20308
18819,21684
18819,20811
18819,19891
18369,2719
18369,3070
18369,17586
18369,9578
18369,18688
20415,720
20415,875
20415,4183
20415,955
20415,1015
20415,1350
20415,3991
20415,1548
20415,4034
20415,2505
20415,2827
20415,2840
20415,3095
20415,3107
20415,3120
20415,3246
20415,3833
20415,3952
20415,4380
20415,4445
20415,4596
20415,8219
20415,4643
20415,4696
20415,4730
20415,4869
20415,4966
20415,5547
20415,5653
20415,5700
20415,5895
20415,6020
20415,6253
20415,6297
20415,6865
20415,12308
20415,16051
20415,7016
20415,7313
20415,7461
20415,7713
20415,7778
20415,20542
20415,8026
20415,8064
20415,8247
20415,8348
20415,8482
20415,8576
20415,8625
20415,12651
20415,8764
20415,8901
20415,9253
20415,9523
20415,9563
20415,9653
20415,9713
20415,9764
20415,15351
20415,10049
20415,10094
20415,10116
20415,10117
20415,16595
20415,10408
20415,5479
20415,11149
20415,11487
20415,11514
20415,11710
20415,11749
20415,4732
20415,12032
20415,12161
20415,12248
20415,12261
20415,12286
20415,13280
20415,13267
20415,13626
20415,13950
20415,14089
20415,14168
20415,14323
20415,14361
20415,14524
20415,21120
20415,14650
20415,14799
20415,14823
20415,14902
20415,14950
20415,6277
20415,15329
20415,15856
20415,6224
20415,16167
20415,16224
20415,16308
20415,16677
20415,16716
20415,16766
20415,16786
20415,6522
20415,16868
20415,16956
20415,17106
20415,17110
20415,14107
20415,17685
20415,17715
20415,17986
20415,17987
20415,18092
20415,18155
20415,18198
20415,18220
20415,18327
20415,18594
20415,18909
20415,19177
20415,19386
20415,19529
20415,19542
20415,19578
20415,19707
20415,19776
20415,19853
20415,20009
20415,20095
20415,20116
20415,20187
20415,20675
20415,21041
20415,21921
20415,20498
20415,22140
20415,22187
20415,21999
20415,22407
20415,21848
20415,21239
20415,21540
20415,20597
20415,21375
20415,22289
156,10976
156,9652
156,6466
156,3906
156,22237
156,21206
156,16001
156,7091
156,11719
156,13098
156,8335
156,5122
10976,246
10976,1599
10976,4011
10976,2161
10976,13273
10976,3246
10976,3268
10976,3458
10976,3653
10976,4767
10976,5094
10976,5900
10976,6614
10976,8688
10976,8506
10976,8720
10976,8825
10976,10198
10976,17495
10976,22424
10976,18155
10976,16001
10976,19902
10976,21690
10976,19177
9652,2159
9652,16427
9652,3070
9652,3906
9652,4767
9652,4818
9652,5895
9652,7670
9652,7822
9652,8271
9652,8351
9652,7357
9652,11719
9652,8893
9652,9363
9652,5289
9652,9554
9652,17495
9652,12783
9652,12116
9652,21491
9652,14350
9652,22100
9652,16001
9652,10995
9652,9394
9652,15878
6466,22237
6466,2938
6466,3363
6466,3906
6466,4530
6466,4718
6466,4871
6466,5122
6466,5767
6466,7271
6466,7091
6466,7990
6466,20200
6466,16901
6466,8335
6466,20980
6466,15593
6466,14350
6466,13098
6466,7166
6466,20576
6466,7822
6466,7585
6466,15475
6466,8271
6466,21120
6466,21206
6466,19891
6466,18355
6466,9209
6466,14663
6466,8351
3906,369
3906,528
3906,632
3906,1267
3906,1542
3906,2044
3906,2161
3906,2471
3906,7222
3906,2719
3906,16427
3906,4191
3906,2825
3906,2938
3906,3070
3906,3268
3906,11710
3906,11444
3906,5503
3906,7091
3906,8292
3906,7860
3906,13866
3906,13267
3906,4284
3906,7663
3906,17214
3906,11719
3906,8901
3906,8993
3906,14770
3906,19973
3906,20506
3906,7767
3906,5699
3906,17308
3906,10783
3906,7166
3906,15878
3906,17495
3906,19982
3906,10803
3906,16786
3906,18155
3906,6315
3906,22100
3906,17110
3906,22404
3906,6402
3906,11897
3906,14633
3906,13294
3906,21491
3906,21120
3906,5448
3906,7357
3906,22110
3906,21921
3906,10995
3906,16805
3906,9554
3906,16960
3906,10198
3906,16901
3906,16001
3906,20888
3906,11149
3906,16639
3906,20708
3906,5821
3906,14650
3906,8335
3906,20013
3906,20308
3906,14168
3906,8486
3906,9562
3906,8893
3906,12783
3906,22438
3906,7111
3906,18338
3906,7822
3906,15928
3906,20980
3906,12810
3906,12116
3906,19862
3906,15829
3906,7896
3906,9645
3906,9563
3906,19576
3906,20576
3906,5439
3906,19776
3906,12286
3906,11003
3906,10929
3906,8351
3906,13505
3906,5122
22237,7091
22237,21206
22237,5767
22237,9554
22237,4818
22237,8335
22237,20980
22237,15593
22237,4871
22237,18355
22237,17437
22237,16436
22237,7166
22237,20576
22237,7822
22237,7585
22237,21120
22237,5122
21206,4011
21206,2671
21206,3878
21206,4871
21206,5122
21206,5767
21206,6552
21206,7166
21206,7585
21206,7822
21206,7990
21206,3912
21206,8292
21206,8351
21206,9006
21206,12783
21206,21120
21206,7091
21206,15475
21206,15593
21206,15619
21206,16436
21206,17214
21206,17437
21206,17510
21206,18355
21206,20576
21206,20980
16001,230
16001,412
16001,494
16001,528
16001,600
16001,1542
16001,1903
16001,1953
16001,2159
16001,2161
16001,2278
16001,2471
16001,7222
16001,16427
16001,4191
16001,2825
16001,3070
16001,3160
16001,3364
16001,3395
16001,3878
16001,4053
16001,4720
16001,4767
16001,4818
16001,5699
16001,5821
16001,5889
16001,5900
16001,6018
16001,6555
16001,7549
16001,7566
16001,7670
16001,7822
16001,7860
16001,8045
16001,8271
16001,8351
16001,8486
16001,8506
16001,7357
16001,11719
16001,8825
16001,8893
16001,9222
16001,9363
16001,9006
16001,9554
16001,9562
16001,5503
16001,9394
16001,10814
16001,10968
16001,10995
16001,6641
16001,11585
16001,3513
16001,11849
16001,7111
16001,12116
16001,12783
16001,12873
16001,12879
16001,13178
16001,13193
16001,9645
16001,22100
16001,13866
16001,14633
16001,14770
16001,15475
16001,15878
16001,15912
16001,15950
16001,16938
16001,21012
16001,21721
16001,17214
16001,17308
16001,19003
16001,20811
16001,17495
16001,21907
16001,19539
16001,21491
16001,17669
16001,18188
16001,17671
16001,22414
16001,18773
16001,22424
16001,20797
16001,16639
16001,21684
16001,17439
16001,14471
16001,20857
16001,19891
16001,16805
16001,18888
16001,18181
7091,369
7091,632
7091,2159
7091,16427
7091,2825
7091,3951
7091,4871
7091,5122
7091,7166
7091,7585
7091,7767
7091,8351
7091,11719
7091,8893
7091,10995
7091,11161
7091,11585
7091,12783
7091,9645
7091,13866
7091,13917
7091,14322
7091,21120
7091,19877
7091,15912
7091,20980
7091,15593
7091,17308
7091,18338
7091,20576
7091,14471
7091,22110
7091,19539
7091,16786
7091,15928
11719,334
11719,369
11719,1127
11719,1267
11719,4011
11719,1903
11719,2159
11719,2278
11719,2588
11719,7222
11719,16427
11719,2734
11719,2825
11719,2938
11719,3070
11719,3160
11719,3363
11719,3458
11719,3878
11719,3951
11719,4720
11719,4871
11719,7663
11719,5257
11719,5448
11719,5586
11719,5699
11719,5821
11719,7549
11719,7670
11719,7767
11719,7822
11719,7860
11719,8045
11719,3912
11719,8271
11719,8351
11719,8482
11719,8486
11719,7357
11719,14770
11719,21012
11719,9678
11719,18370
11719,5503
11719,21721
11719,19003
11719,20811
11719,17439
11719,17495
11719,12783
11719,21907
11719,13193
11719,22100
11719,17849
11719,19539
11719,16086
11719,13866
11719,21491
11719,12116
11719,17671
11719,12879
11719,22110
11719,6641
11719,10995
11719,9363
11719,9554
11719,13917
11719,11849
11719,21684
11719,8335
11719,20013
11719,10198
11719,11585
11719,5289
11719,9562
11719,8893
11719,9645
11719,22438
11719,18338
11719,15475
11719,20980
11719,14471
11719,16111
11719,9222
11719,14633
11719,20857
11719,16403
11719,15593
11719,11003
11719,22404
11719,15127
11719,17308
11719,19891
11719,16805
11719,19776
11719,13505
11719,19177
11719,15523
11719,9394
11719,18181
13098,511
13098,522
13098,1599
13098,1814
13098,2270
13098,4534
13098,4889
13098,5122
13098,8572
13098,5208
13098,15763
13098,6677
13098,6830
13098,12308
13098,6926
13098,7364
13098,7713
13098,8153
13098,14451
13098,8485
13098,5783
13098,8993
13098,9176
13098,9603
13098,9713
13098,10075
13098,9160
13098,10783
13098,4732
13098,12143
13098,12267
13098,12461
13098,12500
13098,12586
13098,12704
13098,13775
13098,20576
13098,22074
13098,5632
13098,13267
13098,13790
13098,21117
13098,14623
13098,16960
13098,21848
13098,19877
13098,20597
13098,21120
13098,17386
13098,13294
13098,18407
13098,18860
13098,19569
13098,13735
13098,21417
13098,13881
13098,13977
13098,20708
13098,10241
13098,16223
13098,15593
13098,17996
13098,15657
13098,21174
13098,19776
13098,17909
8335,494
8335,2044
8335,2159
8335,2278
8335,16427
8335,2825
8335,3171
8335,3434
8335,3458
8335,3878
8335,4720
8335,4871
8335,7663
8335,5122
8335,7585
8335,7630
8335,7767
8335,7822
8335,8045
8335,8271
8335,8351
8335,8486
8335,7357
8335,8893
8335,9554
8335,9562
8335,14663
8335,10060
8335,10814
8335,10995
8335,11003
8335,7111
8335,12116
8335,12783
8335,22100
8335,14322
8335,14585
8335,21120
8335,14633
8335,15127
8335,15475
8335,15593
8335,15607
8335,15878
8335,16226
8335,21012
8335,16901
8335,10129
8335,16336
8335,18338
8335,21491
8335,22110
8335,19776
8335,16805
8335,22438
5122,369
5122,494
5122,16427
5122,2938
5122,4720
5122,4871
5122,7663
5122,20745
5122,8576
5122,21684
5122,17214
5122,15593
5122,7767
5122,18338
5122,20576
5122,7585
5122,17495
5122,20980
5122,7166
5122,12783
5122,14322
5122,22100
5122,10258
5122,19539
5122,5767
5122,12873
5122,13294
5122,21491
5122,17671
5122,19776
5122,6926
5122,19000
5122,9363
5122,13005
5122,21120
5122,8351
173,1169
173,710
173,5632
173,15151
173,7364
173,12851
173,8572
173,22080
173,20888
173,20342
173,10241
173,9176
173,17386
173,6552
173,6677
173,3469
173,18105
173,22438
173,21764
173,1078
173,16960
173,12450
173,17540
173,15763
173,8819
173,8874
173,13294
173,2242
173,9160
173,21120
173,12461
173,18974
173,7015
173,10783
173,6802
173,11734
173,17598
173,18577
173,18856
173,8932
173,522
1169,522
1169,709
1169,710
1169,1078
1169,16960
1169,12450
1169,9176
1169,17386
1169,20888
1169,22080
1169,12851
1169,20342
1169,10241
1169,13294
1169,16794
1169,15763
1169,21120
1169,6552
1169,12461
1169,3469
1169,10783
1169,18714
1169,19877
1169,14451
1169,7364
1169,22438
1169,18856
1169,6802
710,238
710,522
710,20744
710,11193
710,14181
710,14606
710,7817
710,12704
710,15151
710,9160
710,17455
710,8065
710,8120
710,16857
710,22080
710,12851
710,20342
710,10241
710,8360
710,13213
710,15763
710,18577
710,20566
710,1573
710,8400
710,7080
710,18105
710,22438
710,20277
710,12500
710,8819
710,4204
710,14623
710,21211
710,16960
710,20682
710,3669
710,8508
710,5029
710,11128
710,4302
710,3265
710,13294
710,7600
710,5443
710,8773
710,3722
710,7015
710,10783
710,2474
710,17598
710,8067
710,741
710,14815
710,18856
710,8932
710,6802
710,6926
710,8572
710,19660
710,20441
710,7362
710,1078
710,10007
710,7364
710,9957
710,18467
710,20888
710,16139
710,11834
710,15814
710,14411
710,6677
710,3469
710,9572
710,4943
710,9807
710,14079
710,18974
710,20214
710,10017
710,17535
710,16618
710,21764
710,12450
710,14680
710,12490
710,7926
710,1458
710,12143
710,8874
710,11005
710,6552
710,18714
710,2242
710,9176
710,12461
710,19415
710,14451
710,19776
710,18085
710,18903
710,8793
710,14439
710,9988
5632,743
5632,1078
5632,1243
5632,1303
5632,1814
5632,2474
5632,2938
5632,3469
5632,3722
5632,8572
5632,6552
5632,6677
5632,6926
5632,7015
5632,7080
5632,8360
5632,8629
5632,8773
5632,8874
5632,8972
5632,9128
5632,9176
5632,9603
5632,10007
5632,5443
5632,10783
5632,11128
5632,11193
5632,11332
5632,12461
5632,12490
5632,12500
5632,12704
5632,12911
5632,13294
5632,9957
5632,20744
5632,8400
5632,17386
5632,20888
5632,10241
5632,14439
5632,18105
5632,18577
5632,14623
5632,14199
5632,21211
5632,16960
5632,14680
5632,19515
5632,20441
5632,18714
5632,19000
5632,21120
5632,20566
5632,19776
5632,18856
5632,22438
15151,238
15151,522
15151,1078
15151,2242
15151,2474
15151,4302
15151,5029
15151,15763
15151,6552
15151,7364
15151,8120
15151,14451
15151,8508
15151,8773
15151,8932
15151,9176
15151,10007
15151,9160
15151,10783
15151,11128
15151,12450
15151,12461
15151,12851
15151,13294
15151,14439
15151,21120
15151,14815
15151,20441
15151,17386
15151,17455
15151,20342
15151,10241
15151,18105
15151,18577
15151,16618
15151,21764
15151,16960
15151,17535
15151,20277
15151,11005
15151,18903
15151,19415
15151,17598
15151,18856
7364,238
7364,522
7364,613
7364,741
7364,1078
7364,1458
7364,1573
7364,2065
7364,2242
7364,2474
7364,2938
7364,3265
7364,3669
7364,4204
7364,4302
7364,4669
7364,4943
7364,5029
7364,8065
7364,5081
7364,8572
7364,15763
7364,13213
7364,18467
7364,7909
7364,6552
7364,6802
7364,6926
7364,7015
7364,7080
7364,20744
7364,11193
7364,14181
7364,19515
7364,12704
7364,11541
7364,9160
7364,17455
7364,8120
7364,22080
7364,18665
7364,12851
7364,10241
7364,8360
7364,11548
7364,18577
7364,20295
7364,20566
7364,8400
7364,18105
7364,20079
7364,22438
7364,8819
7364,11732
7364,14623
7364,12450
7364,21211
7364,16960
7364,8482
7364,8828
7364,8629
7364,20682
7364,9930
7364,8508
7364,17386
7364,11128
7364,20277
7364,13294
7364,16794
7364,7600
7364,5443
7364,21120
7364,11476
7364,10783
7364,16898
7364,22208
7364,8773
7364,11834
7364,8067
7364,14815
7364,18856
7364,8932
7364,20245
7364,8972
7364,16857
7364,19660
7364,20441
7364,10416
7364,10007
7364,11953
7364,14794
7364,20342
7364,20888
7364,16139
7364,17598
7364,15814
7364,14411
7364,18974
7364,21468
7364,9572
7364,7817
7364,11199
7364,21183
7364,9128
7364,20214
7364,10017
7364,15926
7364,17535
7364,16618
7364,21764
7364,8874
7364,12490
7364,7926
7364,14439
7364,12143
7364,18348
7364,11005
7364,18714
7364,9176
7364,12461
7364,19415
7364,12911
7364,18083
7364,14451
7364,19776
7364,14680
7364,18903
7364,8793
7364,18085
7364,19000
7364,19954
7364,9988
12851,238
12851,522
12851,741
12851,1078
12851,1458
12851,1573
12851,2242
12851,2474
12851,4204
12851,4302
12851,5029
12851,15763
12851,6552
12851,6802
12851,6926
12851,7015
12851,7926
12851,8120
12851,8508
12851,8773
12851,8819
12851,8932
12851,9176
12851,9572
12851,9603
12851,10007
12851,9160
12851,10783
12851,11193
12851,11834
12851,11953
12851,12143
12851,12450
12851,12461
12851,20277
12851,17455
12851,22080
12851,20342
12851,10241
12851,18974
12851,18105
12851,20214
12851,10017
12851,14439
12851,17535
12851,10416
12851,16960
12851,20682
12851,14815
12851,17386
12851,20441
12851,11005
12851,20295
12851,18714
12851,21120
12851,21764
12851,19415
12851,18577
12851,12911
12851,18856
12851,22208
12851,17598
12851,8067
12851,13294
12851,18085
12851,18903
12851,19000
8572,511
8572,1078
8572,1243
8572,1303
8572,3287
8572,10969
8572,11193
8572,19515
8572,12704
8572,10007
8572,17386
8572,8972
8572,9957
8572,20342
8572,10241
8572,8360
8572,13881
8572,8299
8572,6552
8572,6677
8572,8400
8572,7080
8572,8001
8572,14079
8572,18105
8572,22438
8572,21339
8572,12500
8572,18856
8572,8773
8572,14199
8572,21211
8572,16960
8572,8629
8572,12490
8572,20888
8572,16749
8572,20441
8572,18714
8572,9176
8572,21120
8572,12461
8572,19415
8572,8874
8572,10783
8572,12911
8572,20566
8572,19776
8572,17598
8572,13294
8572,14680
8572,9603
8572,17537
8572,6926
22080,522
22080,1078
22080,2474
22080,3265
22080,3722
22080,15763
22080,6552
22080,6802
22080,8508
22080,9176
22080,9807
22080,9988
22080,10007
22080,9160
22080,10783
22080,11732
22080,11834
22080,12450
22080,12461
22080,13294
22080,9957
22080,13854
22080,15814
22080,16139
22080,10241
22080,16857
22080,16960
22080,17386
22080,17455
22080,17598
22080,18856
22080,19448
22080,20342
22080,22438
20888,238
20888,522
20888,743
20888,1078
20888,1243
20888,1303
20888,1458
20888,1467
20888,1727
20888,14055
20888,2515
20888,4050
20888,4507
20888,4533
20888,4534
20888,4889
20888,4943
20888,5208
20888,15763
20888,5700
20888,18467
20888,6357
20888,12308
20888,6926
20888,7600
20888,8153
20888,8299
20888,8360
20888,8629
20888,8932
20888,9176
20888,9603
20888,9930
20888,9988
20888,10007
20888,9160
20888,10783
20888,11128
20888,11178
20888,11193
20888,11199
20888,4732
20888,12461
20888,12586
20888,12704
20888,12911
20888,13267
20888,13294
20888,13735
20888,13977
20888,14199
20888,14623
20888,14650
20888,8400
20888,15329
20888,15657
20888,16139
20888,16308
20888,21211
20888,10241
20888,17098
20888,17386
20888,17455
20888,18105
20888,18322
20888,18577
20888,19515
20888,19808
20888,19877
20888,19954
20888,20095
20888,20295
20888,20566
20888,21921
20888,22438
20888,22352
20342,238
20342,522
20342,741
20342,1078
20342,1458
20342,2059
20342,2242
20342,2474
20342,3669
20342,4204
20342,4302
20342,5029
20342,15763
20342,6552
20342,6677
20342,6802
20342,6926
20342,7015
20342,7080
20342,7926
20342,8120
20342,14451
20342,8508
20342,8629
20342,8773
20342,8874
20342,8932
20342,8972
20342,9176
20342,10007
20342,5443
20342,9160
20342,10783
20342,11193
20342,11953
20342,12450
20342,12461
20342,12490
20342,12704
20342,8067
20342,13294
20342,14439
20342,21120
20342,14680
20342,14815
20342,10017
20342,10241
20342,16960
20342,17386
20342,17535
20342,17598
20342,18105
20342,18577
20342,18714
20342,18856
20342,18974
20342,19000
20342,19415
20342,19660
20342,19776
20342,20277
20342,20566
20342,20682
20342,20441
20342,21764
10241,238
10241,522
10241,613
10241,741
10241,1078
10241,1243
10241,1303
10241,1458
10241,1573
10241,1814
10241,2242
10241,14055
10241,2474
10241,2938
10241,3265
10241,3469
10241,3669
10241,3722
10241,4204
10241,4302
10241,4534
10241,4909
10241,5029
10241,15763
10241,6552
10241,6677
10241,6802
10241,6926
10241,7015
10241,7080
10241,7166
10241,7926
10241,8001
10241,8120
10241,8299
10241,14451
10241,8360
10241,8392
10241,8482
10241,8508
10241,8576
10241,8629
10241,8773
10241,8819
10241,8828
10241,8874
10241,8932
10241,8972
10241,8993
10241,9065
10241,9128
10241,9176
10241,9572
10241,10007
10241,10198
10241,5443
10241,9160
10241,10783
10241,11128
10241,11193
10241,11199
10241,11332
10241,11778
10241,11834
10241,12143
10241,12183
10241,12450
10241,12461
10241,12490
10241,12500
10241,12520
10241,12704
10241,12911
10241,8067
10241,13294
10241,9957
10241,13735
10241,13790
10241,14199
10241,14439
10241,14623
10241,21120
10241,14680
10241,14815
10241,8400
10241,10017
10241,16139
10241,21211
10241,16618
10241,10416
10241,20214
10241,16960
10241,20682
10241,19448
10241,21764
10241,17510
10241,18577
10241,16857
10241,19660
10241,17598
10241,18974
10241,17535
10241,6522
10241,18085
10241,17909
10241,20245
10241,19515
10241,18348
10241,17386
10241,17455
10241,21468
10241,20295
10241,20566
10241,19877
10241,18105
10241,20079
10241,20277
10241,18856
10241,20441
10241,20983
10241,22438
10241,11005
10241,18714
10241,19000
10241,19415
10241,19776
10241,18903
9176,238
9176,522
9176,613
9176,741
9176,1041
9176,1078
9176,1243
9176,1458
9176,1573
9176,1814
9176,2242
9176,14055
9176,2474
9176,3265
9176,3469
9176,3669
9176,4204
9176,4302
9176,4909
9176,4943
9176,5029
9176,8065
9176,15763
9176,13213
9176,18467
9176,6552
9176,6677
9176,6802
9176,6926
9176,7015
9176,7080
9176,7362
9176,7600
9176,7926
9176,8120
9176,8299
9176,14451
9176,8360
9176,8508
9176,8629
9176,8773
9176,8819
9176,8828
9176,8874
9176,8932
9176,8972
9176,8993
9176,11193
9176,11541
9176,9957
9176,10416
9176,12704
9176,20214
9176,19877
9176,20682
9176,9930
9176,19448
9176,13294
9176,16794
9176,18568
9176,5443
9176,21764
9176,8067
9176,18577
9176,19128
9176,19660
9176,16857
9176,10007
9176,20708
9176,11834
9176,21468
9176,9807
9176,11199
9176,15926
9176,14815
9176,10017
9176,17535
9176,12450
9176,16330
9176,12461
9176,11953
9176,16139
9176,18850
9176,18085
9176,19000
9176,14439
9176,20744
9176,20245
9176,14181
9176,19515
9176,12500
9176,18348
9176,17386
9176,9160
9176,17455
9176,12143
9176,20295
9176,20566
9176,8400
9176,18105
9176,21211
9176,11128
9176,19415
9176,21120
9176,10783
9176,14199
9176,22208
9176,17598
9176,20277
9176,18856
9176,16960
9176,20441
9176,15814
9176,21183
9176,14079
9176,22438
9176,16618
9176,14680
9176,12490
9176,11005
9176,9572
9176,18714
9176,18974
9176,12911
9176,19954
9176,19776
9176,18903
9176,9988
17386,238
17386,522
17386,613
17386,741
17386,1078
17386,1243
17386,1303
17386,1458
17386,1573
17386,1814
17386,2242
17386,2474
17386,3265
17386,3469
17386,3669
17386,3722
17386,4204
17386,4302
17386,4669
17386,4909
17386,4943
17386,5029
17386,15763
17386,13213
17386,6552
17386,6677
17386,6802
17386,6926
17386,7015
17386,7080
17386,7166
17386,7362
17386,7600
17386,7926
17386,8120
17386,8793
17386,8299
17386,14451
17386,8360
17386,8508
17386,8629
17386,8773
17386,8819
17386,8874
17386,8932
17386,8972
17386,8993
17386,9572
17386,9603
17386,9930
17386,10007
17386,5443
17386,9160
17386,10783
17386,11128
17386,11193
17386,11199
17386,11541
17386,11548
17386,11778
17386,11834
17386,12143
17386,12450
17386,12461
17386,12490
17386,12704
17386,12911
17386,8067
17386,13294
17386,9957
17386,14199
17386,14439
17386,21120
17386,14680
17386,14815
17386,8400
17386,10017
17386,15814
17386,15926
17386,16139
17386,21211
17386,10416
17386,16857
17386,16960
17386,20744
17386,19515
17386,17455
17386,18665
17386,20295
17386,20566
17386,18105
17386,22438
17386,20277
17386,19877
17386,20682
17386,18577
17386,17510
17386,18856
17386,20441
17386,17598
17386,18974
17386,20214
17386,17535
17386,21764
17386,11005
17386,18714
17386,19415
17386,19448
17386,19776
17386,18903
17386,18085
6552,238
6552,522
6552,741
6552,1078
6552,1458
6552,1573
6552,1814
6552,2242
6552,2474
6552,3246
6552,3265
6552,3469
6552,3669
6552,3722
6552,4204
6552,4302
6552,4534
6552,4889
6552,4909
6552,4943
6552,5029
6552,8065
6552,15763
6552,13213
6552,18467
6552,7909
6552,20744
6552,11193
6552,19515
6552,13790
6552,11541
6552,9160
6552,17455
6552,8120
6552,8360
6552,14181
6552,18577
6552,20295
6552,14079
6552,8400
6552,7080
6552,18105
6552,22438
6552,20277
6552,8819
6552,11732
6552,14623
6552,14199
6552,21211
6552,8828
6552,19877
6552,8629
6552,20682
6552,9930
6552,11128
6552,12704
6552,13294
6552,20245
6552,7600
6552,21120
6552,21764
6552,7015
6552,10783
6552,16898
6552,22208
6552,11834
6552,8067
6552,9807
6552,18856
6552,8932
6552,6926
6552,19660
6552,20441
6552,7362
6552,16857
6552,10007
6552,16960
6552,17535
6552,16139
6552,17598
6552,15814
6552,17909
6552,6677
6552,9572
6552,15926
6552,18974
6552,20214
6552,10017
6552,8993
6552,16618
6552,8773
6552,11199
6552,12450
6552,12490
6552,7926
6552,14815
6552,12143
6552,8874
6552,11005
6552,14451
6552,8508
6552,18714
6552,12461
6552,19415
6552,19448
6552,20566
6552,11953
6552,6802
6552,19776
6552,14680
6552,18903
6552,8392
6552,18085
6552,19000
6552,9988
6552,14439
6677,238
6677,613
6677,743
6677,1243
6677,1303
6677,1814
6677,2474
6677,3265
6677,3469
6677,4302
6677,4889
6677,6614
6677,11193
6677,19515
6677,12500
6677,12704
6677,9957
6677,20566
6677,14439
6677,8400
6677,7080
6677,8299
6677,20079
6677,7166
6677,14623
6677,21211
6677,9603
6677,18105
6677,11128
6677,20441
6677,13294
6677,21120
6677,7015
6677,10783
6677,17510
6677,18577
6677,6926
6677,16960
6677,21323
6677,10416
6677,8360
6677,18850
6677,21524
6677,9128
6677,22438
6677,15294
6677,16618
6677,8773
6677,8629
6677,14680
6677,12490
6677,8576
6677,8874
6677,18714
6677,8972
6677,12461
6677,12911
6677,19776
6677,19000
3469,402
3469,1078
3469,1243
3469,1814
3469,2242
3469,16960
3469,19515
3469,9160
3469,8120
3469,12143
3469,8400
3469,9957
3469,12911
3469,4889
3469,8360
3469,18974
3469,20566
3469,16794
3469,13790
3469,18105
3469,7080
3469,12490
3469,9128
3469,18577
3469,12500
3469,8773
3469,14199
3469,21211
3469,9603
3469,11193
3469,19877
3469,4909
3469,8629
3469,8191
3469,8874
3469,17455
3469,21120
3469,14623
3469,12461
3469,14451
3469,19776
3469,13294
3469,14680
3469,13735
3469,8972
18105,238
18105,522
18105,613
18105,1078
18105,1458
18105,1814
18105,2242
18105,2474
18105,3265
18105,4204
18105,4302
18105,5029
18105,15763
18105,6802
18105,6926
18105,7015
18105,7080
18105,7362
18105,7926
18105,7946
18105,8120
18105,14451
18105,8360
18105,8508
18105,8629
18105,8773
18105,8874
18105,8932
18105,8972
18105,9128
18105,9572
18105,10007
18105,9160
18105,10783
18105,11193
18105,11732
18105,11834
18105,12450
18105,12461
18105,12490
18105,12704
18105,8067
18105,13294
18105,14439
18105,21120
18105,14680
18105,14815
18105,8400
18105,10017
18105,16139
18105,21211
18105,16857
18105,16960
18105,17455
18105,17535
18105,17598
18105,19515
18105,11005
18105,18577
18105,20566
18105,18974
18105,22438
18105,20682
18105,20441
18105,20277
18105,18856
18105,19660
18105,17762
18105,20214
18105,21764
18105,18714
18105,19415
18105,19776
18105,18903
22438,522
22438,1078
22438,1303
22438,1458
22438,3669
22438,4943
22438,5029
22438,8065
22438,15763
22438,13213
22438,18467
22438,6357
22438,6802
22438,6926
22438,7080
22438,7600
22438,8120
22438,8793
22438,14451
22438,8360
22438,8629
22438,8828
22438,8932
22438,8993
22438,9988
22438,10007
22438,9160
22438,10783
22438,11003
22438,11128
22438,11199
22438,11548
22438,11834
22438,11953
22438,12143
22438,12450
22438,12461
22438,13294
22438,14199
22438,21120
22438,14815
22438,8400
22438,10017
22438,15926
22438,16090
22438,16139
22438,21211
22438,16960
22438,17455
22438,17598
22438,18665
22438,18714
22438,18974
22438,19877
22438,19954
22438,20245
22438,20295
22438,20566
22438,20744
22438,11005
22438,21417
22438,21764
21764,238
21764,522
21764,1078
21764,2242
21764,2474
21764,4302
21764,15763
21764,6802
21764,7015
21764,14451
21764,8773
21764,8932
21764,10007
21764,9160
21764,10783
21764,11193
21764,12461
21764,13294
21764,14439
21764,21120
21764,16139
21764,16960
21764,17455
21764,17598
21764,18577
21764,18856
21764,18903
21764,18974
21764,19415
21764,19660
21764,20214
21764,20441
21764,11005
1078,238
1078,304
1078,522
1078,741
1078,20245
1078,19515
1078,7817
1078,20277
1078,11541
1078,9160
1078,17455
1078,8120
1078,16857
1078,18665
1078,21468
1078,13213
1078,11548
1078,15763
1078,18577
1078,20295
1078,1573
1078,19877
1078,8819
1078,4204
1078,6802
1078,12450
1078,21211
1078,16960
1078,20682
1078,3669
1078,17535
1078,11128
1078,20441
1078,3265
1078,13294
1078,16794
1078,7600
1078,5443
1078,21120
1078,8773
1078,3722
1078,7015
1078,10783
1078,2474
1078,17598
1078,8067
1078,14815
1078,8932
1078,8972
1078,6926
1078,19660
1078,10007
1078,11834
1078,15814
1078,18974
1078,9572
1078,4943
1078,11199
1078,15926
1078,4669
1078,20214
1078,10017
1078,5029
1078,18856
1078,4302
1078,8508
1078,7926
1078,1458
1078,13854
1078,12143
1078,8874
1078,11005
1078,18714
1078,2242
1078,12461
1078,19415
1078,19448
1078,14451
1078,16139
1078,18085
1078,18903
1078,9988
1078,19954
1078,14439
1078,1814
16960,238
16960,522
16960,613
16960,741
16960,1243
16960,1458
16960,1573
16960,1814
16960,2065
16960,2242
16960,2474
16960,3265
16960,3287
16960,3669
16960,4204
16960,4284
16960,4302
16960,4534
16960,11978
16960,4909
16960,4943
16960,7663
16960,5029
16960,8065
16960,5081
16960,5208
16960,15763
16960,13213
16960,18467
16960,6357
16960,7909
16960,6802
16960,6926
16960,7015
16960,7080
16960,7166
16960,7362
16960,7600
16960,7817
16960,7926
16960,8120
16960,8153
16960,8793
16960,8299
16960,14451
16960,8360
16960,8392
16960,8508
16960,8773
16960,8819
16960,8828
16960,8874
16960,8932
16960,8972
16960,8993
16960,9128
16960,9572
16960,9603
16960,9930
16960,9988
16960,10007
16960,5443
16960,9160
16960,10783
16960,11128
16960,11193
16960,11199
16960,11541
16960,11548
16960,11732
16960,11834
16960,11953
16960,12143
16960,12450
16960,12461
16960,12500
16960,12704
16960,12911
16960,8067
16960,13294
16960,9957
16960,13735
16960,13790
16960,13854
16960,14199
16960,14411
16960,14439
16960,14623
16960,21120
16960,14652
16960,14815
16960,8400
16960,10017
16960,15814
16960,15926
16960,16090
16960,16139
16960,16223
16960,16330
16960,21211
16960,16618
16960,10416
16960,16794
16960,16857
16960,16898
16960,20983
16960,18974
16960,20682
16960,19448
16960,18577
16960,19128
16960,19660
16960,20214
16960,17535
16960,18085
16960,19000
16960,20744
16960,20245
16960,19515
16960,18665
16960,17510
16960,17455
16960,21468
16960,20295
16960,20566
16960,19877
16960,18850
16960,21417
16960,22208
16960,17598
16960,20277
16960,18856
16960,20441
16960,21183
16960,11005
16960,18714
16960,19415
16960,18903
16960,19954
12450,238
12450,522
12450,741
12450,2242
12450,2474
12450,3669
12450,15763
12450,6802
12450,7015
12450,8120
12450,8773
12450,10007
12450,9160
12450,11953
12450,17455
12450,18974
12450,18577
12450,18856
12450,20682
12450,20441
12450,11005
12450,13294
12450,16794
12450,21120
12450,12461
12450,17598
12450,8067
12450,14815
12450,18903
17540,709
17540,2059
17540,3828
17540,6040
17540,7362
17540,5033
17540,8001
17540,8220
17540,13541
17540,4159
17540,17540
17540,20165
17540,18195
17540,20308
15763,522
15763,741
15763,1458
15763,1573
15763,2242
15763,2474
15763,3265
15763,3669
15763,3722
15763,4204
15763,4302
15763,4943
15763,5029
15763,5081
15763,11193
15763,7817
15763,20277
15763,11541
15763,9160
15763,11005
15763,8120
15763,12143
15763,13213
15763,11548
15763,15926
15763,20295
15763,8819
15763,6802
15763,8482
15763,20682
15763,8508
15763,11128
15763,18665
15763,13294
15763,7600
15763,5443
15763,21120
15763,8773
15763,7015
15763,10783
15763,11834
15763,8067
15763,18856
15763,19128
15763,8932
15763,6926
15763,16857
15763,19660
15763,7362
15763,10007
15763,17598
15763,15814
15763,14411
15763,18974
15763,11199
15763,21183
15763,9128
15763,20214
15763,17535
15763,16618
15763,7926
15763,17455
15763,9572
15763,18714
15763,12461
15763,19415
15763,14451
15763,16139
15763,18085
15763,18903
15763,19000
15763,14439
8819,522
8819,3669
8819,4943
8819,6802
8819,8773
8819,19660
8819,20441
8819,12704
8819,18714
8819,12461
8819,17598
8819,18903
8819,19954
8874,238
8874,522
8874,613
8874,1243
8874,1458
8874,1573
8874,1814
8874,2474
8874,4534
8874,4909
8874,5029
8874,5208
8874,6802
8874,6926
8874,7015
8874,7080
8874,8120
8874,8299
8874,14451
8874,8360
8874,8392
8874,8629
8874,8773
8874,20744
8874,11193
8874,19515
8874,8400
8874,18850
8874,9160
8874,9957
8874,20566
8874,12500
8874,21211
8874,19877
8874,20441
8874,13294
8874,16794
8874,5443
8874,21120
8874,12911
8874,10783
8874,17598
8874,8972
8874,12143
8874,10007
8874,13735
8874,19776
8874,14079
8874,18577
8874,10017
8874,17535
8874,12704
8874,12490
8874,17455
8874,18714
8874,12461
8874,18974
8874,19448
8874,16139
8874,14680
8874,19000
13294,238
13294,511
13294,522
13294,613
13294,741
13294,743
13294,865
13294,1243
13294,1303
13294,1458
13294,1573
13294,4011
13294,1814
13294,2059
13294,2242
13294,2270
13294,2474
13294,2938
13294,3265
13294,3268
13294,3287
13294,3669
13294,3722
13294,4204
13294,4284
13294,4302
13294,4534
13294,11978
13294,4889
13294,4909
13294,4943
13294,7663
13294,5029
13294,8065
13294,5208
13294,13213
13294,10803
13294,6357
13294,7909
13294,6802
13294,12308
13294,6926
13294,7015
13294,7080
13294,7166
13294,7600
13294,8001
13294,8120
13294,8153
13294,8191
13294,8299
13294,14451
13294,8360
13294,8392
13294,8508
13294,8629
13294,12658
13294,8773
13294,8828
13294,8932
13294,8972
13294,8993
13294,9065
13294,9603
13294,9807
13294,9930
13294,9988
13294,10007
13294,5443
13294,9160
13294,10783
13294,11128
13294,11193
13294,11199
13294,11541
13294,11548
13294,11732
13294,11834
13294,11950
13294,11953
13294,12143
13294,12375
13294,12461
13294,12490
13294,12500
13294,12586
13294,12704
13294,12911
13294,13079
13294,13775
13294,14079
13294,14439
13294,18196
13294,13790
13294,20214
13294,16442
13294,14623
13294,16090
13294,20682
13294,19448
13294,8236
13294,18577
13294,21417
13294,18974
13294,15926
13294,14815
13294,10017
13294,17535
13294,16139
13294,18850
13294,14680
13294,17909
13294,20744
13294,13932
13294,19515
13294,18348
13294,20295
13294,20566
13294,20259
13294,8400
13294,13881
13294,21211
13294,18665
13294,21120
13294,22110
13294,14199
13294,19877
13294,17598
13294,20277
13294,18856
13294,20441
13294,16330
13294,18322
13294,16898
13294,19569
13294,13735
13294,20983
13294,13854
13294,16618
13294,17510
13294,16223
13294,16749
13294,15814
13294,17455
13294,18714
13294,19000
13294,19415
13294,17586
13294,19776
13294,18903
13294,17457
13294,19954
13294,9957
2242,238
2242,522
2242,701
2242,19660
2242,19515
2242,19877
2242,4302
2242,10007
2242,9160
2242,17455
2242,7362
2242,8120
2242,9572
2242,20308
2242,18974
2242,16794
2242,14439
2242,4943
2242,18856
2242,4204
2242,5029
2242,16618
2242,8773
2242,20682
2242,3669
2242,8508
2242,20441
2242,11005
2242,18714
2242,21120
2242,12461
2242,19415
2242,7015
2242,10783
2242,2474
2242,14451
2242,17598
2242,18577
2242,18903
2242,8932
2242,20245
2242,6802
9160,238
9160,522
9160,1303
9160,1458
9160,1573
9160,1814
9160,2474
9160,3265
9160,3722
9160,4204
9160,4302
9160,5029
9160,6802
9160,6926
9160,7015
9160,7600
9160,7926
9160,8120
9160,8482
9160,8508
9160,8629
9160,8773
9160,8932
9160,8972
9160,9128
9160,9572
9160,9930
9160,9988
9160,10007
9160,20744
9160,20277
9160,11541
9160,17455
9160,12143
9160,14623
9160,20682
9160,20441
9160,15049
9160,21120
9160,10783
9160,11834
9160,8067
9160,18577
9160,18856
9160,19660
9160,17598
9160,18974
9160,11199
9160,15926
9160,20214
9160,14815
9160,11005
9160,18714
9160,12461
9160,19415
9160,12911
9160,18085
9160,18903
9160,19000
9160,14439
21120,238
21120,369
21120,402
21120,511
21120,522
21120,613
21120,741
21120,743
21120,865
21120,1243
21120,1303
21120,1458
21120,1467
21120,1573
21120,4011
21120,1814
21120,2474
21120,2486
21120,2719
21120,2938
21120,3265
21120,3268
21120,3287
21120,3669
21120,3697
21120,3761
21120,3878
21120,4071
21120,4204
21120,4507
21120,4534
21120,4871
21120,4889
21120,4909
21120,4943
21120,7663
21120,5029
21120,5208
21120,13213
21120,10803
21120,5899
21120,6357
21120,6802
21120,6830
21120,6898
21120,12308
21120,6926
21120,7015
21120,7080
21120,7166
21120,7362
21120,7444
21120,7600
21120,7713
21120,8001
21120,8012
21120,8026
21120,8120
21120,8153
21120,8299
21120,14451
21120,8360
21120,8392
21120,8482
21120,8508
21120,12658
21120,8773
21120,8828
21120,8932
21120,8972
21120,8993
21120,9065
21120,9603
21120,9709
21120,9713
21120,9930
21120,10007
21120,5443
21120,5503
21120,10783
21120,11128
21120,11193
21120,11199
21120,11541
21120,11548
21120,11732
21120,11778
21120,11834
21120,11950
21120,11953
21120,4732
21120,12143
21120,12461
21120,12500
21120,12574
21120,12586
21120,13280
21120,12704
21120,12911
21120,13079
21120,8067
21120,9957
21120,13735
21120,6034
21120,13775
21120,13790
21120,13881
21120,13977
21120,14079
21120,14199
21120,14439
21120,14585
21120,14623
21120,22074
21120,20441
21120,15329
21120,18665
21120,17510
21120,18577
21120,21417
21120,20710
21120,18974
21120,17535
21120,17537
21120,17455
21120,16139
21120,20744
21120,18196
21120,16442
21120,21117
21120,17598
21120,18322
21120,18338
21120,16223
21120,19515
21120,11005
21120,18714
21120,19000
21120,19776
21120,18729
21120,15856
21120,20983
21120,8236
21120,16090
21120,19808
21120,19448
21120,15523
21120,18407
21120,19128
21120,21235
21120,18850
21120,20214
21120,10017
21120,21605
21120,6522
21120,16330
21120,20914
21120,20295
21120,19505
21120,10396
21120,20576
21120,20566
21120,20259
21120,19877
21120,19529
21120,21848
21120,20597
21120,19415
21120,22110
21120,20277
21120,18856
21120,21211
21120,19569
21120,16533
21120,14650
21120,22045
21120,16749
21120,17586
21120,18903
21120,17457
21120,19954
12461,238
12461,522
12461,741
12461,1243
12461,1303
12461,1458
12461,1573
12461,1814
12461,2474
12461,2938
12461,3265
12461,3669
12461,3722
12461,4204
12461,4302
12461,4534
12461,4909
12461,4943
12461,5029
12461,13213
12461,6802
12461,6926
12461,7015
12461,7080
12461,7600
12461,7817
12461,7926
12461,8120
12461,8299
12461,14451
12461,8360
12461,8508
12461,8629
12461,8773
12461,8828
12461,8932
12461,8972
12461,8993
12461,9128
12461,9572
12461,9603
12461,9988
12461,10007
12461,5443
12461,10783
12461,11128
12461,11193
12461,11199
12461,11541
12461,11548
12461,11834
12461,12143
12461,9957
12461,13790
12461,20214
12461,14623
12461,19877
12461,16618
12461,8067
12461,18577
12461,19660
12461,18974
12461,15926
12461,14815
12461,10017
12461,17535
12461,12704
12461,13854
12461,18850
12461,14680
12461,18085
12461,19000
12461,14439
12461,20744
12461,19515
12461,12500
12461,17455
12461,16857
12461,20295
12461,20566
12461,8400
12461,14199
12461,10416
12461,21211
12461,20277
12461,17598
12461,18856
12461,20441
12461,15814
12461,21183
12461,14079
12461,12490
12461,20682
12461,11005
12461,14411
12461,18714
12461,19415
12461,12911
12461,19776
12461,18903
18974,522
18974,613
18974,1458
18974,1814
18974,2474
18974,3669
18974,4204
18974,4302
18974,8065
18974,6802
18974,6926
18974,7015
18974,7362
18974,8120
18974,8360
18974,8508
18974,8629
18974,8773
18974,8932
18974,9572
18974,10007
18974,10783
18974,11193
18974,11834
18974,12143
18974,12500
18974,12911
18974,8067
18974,14680
18974,14815
18974,17455
18974,17598
18974,18348
18974,18577
18974,18714
18974,18856
18974,20441
18974,19515
18974,20214
18974,20277
18974,20682
18974,11005
18974,19000
18974,20566
18974,22208
7015,238
7015,1243
7015,1458
7015,1573
7015,1814
7015,2474
7015,3265
7015,3287
7015,4204
7015,4534
7015,4889
7015,4909
7015,5029
7015,13213
7015,6926
7015,11193
7015,8828
7015,19515
7015,8400
7015,20441
7015,17455
7015,8120
7015,12143
7015,11548
7015,20566
7015,12500
7015,7080
7015,8299
7015,14199
7015,21211
7015,13790
7015,19877
7015,8629
7015,12704
7015,5443
7015,10783
7015,14439
7015,17510
7015,11834
7015,18856
7015,8972
7015,9603
7015,10007
7015,9957
7015,21417
7015,16139
7015,17598
7015,18577
7015,10017
7015,17535
7015,16223
7015,16749
7015,11005
7015,17909
7015,19415
7015,19448
7015,11953
7015,19776
7015,18850
7015,14680
7015,18903
7015,8392
7015,19000
10783,238
10783,522
10783,613
10783,741
10783,1303
10783,1458
10783,1573
10783,2474
10783,3287
10783,3669
10783,4204
10783,4534
10783,4889
10783,4909
10783,4943
10783,5029
10783,8065
10783,5208
10783,13213
10783,10803
10783,5899
10783,18467
10783,6357
10783,6802
10783,12308
10783,6926
10783,7600
10783,8120
10783,8299
10783,14451
10783,8360
10783,8392
10783,8482
10783,8508
10783,8773
10783,8828
10783,8932
10783,8972
10783,8993
10783,9065
10783,9603
10783,9930
10783,10007
10783,5443
10783,11193
10783,20277
10783,11541
10783,13079
10783,9957
10783,13790
10783,11732
10783,14623
10783,16090
10783,18577
10783,19128
10783,10416
10783,21417
10783,20708
10783,12586
10783,11834
10783,11199
10783,10017
10783,17535
10783,12704
10783,16139
10783,19177
10783,19000
10783,20744
10783,20245
10783,19515
10783,12500
10783,17455
10783,12143
10783,13881
10783,20295
10783,20566
10783,20259
10783,19877
10783,14199
10783,21211
10783,18155
10783,17586
10783,19569
10783,18850
10783,18665
10783,17598
10783,18856
10783,20441
10783,13735
10783,8400
10783,15814
10783,14079
10783,18903
10783,17510
10783,16223
10783,16749
10783,18714
10783,17909
10783,12911
10783,19448
10783,19776
10783,19954
6802,238
6802,522
6802,741
6802,1458
6802,2474
6802,3669
6802,4204
6802,4302
6802,5029
6802,19660
6802,20441
6802,10007
6802,17455
6802,8120
6802,12143
6802,18577
6802,14439
6802,9807
6802,11199
6802,10017
6802,20214
6802,16618
6802,11834
6802,14815
6802,7926
6802,20682
6802,8508
6802,5443
6802,11128
6802,20277
6802,11005
6802,18856
6802,9572
6802,18714
6802,8773
6802,19415
6802,14451
6802,16139
6802,17598
6802,8067
6802,18085
6802,18903
6802,8932
6802,17535
6802,16857
11734,2781
11734,3971
11734,7293
11734,17881
11734,21339
11734,18376
17598,238
17598,522
17598,1458
17598,1573
17598,2474
17598,3265
17598,4204
17598,4302
17598,4943
17598,5029
17598,6926
17598,7080
17598,7926
17598,8120
17598,14451
17598,8360
17598,8508
17598,8629
17598,8773
17598,8932
17598,9128
17598,10007
17598,11128
17598,11193
17598,11548
17598,11834
17598,12490
17598,12704
17598,8067
17598,14181
17598,14411
17598,14439
17598,14680
17598,14815
17598,8400
17598,10017
17598,16139
17598,21211
17598,16618
17598,17455
17598,17535
17598,11005
17598,18577
17598,20295
17598,20566
17598,20682
17598,18665
17598,20277
17598,18856
17598,19660
17598,20441
17598,20214
17598,18714
17598,19415
17598,19776
17598,18903
17598,19000
18577,238
18577,522
18577,1458
18577,1573
18577,1814
18577,2474
18577,4204
18577,4302
18577,7926
18577,8120
18577,8220
18577,8932
18577,8972
18577,9128
18577,10007
18577,2512
18577,11834
18577,11953
18577,12911
18577,9957
18577,13932
18577,14439
18577,14815
18577,8400
18577,15814
18577,17455
18577,17535
18577,17656
18577,18909
18577,19515
18577,20441
18577,20566
18577,19877
18577,20682
18577,20277
18577,19660
18577,18856
18577,11005
18577,18714
18577,19415
18577,19776
18577,18903
18856,238
18856,522
18856,613
18856,741
18856,1573
18856,1814
18856,2474
18856,3265
18856,3669
18856,4204
18856,4302
18856,6926
18856,7166
18856,7362
18856,7926
18856,8120
18856,8299
18856,14451
18856,8773
18856,8932
18856,9572
18856,10007
18856,5443
18856,11128
18856,11953
18856,12500
18856,12911
18856,8067
18856,14439
18856,10017
18856,16139
18856,16618
18856,16868
18856,17455
18856,17535
18856,18714
18856,19515
18856,21468
18856,20441
18856,19660
18856,19415
18856,18903
18856,19000
8932,238
8932,522
8932,1573
8932,3265
8932,4204
8932,4302
8932,10803
8932,6040
8932,8120
8932,14451
8932,8773
8932,20744
8932,19660
8932,20245
8932,20277
8932,16533
8932,17455
8932,20713
8932,19877
8932,11199
8932,14815
8932,10017
8932,17535
8932,10007
8932,11005
8932,18714
8932,19415
8932,18903
8932,9988
522,238
522,20245
522,7817
522,4302
522,18665
522,11541
522,17455
522,11953
522,8120
522,16857
522,7663
522,21468
522,13213
522,11548
522,20295
522,1573
522,20277
522,4204
522,11732
522,14623
522,20682
522,3669
522,8508
522,5029
522,11128
522,20441
522,3265
522,16794
522,7600
522,5443
522,8773
522,3722
522,2474
522,8065
522,11834
522,8067
522,9807
522,14815
522,6926
522,12143
522,19660
522,10007
522,18467
522,15814
522,14411
522,7909
522,4943
522,741
522,11199
522,2938
522,21183
522,4669
522,9128
522,20214
522,10017
522,15926
522,17535
522,7926
522,1458
522,11005
522,9572
522,18714
522,19415
522,14451
522,16139
522,18085
522,18903
522,19000
522,19954
522,14439
522,9988
187,18155
18155,257
18155,304
18155,402
18155,720
18155,743
18155,842
18155,865
18155,875
18155,955
18155,1132
18155,1350
18155,1548
18155,1612
18155,1727
18155,1814
18155,2393
18155,2505
18155,2515
18155,2586
18155,2741
18155,2827
18155,2840
18155,3120
18155,3601
18155,3833
18155,3974
18155,4050
18155,4284
18155,4380
18155,4390
18155,4445
18155,4534
18155,8219
18155,4696
18155,4730
18155,11978
18155,4909
18155,4966
18155,4978
18155,5377
18155,5430
18155,10803
18155,5535
18155,5546
18155,5547
18155,5700
18155,5747
18155,5899
18155,5906
18155,6020
18155,6253
18155,6303
18155,6357
18155,6675
18155,6738
18155,6818
18155,12308
18155,7313
18155,7444
18155,11217
18155,7542
18155,12552
18155,7802
18155,20542
18155,8026
18155,8064
18155,8153
18155,8247
18155,8271
18155,8348
18155,8392
18155,8625
18155,7357
18155,12651
18155,8764
18155,8901
18155,8993
18155,9189
18155,9253
18155,9523
18155,9603
18155,9653
18155,9709
18155,9764
18155,9973
18155,10049
18155,10116
18155,10117
18155,16595
18155,17453
18155,10408
18155,10453
18155,10513
18155,5479
18155,10634
18155,10880
18155,11139
18155,11149
18155,11178
18155,11444
18155,11487
18155,11709
18155,11710
18155,11770
18155,4360
18155,4732
18155,11998
18155,12032
18155,12161
18155,12248
18155,12286
18155,12586
18155,13280
18155,12831
18155,14668
18155,13004
18155,13267
18155,9670
18155,13527
18155,13626
18155,13866
18155,13881
18155,13932
18155,14089
18155,14168
18155,14361
18155,14364
18155,14650
18155,14795
18155,14799
18155,14803
18155,14862
18155,14950
18155,15049
18155,6277
18155,15294
18155,15329
18155,15856
18155,15899
18155,6224
18155,16022
18155,16224
18155,16308
18155,16330
18155,16533
18155,16749
18155,16766
18155,16831
18155,16956
18155,16969
18155,17106
18155,17223
18155,14107
18155,17328
18155,17457
18155,17480
18155,7948
18155,10396
18155,17685
18155,17870
18155,17909
18155,17987
18155,18080
18155,21812
18155,18198
18155,22074
18155,19806
18155,21204
18155,19808
18155,20009
18155,21578
18155,21041
18155,21921
18155,18220
18155,22239
18155,19830
18155,17762
18155,19576
18155,21239
18155,20710
18155,18318
18155,22140
18155,21605
18155,21611
18155,19853
18155,19707
18155,22352
18155,20259
18155,21848
18155,20597
18155,22187
18155,20095
18155,18912
18155,22407
18155,19542
18155,21678
18155,18860
18155,20187
18155,18322
18155,19386
18155,18327
18155,20708
18155,18696
18155,20983
18155,21417
18155,19402
18155,19578
18155,21446
18155,14413
18155,19769
18155,19001
3638,3070
3638,22065
3638,8292
3638,15851
14471,369
14471,1127
14471,1267
14471,1542
14471,2159
14471,16427
14471,3070
14471,3160
14471,3343
14471,3364
14471,3951
14471,6402
14471,6555
14471,7670
14471,8351
14471,7357
14471,8893
14471,9209
14471,9363
14471,9562
14471,10198
14471,10258
14471,5503
14471,11161
14471,11585
14471,3513
14471,11849
14471,11897
14471,11946
14471,12879
14471,9645
14471,22100
14471,9678
14471,13505
14471,14322
14471,15523
14471,15950
14471,16938
14471,17308
14471,17570
14471,18370
14471,21907
14471,21491
14471,19653
14471,18773
15851,16427
15851,3070
15851,3762
15851,4818
15851,7585
15851,8292
15851,10995
15851,12783
15851,21491
15851,22065
15851,18338
15851,21684
15851,22110
10198,369
10198,600
10198,4011
10198,2161
10198,7222
10198,4191
10198,2827
10198,3160
10198,3246
10198,3268
10198,3395
10198,4284
10198,4380
10198,4687
10198,7663
10198,5546
10198,3912
10198,7357
10198,8720
10198,8825
10198,8993
10198,9554
10198,10814
10198,16436
10198,21375
10198,10129
10198,20811
10198,16868
10198,16442
10198,19402
10198,15475
10198,17495
10198,14585
10198,11585
10198,13626
10198,16330
10198,17715
10198,17671
10198,20597
10198,19776
10198,10880
10198,19653
10198,19177
10198,19001
21937,2586
21937,3395
21937,5906
21937,22149
8292,2159
8292,2825
8292,3458
8292,3878
8292,6555
8292,7860
8292,10814
8292,17495
8292,12783
8292,16226
8292,22100
8292,20797
8292,21491
8292,12116
8292,10129
8292,22065
8292,17439
7990,2159
7990,3160
7990,5962
7990,10258
7990,3912
7990,12783
7990,15523
7990,17214
7990,15878
7990,15928
22100,230
22100,412
22100,528
22100,583
22100,600
22100,1127
22100,1267
22100,1903
22100,1953
22100,2044
22100,2159
22100,2278
22100,2315
22100,2471
22100,2671
22100,7222
22100,16427
22100,2825
22100,3070
22100,3160
22100,3364
22100,3395
22100,3458
22100,3878
22100,4053
22100,4720
22100,4818
22100,5586
22100,5699
22100,5821
22100,5962
22100,6018
22100,6402
22100,7549
22100,7566
22100,7670
22100,7822
22100,7860
22100,8045
22100,8271
22100,8351
22100,8486
22100,8893
22100,9209
22100,9222
22100,9363
22100,9006
22100,5289
22100,9554
22100,9562
22100,10258
22100,5503
22100,9394
22100,10814
22100,10968
22100,10995
22100,6641
22100,11585
22100,3513
22100,11849
22100,11897
22100,7111
22100,11946
22100,12116
22100,12783
22100,12873
22100,12879
22100,13005
22100,13178
22100,13193
22100,9645
22100,14770
22100,20745
22100,16938
22100,21012
22100,9678
22100,17214
22100,16952
22100,17308
22100,14350
22100,16436
22100,17439
22100,10577
22100,15878
22100,17495
22100,19982
22100,21907
22100,20857
22100,19539
22100,22404
22100,14633
22100,15607
22100,16086
22100,21491
22100,17671
22100,22414
22100,18773
22100,15475
22100,20797
22100,20200
22100,15912
22100,21684
22100,16639
22100,13505
22100,10129
22100,20811
22100,18338
22100,14585
22100,19653
22100,19003
22100,16111
22100,18188
22100,22024
22100,19891
22100,16805
22100,15950
22100,13866
22100,16403
22100,18888
22100,18181
22100,22110
20797,16427
20797,3070
20797,3395
20797,3878
20797,7357
20797,9363
20797,9678
20797,17671
20797,19539
20797,21491
7860,369
7860,600
7860,2159
7860,2471
7860,16427
7860,3070
7860,3160
7860,3395
7860,3434
7860,3878
7860,4767
7860,4818
7860,19862
7860,7670
7860,7822
7860,13866
7860,9678
7860,18422
7860,10258
7860,9554
7860,17214
7860,16639
7860,11585
7860,20745
7860,9562
7860,8893
7860,17437
7860,8993
7860,9973
7860,14350
7860,8351
7860,10995
7860,17495
7860,21491
7860,12783
7860,9222
7860,5289
7860,8045
7860,19891
7860,19942
7860,17671
7860,7357
7860,22110
7860,18355
7860,19653
7860,22024
7860,15878
7860,9363
7860,18181
7860,19001
369,14770
369,5503
369,3364
369,2278
369,9678
369,8893
369,20013
369,21721
369,11849
369,17214
369,16639
369,8486
369,20308
369,10129
369,3070
369,16111
369,9645
369,6018
369,21684
369,2825
369,20811
369,7111
369,7166
369,4720
369,8045
369,10577
369,10814
369,6555
369,19891
369,12783
369,9222
369,2159
369,12116
369,22404
369,5257
369,12873
369,16427
369,7549
369,11946
369,21491
369,10968
369,22110
369,9554
369,4053
369,13505
369,19653
369,18773
369,7670
369,18888
369,8351
369,13005
369,20857
13866,230
13866,600
13866,1127
13866,4011
13866,2161
13866,2278
13866,16427
13866,2825
13866,3070
13866,3160
13866,3363
13866,3878
13866,3951
13866,4767
13866,4818
13866,10596
13866,5821
13866,7549
13866,7822
13866,8045
13866,8271
13866,8351
13866,7357
13866,8893
13866,9222
13866,9363
13866,9554
13866,10060
13866,10258
13866,5503
13866,10814
13866,10995
13866,11585
13866,11946
13866,12116
13866,12783
13866,9645
13866,17495
13866,16786
13866,15912
13866,10129
13866,16111
13866,17437
13866,16436
13866,18338
13866,17439
13866,19930
13866,16226
13866,14585
13866,21907
13866,19177
13866,15523
13866,16086
13866,21491
13866,22110
13866,18355
13866,19539
13866,19653
13866,16403
13866,22404
13866,15475
13866,16805
9554,230
9554,494
9554,1127
9554,2159
9554,2278
9554,2471
9554,2505
9554,16427
9554,2825
9554,3070
9554,3434
9554,3458
9554,3761
9554,3878
9554,3951
9554,4687
9554,4718
9554,4720
9554,4767
9554,4818
9554,7663
9554,5699
9554,5821
9554,5962
9554,6555
9554,7448
9554,7549
9554,7670
9554,7767
9554,7822
9554,7896
9554,8351
9554,8486
9554,7357
9554,8893
9554,9222
9554,9363
9554,14770
9554,20745
9554,21012
9554,9678
9554,5503
9554,17214
9554,17439
9554,17308
9554,19003
9554,19877
9554,11946
9554,10577
9554,21672
9554,17495
9554,19385
9554,19982
9554,21041
9554,12783
9554,21907
9554,19539
9554,15523
9554,14633
9554,21491
9554,17671
9554,22110
9554,19379
9554,10995
9554,13917
9554,20200
9554,20013
9554,11849
9554,16639
9554,11585
9554,10129
9554,9645
9554,3513
9554,21684
9554,20811
9554,18338
9554,19653
9554,15928
9554,10814
9554,17437
9554,14585
9554,14322
9554,16226
9554,12116
9554,15127
9554,20308
9554,11003
9554,11370
9554,16805
9554,13505
9554,13005
9554,15475
9554,19000
9554,9394
9554,18181
7663,308
7663,402
7663,632
7663,865
7663,1613
7663,1727
7663,2271
7663,2794
7663,4191
7663,2827
7663,3070
7663,3131
7663,3160
7663,3246
7663,3268
7663,3289
7663,3687
7663,4284
7663,14770
7663,8026
7663,7362
7663,21012
7663,17480
7663,16948
7663,21375
7663,19973
7663,20506
7663,7166
7663,9973
7663,17656
7663,15523
7663,14803
7663,16794
7663,21915
7663,10880
7663,19128
7663,12419
7663,15899
7663,19830
7663,17762
7663,20013
7663,12574
7663,11585
7663,10129
7663,21605
7663,9709
7663,12658
7663,3912
7663,17453
7663,16330
7663,15049
7663,8012
7663,19177
7663,11444
7663,5503
7663,18092
7663,11348
7663,9678
7663,13178
7663,17214
7663,9656
7663,16336
7663,19877
7663,8720
7663,8993
7663,12308
7663,16868
7663,7272
7663,8825
7663,16442
7663,19386
7663,18850
7663,14902
7663,9338
7663,16831
7663,18314
7663,5546
7663,5363
7663,16533
7663,19576
7663,10803
7663,8893
7663,8860
7663,15294
7663,19402
7663,15475
7663,14652
7663,17715
7663,14585
7663,10117
7663,13932
7663,18171
7663,8191
7663,19776
7663,12375
7663,19001
362,17495
362,21491
362,5895
362,21907
362,15127
362,4871
362,16086
362,4687
362,7549
362,20857
362,8351
16427,230
16427,412
16427,528
16427,583
16427,600
16427,1127
16427,1267
16427,1542
16427,1903
16427,1953
16427,2044
16427,2159
16427,2278
16427,2315
16427,2471
16427,2671
16427,7222
16427,14770
16427,16938
16427,5586
16427,9678
16427,6018
16427,5503
16427,5135
16427,21721
16427,13178
16427,17214
16427,21012
16427,5699
16427,16952
16427,17308
16427,7494
16427,19003
16427,7670
16427,3363
16427,11946
16427,16436
16427,3160
16427,17439
16427,10577
16427,4720
16427,8045
16427,8351
16427,15878
16427,17495
16427,7566
16427,6257
16427,8271
16427,12783
16427,5962
16427,6315
16427,16441
16427,16081
16427,3434
16427,19539
16427,22404
16427,6402
16427,11897
16427,14633
16427,12873
16427,16086
16427,3878
16427,4818
16427,21491
16427,17669
16427,17671
16427,12879
16427,7357
16427,22110
16427,4053
16427,22414
16427,18773
16427,6641
16427,2825
16427,15928
16427,9363
16427,20013
16427,11321
16427,13917
16427,2734
16427,22218
16427,3364
16427,20200
16427,5094
16427,15912
16427,8576
16427,11849
16427,16639
16427,8486
16427,5824
16427,12810
16427,11585
16427,18188
16427,19982
16427,5821
16427,9394
16427,9562
16427,8893
16427,3513
16427,20811
16427,7111
16427,18338
16427,19653
16427,7822
16427,18878
16427,18607
16427,15475
16427,10814
16427,21907
16427,16111
16427,14585
16427,9222
16427,12116
16427,10995
16427,20857
16427,22024
16427,5702
16427,7549
16427,10968
16427,9645
16427,19891
16427,3395
16427,2768
16427,16805
16427,3070
16427,15950
16427,19776
16427,13505
16427,9209
16427,16403
16427,18888
16427,5048
16427,18224
16427,13005
16427,18181
16086,334
16086,2825
16086,3070
16086,3878
16086,8271
16086,8348
16086,8351
16086,8893
16086,9363
16086,9562
16086,11585
16086,12116
16086,12783
16086,13005
16086,13499
16086,15878
16086,15928
16086,16938
16086,21491
16086,17214
16086,19891
16086,17669
16086,21375
16086,10129
16086,16336
16086,22110
16086,22323
16086,22352
3395,2471
3395,7222
3395,3070
3395,3160
3395,17495
3395,10995
3395,3912
3395,9222
3395,16226
3395,16081
3395,22149
3395,22404
3395,10968
3395,8351
3395,21491
3395,11585
3395,12783
3395,10129
3395,22110
3395,9363
3395,7357
3395,22414
3395,3762
3395,6555
3395,4720
3395,17671
3395,7585
3395,15878
5821,230
5821,3070
5821,3160
5821,3878
5821,4053
5821,4687
5821,4818
5821,5767
5821,16938
5821,13917
5821,21491
5821,17214
5821,8351
5821,15928
5821,20013
5821,10129
5821,16336
5821,7670
5821,9562
5821,8893
5821,12018
5821,8045
5821,16285
5821,7822
5821,10995
5821,18338
5821,8271
5821,12783
5821,19891
5821,22110
5821,16805
5821,7357
5821,15475
5821,22024
5821,15878
5821,9363
3246,865
3246,2271
3246,2719
3246,4191
3246,2827
3246,3160
3246,5503
3246,14181
3246,19386
3246,17480
3246,4284
3246,8576
3246,21375
3246,18092
3246,8720
3246,8993
3246,8825
3246,7166
3246,5700
3246,16442
3246,17656
3246,22239
3246,15475
3246,3912
3246,16868
3246,10117
3246,14364
3246,13932
3246,16618
3246,13626
3246,16330
3246,3268
3246,4869
3246,19177
3246,10880
3246,12375
3246,22024
3246,5546
3246,19001
21491,230
21491,322
21491,334
21491,412
21491,442
21491,494
21491,528
21491,3220
21491,583
21491,600
21491,632
21491,1127
21491,1267
21491,1542
21491,8804
21491,1903
21491,1953
21491,2044
21491,2118
21491,2159
21491,2161
21491,2278
21491,2315
21491,2471
21491,2671
21491,7222
21491,2734
21491,2768
21491,2825
21491,3070
21491,3171
21491,3363
21491,3434
21491,3762
21491,4053
21491,4530
21491,19442
21491,4720
21491,4818
21491,5048
21491,5094
21491,5586
21491,5699
21491,5702
21491,5824
21491,5962
21491,6018
21491,6315
21491,6402
21491,6555
21491,19862
21491,6650
21491,7359
21491,7448
21491,7549
21491,7566
21491,7670
21491,7822
21491,8045
21491,3912
21491,8271
21491,8351
21491,8486
21491,7357
21491,8893
21491,8928
21491,9209
21491,9222
21491,9363
21491,5289
21491,9562
21491,9629
21491,9719
21491,10258
21491,5503
21491,19385
21491,9394
21491,10814
21491,10929
21491,10968
21491,10995
21491,11321
21491,6641
21491,11585
21491,3513
21491,11849
21491,4160
21491,11897
21491,7111
21491,11946
21491,12042
21491,12116
21491,12783
21491,12810
21491,12873
21491,12879
21491,13005
21491,13148
21491,13178
21491,13193
21491,9645
21491,9678
21491,13499
21491,13505
21491,13528
21491,13666
21491,13917
21491,14021
21491,14322
21491,14350
21491,14585
21491,14633
21491,14770
21491,15127
21491,15363
21491,15475
21491,15619
21491,15778
21491,15829
21491,15878
21491,15912
21491,15928
21491,15950
21491,16081
21491,16111
21491,16226
21491,16350
21491,16407
21491,16436
21491,16441
21491,16639
21491,16805
21491,16938
21491,16952
21491,17027
21491,17052
21491,17214
21491,17308
21491,17437
21491,17439
21491,17495
21491,16403
21491,17671
21491,18176
21491,18181
21491,18338
21491,18355
21491,18422
21491,18607
21491,18773
21491,10577
21491,18888
21491,19003
21491,19539
21491,18188
21491,21962
21491,19661
21491,19891
21491,19930
21491,19982
21491,20013
21491,20200
21491,10129
21491,20811
21491,20980
21491,21012
21491,21017
21491,21352
21491,21721
21491,21907
21491,20857
21491,22323
21491,22404
21491,22110
21491,22414
21491,22024
21491,21672
21491,22218
21491,21684
21491,22065
21907,412
21907,494
21907,1542
21907,4011
21907,2278
21907,7222
21907,3070
21907,3160
21907,3171
21907,3364
21907,3434
21907,3878
21907,4596
21907,4720
21907,4818
21907,6018
21907,7566
21907,7670
21907,7767
21907,7822
21907,8271
21907,8351
21907,7357
21907,8893
21907,9209
21907,9363
21907,5289
21907,10060
21907,5503
21907,9394
21907,10814
21907,11585
21907,12783
21907,13005
21907,9645
21907,13505
21907,14322
21907,15475
21907,15619
21907,15878
21907,16081
21907,16226
21907,16805
21907,17214
21907,17495
21907,17669
21907,18338
21907,18888
21907,19539
21907,19653
21907,10129
21907,20811
21907,21684
21907,20857
21907,22110
3070,230
3070,322
3070,334
3070,412
3070,442
3070,528
3070,3220
3070,583
3070,600
3070,1127
3070,1267
3070,1542
3070,8804
3070,1903
3070,1953
3070,2044
3070,2118
3070,2159
3070,2278
3070,2315
3070,2471
3070,2671
3070,7222
3070,2734
3070,2768
3070,2789
3070,2825
3070,14770
3070,16938
3070,5586
3070,14633
3070,16111
3070,10596
3070,6018
3070,19003
3070,21721
3070,21017
3070,21012
3070,16952
3070,17308
3070,7494
3070,7670
3070,16436
3070,3160
3070,20811
3070,16441
3070,4720
3070,8045
3070,19442
3070,15878
3070,3343
3070,19385
3070,19982
3070,5962
3070,6315
3070,16081
3070,17849
3070,8893
3070,6650
3070,15523
3070,11897
3070,5257
3070,5503
3070,3878
3070,18370
3070,8928
3070,17669
3070,17671
3070,4053
3070,19653
3070,18773
3070,15475
3070,16805
3070,7359
3070,19661
3070,22323
3070,3363
3070,3364
3070,9629
3070,18422
3070,20200
3070,5094
3070,20013
3070,15912
3070,8576
3070,16639
3070,5824
3070,12810
3070,11585
3070,9645
3070,3513
3070,7111
3070,13148
3070,21962
3070,13666
3070,14322
3070,12116
3070,14021
3070,6641
3070,21078
3070,17185
3070,7549
3070,7896
3070,10968
3070,8271
3070,13499
3070,9363
3070,15950
3070,13505
3070,9209
3070,3761
3070,3762
3070,18188
3070,10929
3070,18224
3070,13005
3070,15829
3070,7566
3070,9678
3070,13178
3070,17214
3070,3951
3070,16350
3070,7767
3070,5699
3070,13528
3070,17052
3070,5702
3070,17439
3070,10577
3070,15778
3070,6257
3070,16407
3070,21056
3070,10258
3070,9006
3070,19539
3070,22404
3070,6402
3070,17495
3070,12873
3070,4818
3070,22110
3070,12879
3070,7357
3070,22414
3070,15619
3070,19379
3070,22024
3070,21672
3070,8475
3070,11321
3070,13917
3070,22218
3070,3458
3070,9719
3070,11849
3070,21684
3070,8486
3070,11946
3070,17027
3070,13193
3070,7448
3070,9562
3070,17437
3070,11161
3070,18338
3070,5253
3070,7822
3070,18878
3070,19930
3070,10995
3070,10814
3070,9394
3070,17715
3070,14585
3070,9222
3070,20857
3070,19862
3070,21352
3070,19891
3070,18176
3070,12042
3070,3434
3070,19776
3070,22065
3070,4160
3070,4530
3070,16403
3070,18888
3070,5289
3070,18181
3070,8351
9363,230
9363,412
9363,494
9363,528
9363,583
9363,600
9363,1127
9363,1267
9363,1542
9363,1903
9363,1953
9363,2044
9363,2159
9363,2161
9363,2278
9363,2315
9363,2471
9363,2671
9363,7222
9363,2825
9363,3160
9363,3364
9363,3434
9363,3458
9363,4053
9363,4596
9363,4720
9363,4818
9363,5586
9363,5699
9363,5702
9363,5767
9363,6018
9363,6402
9363,19862
9363,7549
9363,7566
9363,7670
9363,7767
9363,7822
9363,8045
9363,8271
9363,8351
9363,8486
9363,7357
9363,8893
9363,9222
9363,14770
9363,21012
9363,9678
9363,10258
9363,5503
9363,21721
9363,11946
9363,13178
9363,17214
9363,15878
9363,17308
9363,19003
9363,14350
9363,16436
9363,17439
9363,14322
9363,10577
9363,12042
9363,17495
9363,12783
9363,16081
9363,19539
9363,12873
9363,6812
9363,16285
9363,17669
9363,17671
9363,12879
9363,22110
9363,22414
9363,15619
9363,18773
9363,6641
9363,14633
9363,15475
9363,16805
9363,16938
9363,18422
9363,19891
9363,15912
9363,21684
9363,16639
9363,20013
9363,11585
9363,10129
9363,13193
9363,9562
9363,9645
9363,12018
9363,20811
9363,7111
9363,18338
9363,14585
9363,19653
9363,3513
9363,15928
9363,10814
9363,16111
9363,17437
9363,18188
9363,11849
9363,16226
9363,12116
9363,10995
9363,20857
9363,22404
9363,15950
9363,13505
9363,4160
9363,16403
9363,18888
9363,18181
9363,10968
7357,230
7357,412
7357,528
7357,583
7357,600
7357,4183
7357,1127
7357,1267
7357,1350
7357,1542
7357,1903
7357,1953
7357,2044
7357,2159
7357,2161
7357,2278
7357,2315
7357,2471
7357,2671
7357,7222
7357,2719
7357,2734
7357,2825
7357,3160
7357,3364
7357,3434
7357,3458
7357,3878
7357,3951
7357,4053
7357,4445
7357,4687
7357,4718
7357,4720
7357,4818
7357,5094
7357,5439
7357,5586
7357,5699
7357,5767
7357,5962
7357,6018
7357,6402
7357,7549
7357,7566
7357,7670
7357,7767
7357,7822
7357,20542
7357,8045
7357,8271
7357,8351
7357,8486
7357,14770
7357,16938
7357,21012
7357,6812
7357,19003
7357,9645
7357,21721
7357,3513
7357,8901
7357,12018
7357,17308
7357,16436
7357,18198
7357,17439
7357,15878
7357,17495
7357,19982
7357,12783
7357,20857
7357,4360
7357,11897
7357,14633
7357,5503
7357,16285
7357,17669
7357,17671
7357,21921
7357,12879
7357,18773
7357,15475
7357,16805
7357,18188
7357,18422
7357,17986
7357,20200
7357,20013
7357,15912
7357,16639
7357,17685
7357,14650
7357,11585
7357,10129
7357,9394
7357,7111
7357,19653
7357,15928
7357,16226
7357,14322
7357,12116
7357,21078
7357,14168
7357,15950
7357,13505
7357,9209
7357,9563
7357,10396
7357,9678
7357,13178
7357,17214
7357,17570
7357,14350
7357,10577
7357,9523
7357,17110
7357,22404
7357,12873
7357,22110
7357,22414
7357,12042
7357,19379
7357,6641
7357,11849
7357,11149
7357,11946
7357,12286
7357,13193
7357,9562
7357,8893
7357,17437
7357,21684
7357,16786
7357,20811
7357,18338
7357,10995
7357,10814
7357,16111
7357,14585
7357,9222
7357,15127
7357,19891
7357,10968
7357,13005
7357,19539
7357,16403
7357,18181
22110,230
22110,412
22110,528
22110,600
22110,632
22110,1127
22110,1542
22110,1903
22110,1953
22110,2044
22110,2159
22110,2161
22110,2278
22110,2471
22110,2671
22110,7222
22110,2734
22110,2768
22110,2825
22110,3364
22110,3434
22110,4053
22110,4720
22110,4818
22110,5048
22110,5094
22110,5586
22110,5699
22110,5702
22110,5824
22110,5889
22110,5962
22110,6018
22110,6315
22110,6402
22110,7166
22110,7494
22110,7549
22110,7822
22110,8271
22110,8351
22110,8486
22110,5135
22110,8893
22110,9209
22110,9222
22110,5289
22110,9562
22110,9394
22110,10814
22110,10968
22110,10995
22110,11321
22110,11585
22110,11849
22110,11897
22110,7111
22110,11946
22110,12116
22110,12810
22110,12873
22110,12879
22110,13005
22110,13178
22110,13193
22110,13505
22110,13917
22110,14585
22110,14770
22110,15475
22110,15593
22110,15607
22110,15912
22110,15928
22110,15950
22110,16081
22110,16111
22110,16226
22110,16436
22110,16441
22110,16639
22110,16805
22110,16938
22110,16952
22110,17439
22110,17495
22110,16403
22110,17669
22110,17671
22110,18181
22110,18338
22110,18607
22110,18773
22110,10577
22110,18888
22110,19003
22110,19539
22110,18188
22110,19891
22110,20013
22110,20200
22110,20811
22110,21721
22110,22404
22110,22414
22110,22218
22110,20857
16081,2159
16081,2825
16081,3160
16081,6555
16081,7585
16081,8351
16081,8893
16081,9562
16081,10995
16081,12783
16081,15607
16081,21721
3160,230
3160,412
3160,583
3160,1542
3160,1953
3160,2159
3160,2278
3160,2671
3160,7222
3160,4191
3160,2825
3160,16938
3160,5586
3160,7566
3160,9678
3160,5503
3160,9645
3160,21721
3160,13178
3160,17214
3160,16952
3160,21375
3160,7670
3160,11946
3160,5699
3160,10577
3160,4720
3160,15878
3160,17495
3160,8271
3160,12783
3160,16082
3160,19539
3160,10968
3160,14633
3160,12873
3160,3268
3160,17669
3160,17671
3160,4053
3160,22414
3160,19653
3160,18773
3160,15475
3160,3364
3160,20013
3160,15912
3160,21684
3160,11849
3160,16639
3160,11585
3160,8486
3160,9562
3160,8893
3160,3912
3160,20811
3160,7111
3160,7822
3160,10995
3160,10814
3160,14322
3160,12116
3160,20857
3160,11003
3160,6018
3160,19891
3160,15950
3160,19776
3160,13505
3160,21078
3160,13005
3160,18181
3160,8351
3762,22414
3762,19003
3762,6555
3762,18338
3762,4530
3762,7585
6555,4767
6555,9394
6555,18355
6555,17437
6555,14350
6555,8351
15878,583
15878,1127
15878,1542
15878,1953
15878,2044
15878,2161
15878,2278
15878,2315
15878,2471
15878,2671
15878,7222
15878,2825
15878,3434
15878,3878
15878,10596
15878,5586
15878,5699
15878,5702
15878,5962
15878,7767
15878,7822
15878,8351
15878,8486
15878,9209
15878,9222
15878,9629
15878,5503
15878,9394
15878,10814
15878,10968
15878,6641
15878,11585
15878,3513
15878,11849
15878,4160
15878,12783
15878,9678
15878,13505
15878,14633
15878,14770
15878,16938
15878,21012
15878,17214
15878,20811
15878,17495
15878,19539
15878,17669
15878,22024
15878,18422
15878,20013
15878,16111
15878,17437
15878,17439
15878,18338
15878,16226
15878,15950
15878,18181
4191,600
4191,865
4191,22424
4191,9562
4191,4284
4191,16948
4191,11585
4191,21375
4191,18092
4191,8720
4191,2827
4191,8993
4191,3912
4191,16868
4191,19402
4191,10803
4191,17586
4191,13626
4191,16330
4191,3268
4191,8191
4191,17671
4191,5546
4191,19177
4191,19776
4191,10880
4191,19001
230,2278
230,17437
230,8271
230,19891
230,3878
230,8893
230,1953
230,4720
230,16805
2278,583
2278,632
2278,1127
2278,1903
2278,2159
2278,11897
2278,19003
2278,15912
2278,17214
2278,16639
2278,9562
2278,16111
2278,4818
2278,5699
2278,3912
2278,7111
2278,5962
2278,8351
2278,19930
2278,10814
2278,12783
2278,14585
2278,12116
2278,22404
2278,3171
2278,8271
2278,3878
2278,11946
2278,17671
2278,4053
2278,2825
2278,10995
2278,20857
17437,494
17437,1127
17437,1542
17437,1903
17437,1953
17437,2044
17437,2471
17437,2671
17437,2825
17437,3363
17437,4053
17437,4718
17437,4818
17437,5586
17437,5699
17437,6018
17437,6402
17437,7767
17437,7822
17437,8351
17437,8486
17437,8893
17437,9209
17437,9006
17437,9719
17437,10814
17437,10995
17437,6641
17437,3513
17437,12783
17437,13178
17437,14633
17437,14770
17437,15475
17437,15928
17437,16226
17437,16441
17437,16639
17437,16938
17437,9634
17437,10129
17437,17439
17437,18338
17437,18355
17437,17495
17437,20857
17437,21078
17437,19891
17437,20811
17437,18773
17437,22404
17437,18181
8271,2159
8271,2471
8271,7222
8271,2719
8271,2734
8271,2825
8271,3458
8271,4720
8271,4818
8271,4966
8271,5377
8271,5699
8271,5962
8271,6402
8271,7767
8271,7822
8271,20542
8271,14770
8271,5503
8271,21012
8271,20576
8271,13267
8271,9645
8271,17214
8271,17308
8271,20811
8271,17495
8271,12783
8271,17671
8271,21921
8271,10396
8271,10995
8271,10094
8271,20200
8271,17685
8271,8486
8271,20980
8271,10129
8271,5289
8271,8893
8271,17439
8271,7111
8271,18338
8271,15475
8271,14585
8271,14322
8271,15127
8271,14168
8271,8348
8271,13505
8271,8351
8271,9065
19891,600
19891,1021
19891,2671
19891,7222
19891,2768
19891,2825
19891,3363
19891,4696
19891,4718
19891,4720
19891,4818
19891,5048
19891,5586
19891,5767
19891,5962
19891,6018
19891,7822
19891,8045
19891,8351
19891,8893
19891,9209
19891,7111
19891,12116
19891,12783
19891,12873
19891,14322
19891,15475
19891,16226
19891,16436
19891,16805
19891,16938
19891,17027
19891,17495
19891,18355
19891,18773
19891,10577
19891,19177
19891,20200
19891,21721
19891,21375
19891,22414
3878,334
3878,412
3878,528
3878,1127
3878,1903
3878,1953
3878,2044
3878,2315
3878,2471
3878,7222
3878,2825
3878,3434
3878,3458
3878,14770
3878,20745
3878,16938
3878,21012
3878,5586
3878,9678
3878,10596
3878,5503
3878,13178
3878,16336
3878,7767
3878,5699
3878,17495
3878,19982
3878,12783
3878,13193
3878,9006
3878,19539
3878,22404
3878,11897
3878,6641
3878,14633
3878,15475
3878,15523
3878,20013
3878,8486
3878,8893
3878,3513
3878,18338
3878,7822
3878,9222
3878,10995
3878,10814
3878,4596
3878,14322
3878,16226
3878,12116
3878,21078
3878,10129
3878,15950
3878,5767
3878,8351
8893,322
8893,334
8893,402
8893,494
8893,580
8893,1127
8893,1542
8893,1903
8893,1953
8893,2159
8893,2315
8893,2471
8893,2588
8893,2671
8893,7222
8893,2719
8893,2825
8893,3364
8893,3434
8893,3761
8893,3951
8893,4053
8893,4720
8893,4818
8893,5257
8893,5439
8893,5699
8893,6018
8893,6402
8893,7359
8893,7670
8893,7767
8893,7822
8893,8045
8893,8351
8893,8486
8893,14770
8893,16938
8893,21012
8893,9678
8893,5503
8893,13178
8893,17439
8893,17308
8893,19003
8893,10060
8893,10577
8893,17495
8893,16226
8893,19982
8893,12783
8893,13193
8893,17849
8893,16442
8893,15523
8893,14633
8893,12873
8893,18188
8893,12879
8893,17671
8893,22414
8893,19653
8893,18773
8893,6641
8893,15475
8893,20200
8893,11849
8893,16639
8893,11946
8893,14652
8893,11585
8893,10129
8893,9394
8893,9562
8893,16111
8893,9645
8893,21684
8893,20811
8893,7111
8893,18338
8893,14585
8893,18607
8893,3513
8893,15928
8893,10814
8893,10995
8893,14322
8893,12116
8893,15127
8893,9222
8893,16805
8893,13505
1953,21012
1953,8486
1953,16805
1953,17214
1953,4818
4720,334
4720,3171
4720,20745
4720,13917
4720,18188
4720,21684
4720,8486
4720,11585
4720,5289
4720,10995
4720,14585
4720,12116
4720,10258
4720,19539
4720,4818
4720,16805
4720,15950
4720,17671
16805,600
16805,1267
16805,2825
16805,3363
16805,6315
16805,7767
16805,8351
16805,8486
16805,7111
16805,11946
16805,12116
16805,12783
16805,12873
16805,9645
16805,14633
16805,16226
16805,16639
16805,20576
16805,20200
16805,21721
16805,17308
16805,18338
16805,16868
16805,22404
16805,22414
16805,21672
238,19515
238,10007
238,16139
238,9128
238,21341
238,11732
238,8773
238,8508
238,14623
238,19415
238,2474
238,14451
238,19776
238,8067
238,14815
238,18903
238,19000
238,8972
238,6926
19515,402
19515,701
19515,1243
19515,1303
19515,1573
19515,1814
19515,3265
19515,3287
19515,4889
19515,4909
19515,5029
19515,6926
19515,7080
19515,7166
19515,8001
19515,8120
19515,8153
19515,8299
19515,8360
19515,8629
19515,8773
19515,8828
19515,8972
19515,9603
19515,10007
19515,11193
19515,11834
19515,12143
19515,12704
19515,12911
19515,9957
19515,13735
19515,13790
19515,14199
19515,14623
19515,14680
19515,8400
19515,10017
19515,16139
19515,21211
19515,18903
19515,19448
19515,20566
19515,19877
19515,19776
10007,613
10007,741
10007,1243
10007,1458
10007,1573
10007,1814
10007,2474
10007,3265
10007,4204
10007,4302
10007,5029
10007,6926
10007,7362
10007,7926
10007,8120
10007,8360
10007,8508
10007,8773
10007,8972
10007,9572
10007,10969
10007,11193
10007,20277
10007,11005
10007,11953
10007,11548
10007,18714
10007,19877
10007,21211
10007,20682
10007,20441
10007,11834
10007,8067
10007,14815
10007,12143
10007,19660
10007,10416
10007,9957
10007,15814
10007,15926
10007,20214
10007,10017
10007,17455
10007,19415
10007,19776
10007,18085
10007,18903
10007,19000
10007,14439
16139,2474
16139,14451
16139,8508
16139,11128
16139,11732
16139,11834
16139,16794
16139,18903
16139,19000
9128,402
9128,18766
9128,1230
9128,1243
9128,1814
9128,2904
9128,3532
9128,3669
9128,3761
9128,4466
9128,5398
9128,5598
9128,6936
9128,4911
9128,7231
9128,20542
9128,8004
9128,8012
9128,8120
9128,8831
9128,8972
9128,8993
9128,9031
9128,10418
9128,11128
9128,11975
9128,9957
9128,10286
9128,13790
9128,11332
9128,12017
9128,11034
9128,19877
9128,21323
9128,14079
9128,15323
9128,18109
9128,14199
9128,9603
9128,16223
9128,12315
9128,21157
9128,9930
9128,14164
9128,17586
9128,10618
9128,12314
9128,19699
9128,16618
9128,18216
9128,18714
9128,9745
9128,20071
9128,16090
9128,19448
9128,12520
9128,17510
9128,10641
9128,11315
9128,12500
9128,9709
9128,8519
9128,12574
21341,7362
21341,8001
21341,4159
21341,18314
21341,20165
21341,20468
11732,3265
11732,20940
11732,7909
11732,7893
11732,7946
11732,8120
11732,8508
11732,20682
11732,13854
11732,16857
8773,1573
8773,1814
8773,2474
8773,4204
8773,4302
8773,7926
8773,14451
8773,12500
8773,20214
8773,10017
8773,10416
8773,11834
8773,8972
8773,17535
8773,20441
8773,17455
8773,18665
8773,18714
8773,19415
8773,20566
8773,8067
8773,20277
8773,14815
8773,18903
8508,3005
8508,14451
8508,17455
8508,19415
8508,18903
14623,1243
14623,1303
14623,1814
14623,14451
14623,8629
14623,8972
14623,11193
14623,12490
14623,12911
14623,20566
14623,8400
14623,19000
14623,21211
19415,1458
19415,1573
19415,2474
19415,4302
19415,11978
19415,4909
19415,5029
19415,6926
19415,7600
19415,8120
19415,14451
19415,9572
19415,8067
19415,14439
19415,14815
19415,10017
19415,17455
19415,18714
19415,19000
19415,19660
19415,20277
19415,19877
19415,20682
19415,20441
2474,701
2474,741
2474,1243
2474,1573
2474,1814
2474,7362
2474,19877
2474,8065
2474,8120
2474,12143
2474,9957
2474,8360
2474,20566
2474,12500
2474,11199
2474,10017
2474,9973
2474,16618
2474,14680
2474,9988
2474,8629
2474,5029
2474,12704
2474,11005
2474,3265
2474,18714
2474,19448
2474,11541
2474,17510
2474,19776
2474,11834
2474,14815
2474,18903
2474,19000
2474,6926
14451,1328
14451,1458
14451,1573
14451,3265
14451,4204
14451,4302
14451,7362
14451,20744
14451,11193
14451,12143
14451,21468
14451,11548
14451,14815
14451,21183
14451,20214
14451,17535
14451,14439
14451,20682
14451,13854
14451,11128
14451,18665
14451,11834
14451,20277
14451,18903
14451,19000
14451,16857
19776,334
19776,402
19776,600
19776,1243
19776,1303
19776,1814
19776,3268
19776,4284
19776,4302
19776,12308
19776,6926
19776,7080
19776,7166
19776,8360
19776,8576
19776,8629
19776,8720
19776,12658
19776,8972
19776,8993
19776,9065
19776,5289
19776,9603
19776,10117
19776,11193
19776,12490
19776,12500
19776,12704
19776,9957
19776,14426
19776,14439
19776,14680
19776,8400
19776,15856
19776,21211
19776,10416
19776,16716
19776,16901
19776,17510
19776,19000
19776,19001
19776,19177
19776,21848
19776,20597
19776,20441
19776,20566
8067,3669
8067,19660
8067,17455
8067,16794
8067,14439
14815,6926
14815,7293
14815,8120
14815,11128
14815,12375
14815,20441
14815,18517
14815,17535
14815,20277
14815,18714
14815,18903
18903,1458
18903,4204
18903,4302
18903,6926
18903,7926
18903,8120
18903,8972
18903,9572
18903,11834
18903,12143
18903,13854
18903,14439
18903,16618
18903,17455
18903,17535
18903,20214
18903,20277
19000,743
19000,1243
19000,1303
19000,1573
19000,1814
19000,4204
19000,4534
19000,4909
19000,5029
19000,8065
19000,13213
19000,6018
19000,6357
19000,12308
19000,7080
19000,7166
19000,7444
19000,8001
19000,8153
19000,8299
19000,8392
19000,12658
19000,8828
19000,8993
19000,9603
19000,11199
19000,11778
19000,11953
19000,12143
19000,12500
19000,12704
19000,13079
19000,13735
19000,14079
19000,14770
19000,10017
19000,16223
19000,17510
19000,17909
19000,18850
19000,19877
19000,19448
19000,20441
19000,20566
8972,1243
8972,1303
8972,1573
8972,1814
8972,4204
8972,4534
8972,4889
8972,4909
8972,5029
8972,6926
8972,7080
8972,8629
8972,8828
8972,11193
8972,12143
8972,9957
8972,13790
8972,14439
8972,8400
8972,12490
8972,14680
8972,9603
8972,19877
8972,14079
8972,12704
8972,12911
8972,20566
8972,21211
8972,18714
6926,1303
6926,1458
6926,1573
6926,1814
6926,3287
6926,3722
6926,4909
6926,5029
6926,5208
6926,6357
6926,20744
6926,13790
6926,20277
6926,8120
6926,12586
6926,11548
6926,20295
6926,20566
6926,19877
6926,8993
6926,7166
6926,14199
6926,21211
6926,8629
6926,12704
6926,14439
6926,9957
6926,11834
6926,12143
6926,9603
6926,10416
6926,13735
6926,21417
6926,20708
6926,11199
6926,15926
6926,10017
6926,17535
6926,14680
6926,7926
6926,17455
6926,12911
6926,19448
6926,8153
246,5900
246,10049
246,13273
246,4767
246,21690
246,1599
5900,1599
5900,3268
5900,3653
5900,22424
5900,19902
5900,10396
5900,21690
5900,8825
5900,8576
5900,19177
10049,1599
10049,2840
10049,4966
10049,5700
10049,6297
10049,6738
10049,8348
10049,8625
10049,9253
10049,9563
10049,10453
10049,12032
10049,15329
10049,11149
10049,19707
10049,14650
10049,21041
10049,12286
10049,18327
10049,11709
4767,1599
4767,3458
4767,3653
4767,4687
4767,17495
4767,12783
4767,5094
4767,8506
4767,14633
4767,8351
4767,7549
4767,18355
4767,21690
21690,1599
21690,3653
21690,3912
21690,8825
21690,19902
21690,22424
1599,10453
1599,22424
1599,3458
1599,15329
1599,3653
1599,8576
1599,8825
1599,19902
1599,4011
257,12032
257,14799
257,14364
257,13267
257,11149
257,17110
257,17685
257,6818
257,21375
257,4966
257,14168
257,21921
257,20542
257,12286
257,18198
257,12308
12032,3833
12032,4390
12032,4966
12032,10596
12032,5653
12032,5700
12032,6749
12032,6818
12032,12308
12032,11217
12032,8348
12032,9764
12032,10094
12032,10117
12032,16595
12032,11178
12032,11487
12032,11514
12032,11710
12032,16677
12032,19578
12032,14524
12032,16308
12032,20116
12032,14668
12032,14650
12032,13527
12032,22187
12032,14089
12032,22239
12032,20597
12032,14799
12032,6277
12032,16167
12032,22407
12032,17328
12032,18696
12032,14168
12032,18220
12032,20095
14799,720
14799,842
14799,4730
14799,4966
14799,5895
14799,6020
14799,6818
14799,7542
14799,12552
14799,20542
14799,8348
14799,8901
14799,9523
14799,9563
14799,9764
14799,11149
14799,11514
14799,11710
14799,12286
14799,13267
14799,14168
14799,14364
14799,14650
14799,15899
14799,22074
14799,19707
14799,17685
14799,16308
14799,21239
14799,17986
14799,21041
14799,17110
14799,16716
14799,21921
14799,21446
14799,18327
14364,2741
14364,3833
14364,4966
14364,6818
14364,12308
14364,8348
14364,10094
14364,11149
14364,11514
14364,11710
14364,11998
14364,21611
14364,17110
14364,16716
14364,21921
14364,14650
13267,1727
13267,2393
13267,2741
13267,4534
13267,5700
13267,6357
13267,6818
13267,12308
13267,11217
13267,8026
13267,8153
13267,8348
13267,9523
13267,9603
13267,10117
13267,10408
13267,10513
13267,11149
13267,11178
13267,11514
13267,11710
13267,4732
13267,12286
13267,21921
13267,16766
13267,20675
13267,15329
13267,17685
13267,14650
13267,22352
13267,16308
13267,14168
13267,19877
13267,22140
13267,21848
13267,14795
13267,14361
13267,6522
13267,19542
13267,21812
13267,17328
13267,18327
13267,20597
13267,16716
13267,20095
11149,720
11149,1350
11149,2505
11149,2840
11149,3601
11149,3974
11149,4380
11149,8219
11149,4966
11149,5377
11149,5535
11149,5546
11149,5653
11149,5700
11149,5895
11149,6738
11149,6818
11149,12308
11149,11217
11149,12552
11149,20542
11149,8247
11149,8348
11149,8625
11149,8901
11149,9189
11149,9563
11149,9653
11149,10094
11149,10117
11149,17453
11149,10408
11149,10880
11149,11003
11149,11710
11149,4732
11149,22352
11149,21812
11149,21375
11149,13626
11149,16956
11149,13527
11149,22187
11149,22074
11149,16766
11149,21041
11149,16786
11149,20597
11149,17110
11149,22407
11149,16969
11149,17328
11149,12248
11149,14089
11149,21921
11149,6277
11149,21678
11149,6224
11149,19386
11149,19707
11149,17685
11149,14650
11149,12286
11149,16308
11149,14668
11149,19578
11149,11770
11149,20116
11149,11514
11149,21611
11149,11178
11149,14413
11149,20095
11149,14168
11149,21446
17110,875
17110,1350
17110,2586
17110,2840
17110,6738
17110,6818
17110,12308
17110,11217
17110,7542
17110,8348
17110,17453
17110,10513
17110,10880
17110,11178
17110,11487
17110,11514
17110,11710
17110,4732
17110,14089
17110,14650
17110,16308
17110,16956
17110,21921
17110,7948
17110,19578
17110,22352
17110,18198
17110,22239
17110,20597
17110,17328
17685,720
17685,842
17685,1132
17685,2393
17685,2840
17685,3974
17685,4445
17685,8219
17685,5377
17685,6738
17685,6818
17685,12308
17685,11217
17685,12552
17685,20542
17685,8026
17685,8348
17685,8901
17685,9653
17685,10117
17685,10880
17685,11178
17685,11514
17685,11710
17685,12286
17685,14089
17685,14168
17685,6277
17685,15928
17685,16308
17685,6522
17685,17328
17685,19386
17685,19578
17685,21239
17685,22352
17685,20597
17685,21921
17685,19707
6818,720
6818,4183
6818,1132
6818,1350
6818,1727
6818,2505
6818,3095
6818,3107
6818,3120
6818,3833
6818,4380
6818,4730
6818,4869
6818,4966
6818,5653
6818,5700
6818,5895
6818,6020
6818,6263
6818,6738
6818,22074
6818,9253
6818,19707
6818,7313
6818,8901
6818,22352
6818,16956
6818,18198
6818,12308
6818,9764
6818,16766
6818,14795
6818,14361
6818,16308
6818,13950
6818,16969
6818,21812
6818,21041
6818,20498
6818,9563
6818,16716
6818,14089
6818,21921
6818,20542
6818,20187
6818,7542
6818,14168
6818,9713
6818,14823
6818,17870
6818,10094
6818,14650
6818,19578
6818,13004
6818,17986
6818,20116
6818,12261
6818,21611
6818,11178
6818,14413
6818,22187
6818,12286
6818,19542
6818,21446
6818,12552
6818,22289
21375,2505
21375,3268
21375,4284
21375,3912
21375,8482
21375,8720
21375,8993
21375,9253
21375,11585
21375,14668
21375,13626
21375,14089
21375,14168
21375,16022
21375,16082
21375,16639
21375,16831
21375,16956
21375,18092
21375,19001
21375,19177
21375,19386
21375,19853
4966,2505
4966,11710
4966,6277
4966,11514
4966,10117
4966,21611
4966,9253
4966,14413
4966,22352
4966,14168
4966,21921
4966,8348
4966,5377
4966,14650
4966,12308
4966,22074
4966,22239
14168,1548
14168,4284
14168,5377
14168,5700
14168,5906
14168,6020
14168,6263
14168,6738
14168,12308
14168,11217
14168,7802
14168,20542
14168,8348
14168,9563
14168,10094
14168,10117
14168,10880
14168,11514
14168,11710
14168,12286
14168,12618
14168,14107
14168,19386
14168,7948
14168,21239
14168,18198
14168,14795
14168,20597
14168,20095
14168,21921
14168,16956
14168,16786
21921,720
21921,1350
21921,2505
21921,2840
21921,4380
21921,5700
21921,6738
21921,12308
21921,20542
21921,8348
21921,8625
21921,9563
21921,10094
21921,10117
21921,10880
21921,11178
21921,11514
21921,11710
21921,12286
21921,13626
21921,14089
21921,14650
21921,14795
21921,6277
21921,16022
21921,16308
21921,17328
21921,18220
21921,18327
21921,19001
21921,19386
21921,20095
21921,20597
21921,21041
21921,21204
21921,22239
21921,22407
21921,22289
20542,4011
20542,3974
20542,4730
20542,6263
20542,12308
20542,11217
20542,7802
20542,11710
20542,14668
20542,20597
20542,11178
20542,11514
20542,19769
20542,18080
20542,8348
20542,14795
20542,16956
20542,17569
20542,17223
12286,875
12286,1350
12286,1548
12286,2505
12286,2586
12286,2840
12286,3601
12286,4445
12286,8219
12286,5546
12286,5700
12286,6253
12286,12308
12286,7713
12286,8348
12286,8720
12286,8993
12286,10117
12286,10513
12286,11139
12286,11487
12286,11514
12286,11710
12286,4732
12286,12161
12286,14668
12286,7948
12286,17569
12286,22352
12286,16956
12286,18198
12286,13527
12286,20009
12286,14089
12286,17223
12286,20095
12286,19386
12286,14650
12286,14413
12286,18080
12286,20597
18198,1350
18198,1548
18198,2840
18198,11217
18198,8348
18198,8720
18198,11514
18198,17328
18198,7948
18198,20597
12308,720
12308,743
12308,1303
12308,2486
12308,3120
12308,3833
12308,4284
12308,4889
12308,5653
12308,5700
12308,6020
12308,6749
12308,6830
12308,6898
12308,11710
12308,8026
12308,16677
12308,22074
12308,4732
12308,15329
12308,16956
12308,8901
12308,13881
12308,21812
12308,14413
12308,18196
12308,20675
12308,8993
12308,7166
12308,22187
12308,16167
12308,19529
12308,9764
12308,9603
12308,16766
12308,19542
12308,18407
12308,14089
12308,18220
12308,16716
12308,13735
12308,11487
12308,9713
12308,21848
12308,17870
12308,10094
12308,7713
12308,7802
12308,20498
12308,16308
12308,14650
12308,22045
12308,20597
12308,8153
12308,14524
12308,20116
12308,11514
12308,10117
12308,6277
12308,16749
12308,6522
12308,11178
12308,18696
12308,10552
12308,8348
12308,20095
12308,21446
304,14862
14862,11003
308,16948
308,5503
308,8191
308,18517
308,8993
308,17762
308,17480
308,13932
308,12375
308,9973
308,21605
16948,402
16948,2794
16948,3289
16948,8251
16948,8120
16948,8191
16948,7272
16948,8860
16948,9973
16948,5503
16948,11348
16948,11444
16948,12419
16948,12574
16948,13932
16948,14803
16948,15049
16948,19830
16948,17762
16948,21605
16948,18517
16948,19973
16948,20118
16948,17480
5503,322
5503,334
5503,402
5503,412
5503,865
5503,2159
5503,2271
5503,3761
5503,3951
5503,10803
5503,6018
5503,7670
5503,8012
5503,8045
5503,8860
5503,9222
5503,11444
5503,16938
5503,9678
5503,16868
5503,17480
5503,21684
5503,14652
5503,19973
5503,9394
5503,14350
5503,18338
5503,14585
5503,15294
5503,20986
5503,10995
5503,10814
5503,11585
5503,19982
5503,12116
5503,15523
5503,19539
5503,9645
5503,21915
5503,15049
5503,13505
5503,15475
5503,10129
5503,12375
5503,19177
8191,402
8191,3131
8191,3687
8191,8012
8191,11444
8191,15899
8191,21605
8191,16533
8191,19177
8191,17480
8191,9973
8191,14652
8191,19973
8191,8860
8191,21915
8191,15294
8191,12375
8191,16442
8191,17656
18517,402
18517,2271
18517,12375
18517,13932
18517,17480
8993,402
8993,865
8993,4011
8993,2271
8993,2938
8993,3131
8993,3268
8993,3289
8993,3687
8993,5363
8993,10803
8993,7166
8993,7362
8993,8012
8993,3912
8993,8351
8993,8482
8993,8576
8993,7272
8993,8720
8993,8860
8993,11444
8993,12500
8993,17480
8993,9656
8993,15899
8993,15593
8993,19973
8993,20506
8993,18092
8993,16868
8993,16442
8993,17656
8993,12783
8993,9973
8993,14803
8993,21915
8993,9709
8993,12419
8993,17495
8993,10416
8993,19830
8993,16533
8993,17762
8993,14652
8993,15294
8993,21605
8993,12375
8993,19177
8993,13932
8993,18348
8993,12911
8993,11348
8993,17715
8993,19001
8993,22289
17762,865
17762,2271
17762,8012
17762,8351
17762,9973
17762,12375
17762,13932
17762,16442
17762,16868
17762,17480
17762,19973
17762,19177
17480,402
17480,865
17480,2271
17480,2794
17480,3131
17480,3289
17480,3687
17480,5363
17480,10803
17480,8012
17480,7272
17480,12658
17480,8860
17480,9709
17480,9973
17480,11348
17480,11444
17480,12375
17480,12419
17480,12574
17480,13932
17480,14652
17480,14803
17480,15049
17480,15294
17480,15899
17480,16442
17480,16533
17480,16868
17480,19830
17480,19973
17480,20506
17480,21605
17480,17656
17480,18171
17480,21915
17480,19448
17480,19177
13932,402
13932,865
13932,2271
13932,2794
13932,3131
13932,3289
13932,3687
13932,5363
13932,10803
13932,8012
13932,7272
13932,8860
13932,9709
13932,9973
13932,11348
13932,11444
13932,12375
13932,12419
13932,12574
13932,15899
13932,19830
13932,16533
13932,14652
13932,19973
13932,20506
13932,16868
13932,16442
13932,15294
13932,21915
13932,17656
13932,18171
13932,21605
13932,14803
13932,15049
12375,2794
12375,19177
12375,16868
12375,21605
9973,402
9973,3131
9973,17715
9973,16868
9973,16533
9973,18171
9973,15294
9973,21605
21605,3131
21605,10803
21605,7272
21605,16442
21605,16533
322,15523
322,9645
15523,2588
15523,2734
15523,3364
15523,3844
15523,3951
15523,5699
15523,7448
15523,7670
15523,7767
15523,7854
15523,8351
15523,8486
15523,9222
15523,9804
15523,19385
15523,1315
15523,11585
15523,11849
15523,12116
15523,12198
15523,9678
15523,13528
15523,13917
15523,15363
15523,18188
15523,17167
15523,16829
15523,20986
15523,18607
15523,17495
15523,19982
15523,17570
15523,15607
15523,19942
15523,19653
15523,21672
9645,334
9645,1127
9645,2159
9645,3343
9645,3951
9645,4818
9645,5257
9645,5962
9645,7359
9645,7448
9645,7670
9645,8045
9645,10060
9645,19385
9645,10995
9645,11585
9645,3513
9645,12116
9645,13178
9645,21056
9645,18370
9645,18338
9645,14585
9645,20811
334,13193
334,12116
334,9678
334,19862
334,16639
334,3951
334,17308
334,7670
334,15475
334,21078
334,21962
334,8351
13193,2159
13193,3951
13193,4818
13193,9222
13193,11585
13193,12116
13193,16938
13193,18188
13193,19539
12116,632
12116,1903
12116,2159
12116,2825
12116,3171
12116,4818
12116,5824
12116,5889
12116,7670
12116,7822
12116,8351
12116,8486
12116,9562
12116,10060
12116,9394
12116,10814
12116,10995
12116,11585
12116,7111
12116,12042
12116,16938
12116,21012
12116,15607
12116,16639
12116,15928
12116,10129
12116,16336
12116,16111
12116,18338
12116,17439
12116,17495
12116,19003
12116,14585
12116,16226
12116,9678
12116,14633
12116,17671
12116,22024
12116,22404
12116,18224
9678,412
9678,1127
9678,2159
9678,3761
9678,3951
9678,4818
9678,8351
9678,9394
9678,10814
9678,11585
9678,3513
9678,11946
9678,12783
9678,14770
9678,16938
9678,21012
9678,10577
9678,18338
9678,19930
9678,18188
9678,15950
9678,13505
9678,19539
9678,19653
9678,15475
9678,20857
9678,20013
19862,442
19862,4053
19862,5699
19862,5962
19862,17495
19862,12783
19862,7566
19862,20013
19862,14633
19862,21017
19862,12810
19862,5289
19862,7767
19862,18338
19862,8351
16639,412
16639,600
16639,2315
16639,4818
16639,6315
16639,10995
16639,11585
16639,13178
16639,15928
16639,16336
16639,17214
16639,17671
16639,21684
16639,16403
16639,18888
3951,1127
3951,2159
3951,2768
3951,3343
3951,18370
3951,18188
3951,11849
3951,8486
3951,20980
3951,11585
3951,7448
3951,9394
3951,3513
3951,11161
3951,18338
3951,5253
3951,19379
3951,8045
3951,9222
3951,15928
3951,17495
3951,19385
3951,14322
3951,5257
3951,11946
3951,4718
3951,17669
3951,12879
3951,13505
3951,19653
3951,7670
3951,21672
3951,18181
3951,8351
17308,412
17308,4818
17308,7822
17308,8045
17308,9562
17308,9394
17308,10995
17308,11585
17308,12879
17308,16285
17308,16336
17308,16938
17308,17214
17308,20013
17308,17671
17308,22024
17308,18888
7670,1542
7670,2159
7670,3363
7670,3364
7670,21721
7670,11849
7670,8351
7670,11946
7670,17669
7670,9562
7670,11585
7670,17214
7670,10995
15475,412
15475,2159
15475,2671
15475,7222
15475,3171
15475,3363
15475,3722
15475,4053
15475,4718
15475,4818
15475,5586
15475,6018
15475,7822
15475,8045
15475,8351
15475,9209
15475,9222
15475,10814
15475,10995
15475,11585
15475,12783
15475,12873
15475,9634
15475,16901
15475,21721
15475,10129
15475,16336
15475,16436
15475,16441
15475,19539
15475,21078
15475,18355
15475,20200
15475,18773
15475,22024
15475,15619
21078,1021
21078,1887
21078,2159
21078,4818
21078,5586
21078,6018
21078,11585
21078,16436
21078,22414
21078,21684
21962,9562
21962,9394
21962,16336
21962,19930
8351,494
8351,600
8351,632
8351,4011
8351,1903
8351,2044
8351,2159
8351,2315
8351,2794
8351,3171
8351,3434
8351,3653
8351,4053
8351,4284
8351,4596
8351,5094
8351,10596
8351,5257
8351,6018
8351,7566
8351,7767
8351,7822
8351,8045
8351,14770
8351,20745
8351,16938
8351,16336
8351,14350
8351,10060
8351,20576
8351,17495
8351,19385
8351,12783
8351,19539
8351,10995
8351,12873
8351,16285
8351,17671
8351,9338
8351,15619
8351,19653
8351,19128
8351,18370
8351,22024
8351,14633
8351,15928
8351,11321
8351,13917
8351,9719
8351,10396
8351,16436
8351,21684
8351,8486
8351,19402
8351,20013
8351,12810
8351,11585
8351,10129
8351,9562
8351,12018
8351,18338
8351,9222
8351,19930
8351,10814
8351,18188
8351,14322
8351,16226
8351,10258
8351,11946
8351,19942
8351,18355
8351,13005
8351,15607
8351,18888
8351,18224
8351,9394
17495,412
17495,600
17495,1903
17495,2161
17495,2315
17495,3434
17495,10596
17495,6619
17495,7549
17495,7822
17495,8486
17495,5289
17495,9562
17495,10258
17495,11585
17495,12783
17495,13917
17495,14585
17495,14633
17495,14770
17495,15607
17495,15928
17495,16226
17495,16436
17495,16938
17495,20745
17495,21684
17495,10577
17495,17671
17495,6812
17495,18188
17495,18355
17495,18370
17495,22024
17495,18888
5895,2840
5895,5377
5895,11710
5895,6738
5895,8348
5895,10513
5895,6224
5895,19386
5895,14650
5895,11487
5895,11514
15127,2159
15127,3434
15127,4687
15127,4871
15127,7016
15127,7549
15127,7822
15127,10995
15127,18355
4871,4687
4871,19539
4871,5767
4871,7549
4871,20980
4871,20857
4687,3458
4687,12783
4687,14322
4687,16226
4687,8576
4687,7549
4687,20857
7549,3458
7549,4818
7549,8506
7549,9394
7549,9562
7549,14585
20857,5289
20857,10995
20857,11585
20857,14770
20857,17671
364,2613
364,6040
364,709
364,8153
364,2109
364,14250
364,8220
364,3517
364,8236
364,14293
364,5448
364,9807
364,1328
364,7362
364,18729
364,3697
364,19496
364,17996
364,3451
364,22208
2613,3517
2613,5932
2613,8153
2613,18729
2613,19505
2613,3697
6040,709
6040,2059
6040,3451
6040,4284
6040,8251
6040,10803
6040,7362
6040,12183
6040,20713
6040,22302
6040,8001
6040,5033
6040,4159
6040,10618
6040,9807
6040,16890
6040,6622
6040,20165
709,11193
709,3941
709,2259
709,7362
709,8251
709,20468
709,7054
709,20713
709,2059
709,14606
709,20165
709,14783
709,8001
709,12934
709,8220
709,4159
709,3828
709,19496
709,9808
709,14250
709,3005
709,16890
709,6622
709,19034
709,14233
709,9807
709,19128
709,1896
709,12995
709,1328
8153,511
8153,743
8153,993
8153,1303
8153,1467
8153,2109
8153,2270
8153,14055
8153,2486
8153,2938
8153,3287
8153,3517
8153,3697
8153,4050
8153,4119
8153,4507
8153,4533
8153,4889
8153,5208
8153,5448
8153,5932
8153,15530
8153,6357
8153,6702
8153,6830
8153,6898
8153,7713
8153,13775
8153,18196
8153,16677
8153,13867
8153,22074
8153,6522
8153,4732
8153,21235
8153,15856
8153,9713
8153,14524
8153,10946
8153,5783
8153,20074
8153,20675
8153,13881
8153,9690
8153,18729
8153,16167
8153,21848
8153,18653
8153,10867
8153,14293
8153,17098
8153,11950
8153,21117
8153,18407
8153,10075
8153,9902
8153,16716
8153,15329
8153,12586
8153,9603
8153,15068
8153,19569
8153,13735
8153,13472
8153,21417
8153,8485
8153,20498
8153,20308
8153,13977
8153,14650
8153,16215
8153,22045
8153,11778
8153,12267
8153,17537
8153,21174
8153,16223
8153,10786
8153,19808
8153,17996
8153,20914
8153,15657
8153,10552
8153,6034
8153,19505
8153,13504
8153,20597
8153,18909
8153,10300
8153,8236
8153,10558
2109,11778
2109,18729
2109,19505
2109,14650
2109,10786
14250,3451
14250,7362
14250,5033
14250,8001
14250,11193
14250,13079
14250,4159
14250,20506
14250,20165
14250,20308
14250,21339
8220,2059
8220,2259
8220,7362
8220,5033
8220,8001
8220,4159
8220,20165
3517,3697
3517,18729
3517,8236
8236,11193
8236,11950
8236,13472
8236,14293
8236,14650
8236,18729
8236,19505
14293,18729
5448,17909
5448,19877
5448,20710
9807,1814
9807,2059
9807,3005
9807,3828
9807,4071
9807,8251
9807,6622
9807,7362
9807,5033
9807,8001
9807,11953
9807,21183
9807,14606
9807,20165
9807,12934
9807,16618
9807,4159
9807,20468
9807,16090
9807,16047
9807,20983
9807,19128
9807,12995
9807,18314
1328,7362
1328,4159
1328,2059
1328,3828
1328,20165
1328,8001
1328,18195
7362,1896
7362,2059
7362,2259
7362,3005
7362,3451
7362,3669
7362,3828
7362,3941
7362,4071
7362,4284
7362,8251
7362,7054
7362,14233
7362,6622
7362,11193
7362,14606
7362,12386
7362,20983
7362,20165
7362,14783
7362,12934
7362,18568
7362,16090
7362,16890
7362,19128
7362,16442
7362,20713
7362,19496
7362,9808
7362,18850
7362,19034
7362,4159
7362,20468
7362,8001
7362,5033
7362,10618
7362,19448
7362,16047
7362,12995
7362,13079
18729,3697
18729,4119
18729,5932
18729,9603
18729,10786
18729,13504
18729,17996
18729,18196
18729,21174
3697,701
3697,15068
3697,5932
19496,2059
19496,3828
19496,8251
19496,5033
19496,8001
19496,8860
19496,4159
19496,20165
17996,5208
17996,6357
17996,9603
17996,11778
17996,13735
17996,14650
17996,19505
3451,2059
3451,2259
3451,2781
3451,11193
3451,4284
3451,8001
3451,4159
3451,13541
3451,18568
3451,16090
3451,16890
3451,20165
3451,4466
3451,12183
3451,4071
3451,10618
3451,17705
3451,16047
22208,1041
22208,12500
22208,8519
22208,18083
22208,19877
22208,21277
14770,2159
14770,10596
14770,9222
14770,9394
14770,10814
14770,7111
14770,12018
14770,17214
14770,19539
14770,20811
14770,20013
3364,2159
3364,2734
3364,18188
3364,11585
3364,15950
3364,14585
3364,9394
20013,2825
20013,5699
20013,5962
20013,6315
20013,6402
20013,7767
20013,5289
20013,11585
20013,12783
20013,14585
20013,18338
20013,20811
21721,4718
21721,5586
21721,6018
21721,11585
21721,12873
21721,16224
21721,16436
21721,18355
11849,2159
11849,3761
11849,7822
11849,7896
11849,8045
11849,8486
11849,19385
11849,11585
11849,3513
11849,16938
17214,1542
17214,1903
17214,2044
17214,2471
17214,2825
17214,3434
17214,4053
17214,5702
17214,5962
17214,7494
17214,8045
17214,3912
17214,9562
17214,6641
17214,11585
17214,4160
17214,12042
17214,13505
17214,15950
17214,16111
17214,16938
17214,18422
17214,17439
17214,20095
17214,17671
17214,20811
17214,22024
17214,18888
8486,412
8486,2159
8486,2825
8486,8219
8486,5257
8486,7767
8486,7822
8486,8045
8486,3912
8486,10129
8486,9394
8486,14350
8486,10060
8486,18338
8486,10995
8486,12783
8486,14322
8486,11585
8486,17671
8486,13505
8486,19653
8486,22024
8486,15928
20308,2059
20308,6622
20308,12443
20308,19128
10129,2159
10129,7222
10129,2825
10129,3434
10129,3458
10129,3761
10129,4596
10129,4718
10129,5699
10129,7566
10129,7767
10129,7822
10129,8045
10129,9222
10129,5289
10129,10258
10129,9394
10129,10995
10129,11585
10129,12783
10129,13832
10129,14322
10129,15928
10129,16285
10129,16336
10129,17439
10129,17671
10129,9634
10129,18338
10129,18355
10129,10577
10129,18888
10129,19539
10129,19930
10129,21012
16111,412
16111,1542
16111,2159
16111,10995
16111,12042
16111,12783
6018,412
6018,1021
6018,2671
6018,7222
6018,3363
6018,4053
6018,4818
6018,5586
6018,14585
6018,18355
6018,20200
6018,21684
6018,12873
6018,7822
6018,16436
6018,18773
6018,22024
6018,18888
6018,9209
6018,13505
21684,412
21684,5289
21684,9562
21684,10258
21684,11585
21684,12783
21684,13505
21684,14350
21684,17671
21684,18888
21684,18188
21684,20745
2825,600
2825,632
2825,1021
2825,2159
2825,4818
2825,11585
2825,16336
2825,14350
2825,9562
2825,10060
2825,10577
2825,7822
2825,19930
2825,10995
2825,14585
2825,8045
2825,17671
2825,19653
2825,18888
2825,15928
20811,2734
20811,7822
20811,9394
20811,10995
20811,11585
20811,14585
20811,16336
20811,16938
20811,18338
20811,19539
7111,632
7111,3171
7111,19442
7111,9562
7111,10060
7111,10995
7111,16336
7111,19930
7166,1727
7166,2719
7166,2938
7166,3761
7166,9603
7166,9713
7166,10416
7166,4732
7166,7713
7166,8576
7166,9957
7166,20498
7166,20980
7166,8299
7166,9065
7166,12500
7166,19529
7166,21211
7166,21848
7166,22352
7166,20597
7166,10117
7166,12314
7166,14426
7166,14524
7166,16716
7166,17510
7166,22074
8045,1903
8045,2159
8045,7222
8045,3458
8045,4718
8045,6402
8045,7767
8045,7822
8045,16938
8045,21012
8045,11585
8045,9394
8045,10577
8045,18338
8045,10995
8045,12783
8045,14585
8045,14322
8045,14633
8045,12879
8045,12873
8045,9209
10577,2159
10577,3761
10577,5253
10577,9394
10577,11585
10577,3513
10577,13505
10577,13917
10577,16938
10814,1127
10814,4011
10814,1903
10814,2159
10814,3171
10814,4818
10814,10596
10814,7630
10814,7822
10814,3912
10814,9222
10814,10060
10814,16938
10814,12783
10814,18188
10814,11585
10814,16336
10814,14585
10814,16226
10814,19539
10814,17671
12783,632
12783,1267
12783,4011
12783,1903
12783,2159
12783,2161
12783,3171
12783,3434
12783,3761
12783,10596
12783,7271
12783,7767
12783,7822
12783,3912
12783,9562
12783,10060
12783,10258
12783,9394
12783,10995
12783,11585
12783,20745
12783,16436
12783,14350
12783,17671
12783,19653
12783,22024
12783,13917
12783,18338
12783,21988
12783,15928
12783,14585
12783,16226
12783,18355
12783,18888
9222,2159
9222,4818
9222,19385
9222,13917
9222,14633
9222,11585
9222,9394
9222,11946
9222,19379
9222,18338
2159,1127
2159,1267
2159,1542
2159,1903
2159,5586
2159,18188
2159,19003
2159,5699
2159,22404
2159,5257
2159,12873
2159,4818
2159,3268
2159,12879
2159,22414
2159,19653
2159,14633
2159,10995
2159,3458
2159,8576
2159,13505
2159,11585
2159,2588
2159,9562
2159,3513
2159,18607
2159,2315
2159,14585
2159,16226
2159,16952
2159,11946
2159,13499
2159,15607
2159,3761
2159,13005
2159,18181
22404,600
22404,1903
22404,2768
22404,4818
22404,5586
22404,9006
22404,9562
22404,11585
22404,15912
22404,17439
5257,2789
5257,3761
5257,7448
5257,9394
5257,7359
5257,13528
5257,19379
5257,10995
12873,3363
12873,4596
12873,4818
12873,5586
12873,11585
12873,18355
12873,16436
11946,1542
11946,4818
11946,9562
11946,11585
11946,12271
11946,18422
11946,17669
11946,12018
11946,18181
11946,21672
11946,13005
11946,18761
10968,4818
10968,5289
10968,11585
10968,20576
4053,15778
4053,4718
4053,11585
4053,4818
4053,16436
13505,11585
13505,19539
19653,1267
19653,7222
19653,7767
19653,8720
19653,3513
19653,14585
19653,21672
18773,1267
18773,2671
18773,4818
18773,5586
18773,9562
18773,16436
18773,16901
18888,412
18888,600
18888,2315
18888,5289
18888,11585
18888,13005
18888,13178
18888,15928
18888,16403
13005,19385
13005,9394
13005,13917
402,11444
402,15899
402,15351
402,3131
402,8012
402,3289
402,11348
402,18850
402,18171
402,1041
402,14652
402,18766
402,20375
402,15049
402,19973
402,20118
402,8860
402,2794
402,21915
402,15294
402,16868
402,12419
402,9709
11444,7080
11444,8576
11444,7272
11444,8860
11444,9656
11444,9709
11444,16442
11444,16831
15899,3687
15899,4284
15899,8012
15899,7272
15899,8860
15899,12419
15899,19830
15899,18850
15899,18171
15899,16330
15899,21041
15899,16868
15899,16442
15899,17656
15351,1613
15351,2912
15351,7854
15351,7882
15351,8018
15351,9578
15351,12449
3131,10803
3131,16533
3131,9709
3131,12574
8012,2794
8012,21915
8012,19973
8012,20506
8012,8860
8012,16868
8012,12574
3289,3008
3289,8001
3289,8825
3289,20506
3289,9709
3289,5363
11348,7600
11348,9709
11348,15049
11348,19973
11348,18171
18850,2980
18850,4284
18850,6614
18850,8860
18850,14652
18850,15294
18850,17510
18850,19576
18850,21524
18171,18766
18171,2794
18171,12658
18171,9709
18171,15049
18171,16442
18171,19177
1041,14181
1041,11332
1041,12500
1041,8519
1041,21703
1041,9709
14652,8860
14652,9709
14652,21915
18766,16868
18766,11315
18766,743
15049,2367
15049,2794
15049,7272
15049,12574
15049,14803
15049,19830
15049,16442
15049,19177
19973,8860
19973,9709
19973,5443
19973,12419
19973,16868
19973,19177
8860,3687
8860,1507
8860,8576
8860,11990
8860,21703
8860,10034
8860,12544
8860,20506
8860,15294
8860,9709
8860,16868
8860,17656
8860,17425
8860,12574
8860,12419
2794,7272
2794,3669
2794,16442
2794,12574
21915,865
21915,1573
21915,9709
21915,19177
15294,3687
15294,10803
15294,12419
15294,19830
15294,17510
15294,16831
15294,16868
16868,2588
16868,3687
16868,10803
16868,8576
16868,7272
16868,12419
16868,12574
16868,14803
16868,16442
16868,19177
12419,3687
12419,8576
12419,7272
12419,9656
12419,9808
12419,16442
12419,19177
9709,2719
9709,19177
9709,16442
412,19982
412,2315
412,19539
412,13178
412,11585
412,17671
412,2671
412,15928
19982,4818
19982,7822
19982,10995
19982,11585
19982,15928
2315,600
2315,10596
2315,19539
2315,13178
2315,4818
2315,16403
2315,10995
2315,5289
19539,2719
19539,5699
19539,7822
19539,6641
19539,11585
19539,14322
19539,14350
19539,14633
19539,15950
19539,16436
19539,16938
19539,10396
19539,17671
19539,18338
19539,20745
19539,21012
13178,600
13178,3363
13178,7822
13178,10995
13178,11585
13178,16403
11585,1127
11585,1903
11585,2588
11585,2671
11585,7222
11585,2768
11585,3268
11585,3761
11585,3833
11585,4818
11585,7566
11585,7767
11585,7822
11585,8482
11585,9562
11585,9394
11585,10995
11585,16938
11585,17570
11585,14350
11585,16082
11585,11897
11585,17669
11585,18188
11585,17671
11585,15619
11585,14633
11585,15912
11585,3513
11585,18338
11585,15928
11585,16226
11585,15950
11585,18355
11585,18181
17671,494
17671,2671
17671,4818
17671,7767
17671,7822
17671,5289
17671,9394
17671,10995
17671,14350
17671,20745
17671,18338
2671,15778
2671,5586
2671,16938
2671,4818
2671,5288
2671,9562
2671,16436
2671,16441
2671,9209
15928,600
15928,632
15928,1903
15928,3434
15928,7359
15928,7767
15928,7822
15928,9562
15928,10995
15928,13917
15928,14350
15928,16336
15928,16226
15928,16285
15928,18355
15928,21672
439,16047
439,14803
16047,2059
16047,8251
16047,8120
16047,12183
16047,14803
16047,20165
14803,865
14803,2367
14803,8120
14803,7272
14803,19830
442,5289
5289,3220
5289,600
5289,7222
5289,5699
5289,6315
5289,7566
5289,5135
5289,11321
5289,18338
5289,10995
5289,15829
5289,11897
5289,12810
5289,17669
5289,6641
5289,21672
5289,13148
494,20745
494,10995
494,10258
494,9394
494,14350
494,22352
20745,10258
20745,14350
20745,18338
10995,632
10995,1127
10995,1542
10995,1903
10995,2471
10995,7222
10995,3171
10995,3301
10995,3434
10995,3458
10995,4718
10995,4818
10995,5699
10995,5962
10995,6315
10995,6402
10995,6650
10995,7767
10995,7822
10995,9562
10995,14663
10995,10060
10995,10258
10995,21012
10995,16336
10995,20576
10995,22414
10995,11897
10995,20980
10995,12018
10995,17439
10995,18338
10995,19930
10995,14585
10995,16226
10995,13499
10995,18355
10258,3434
10258,7767
10258,7822
10258,8576
10258,14322
10258,16226
10258,14350
10258,15950
10258,18338
9394,7222
9394,7822
9394,9562
9394,21012
9394,18188
9394,17439
9394,14585
9394,16952
9394,14633
9394,22414
14350,3301
14350,3458
14350,4718
14350,5962
14350,6402
14350,7767
14350,7822
14350,9562
14350,14322
14350,21012
14350,18338
14350,14585
22352,1612
22352,3120
22352,3974
22352,6253
22352,11217
22352,8247
22352,8901
22352,10634
22352,11710
22352,17986
511,3287
511,8299
511,21235
511,4889
511,14650
511,17537
3287,10969
3287,16749
3287,10552
3287,21235
3287,14650
3287,13977
3287,8299
3287,21339
3287,17537
8299,613
8299,8001
8299,10969
8299,12500
8299,13881
8299,21339
8299,14199
8299,17537
8299,16749
8299,10552
8299,17510
8299,9603
8299,21235
21235,7444
21235,10552
21235,13881
21235,14650
21235,16749
21235,17537
4889,613
4889,743
4889,2486
4889,5208
4889,22074
4889,6614
4889,14650
4889,6702
4889,17510
14650,720
14650,743
14650,4183
14650,955
14650,993
14650,1015
14650,1303
14650,1350
14650,1467
14650,3991
14650,1727
14650,4034
14650,2270
14650,14055
14650,2486
14650,2505
14650,2586
14650,2741
14650,2827
14650,2840
14650,3095
14650,3107
14650,3120
14650,3833
14650,3952
14650,4050
14650,4119
14650,4445
14650,4507
14650,4533
14650,4534
14650,8219
14650,4696
14650,4869
14650,5208
14650,5377
14650,5546
14650,5547
14650,5653
14650,5700
14650,5899
14650,6297
14650,6357
14650,6702
14650,6738
14650,6749
14650,6830
14650,6898
14650,7461
14650,7713
14650,7778
14650,7802
14650,8026
14650,8247
14650,8348
14650,8485
14650,5783
14650,8625
14650,12651
14650,8764
14650,8901
14650,9253
14650,9523
14650,9563
14650,9603
14650,9653
14650,9713
14650,9764
14650,10075
14650,10094
14650,10116
14650,10117
14650,16595
14650,17453
14650,10408
14650,5479
14650,10552
14650,10558
14650,10786
14650,10867
14650,11487
14650,11514
14650,11709
14650,11710
14650,11749
14650,4360
14650,11950
14650,4732
14650,11998
14650,12248
14650,12261
14650,12267
14650,12586
14650,12618
14650,13280
14650,14668
14650,13004
14650,13504
14650,13527
14650,13626
14650,13735
14650,6034
14650,13775
14650,13881
14650,13950
14650,13977
14650,14089
14650,14361
14650,14524
14650,18909
14650,15856
14650,18196
14650,20675
14650,16956
14650,16766
14650,21204
14650,19808
14650,17328
14650,21041
14650,18407
14650,21174
14650,18220
14650,17870
14650,21417
14650,21239
14650,20498
14650,22140
14650,17537
14650,21611
14650,6522
14650,19853
14650,16677
14650,22074
14650,18653
14650,19707
14650,7948
14650,20074
14650,14823
14650,22187
14650,20914
14650,6224
14650,20095
14650,16167
14650,14902
14650,21812
14650,19529
14650,21117
14650,16716
14650,6277
14650,21678
14650,18860
14650,20187
14650,21848
14650,19569
14650,19386
14650,18696
14650,20116
14650,17098
14650,22045
14650,20597
14650,21540
14650,22239
14650,21446
14650,18594
14650,17986
14650,16223
14650,16224
14650,14413
14650,15329
14650,15657
14650,16308
14650,22407
14650,18327
14650,17106
14650,16022
14650,22289
17537,9603
17537,13881
17537,18196
20245,15814
20245,20079
4302,1573
18665,20277
11541,5029
11541,7600
11541,11199
11541,20744
11541,17455
11541,11005
11541,12500
11541,15926
17455,741
17455,1303
17455,1458
17455,1573
17455,3265
17455,3722
17455,4204
17455,5029
17455,8065
17455,7600
17455,7926
17455,8120
17455,9572
17455,9930
17455,5443
17455,11128
17455,11199
17455,11834
17455,12143
17455,14439
17455,15814
17455,15926
17455,20744
17455,20214
17455,20682
17455,20441
17455,11005
17455,20295
17455,18085
11953,2065
11953,8120
11953,20744
11953,10017
8120,741
8120,1814
8120,8251
8120,5029
8120,7909
8120,7926
8120,20744
8120,19660
8120,20295
8120,15814
8120,11199
8120,21211
8120,7272
8120,11834
8120,20682
8120,9930
8120,20277
8120,11005
8120,18714
8120,19830
8120,18085
16857,16794
21468,2271
21468,11128
13213,20214
11548,1573
11548,11834
20295,5029
20295,9930
20295,11199
20295,12500
20295,20744
20295,11005
1573,1458
1573,20441
1573,3265
1573,12911
1573,14439
1573,12500
1573,12934
1573,4204
1573,17535
1573,16618
1573,10416
1573,8482
1573,11834
1573,20277
1573,19128
1573,1814
20277,11834
20277,17535
4204,7444
4204,19877
4204,10017
4204,20441
4204,14439
4204,8392
20682,1458
20682,3669
20682,4943
20682,7909
20682,11834
20682,9957
3669,20744
3669,4943
3669,16898
3669,15814
3669,9572
3669,12500
3669,11834
3669,18085
3669,20214
5029,3722
5029,20744
5029,8360
5029,14439
5029,11199
5029,15926
5029,17535
5029,7926
5029,8629
5029,9930
5029,11005
5029,7600
5029,11834
11128,7600
11128,9930
11128,5443
11128,8519
11128,16618
20441,1243
20441,1814
20441,2259
20441,2567
20441,14439
3265,7926
3265,19877
3265,11834
16794,741
16794,11199
16794,14439
16794,17535
7600,1814
7600,20744
7600,8629
7600,11005
7600,15926
7600,11199
5443,4534
5443,19448
5443,12143
5443,19877
3722,1303
3722,12704
3722,9572
3722,18714
3722,8400
3722,4943
3722,8065
3722,15926
8065,21183
8065,21211
11834,741
11834,1458
11834,7926
11834,15814
11834,19877
11834,21183
11834,20214
11834,10017
11834,17535
11834,11005
11834,18714
12143,1814
12143,19877
12143,20214
12143,10017
12143,16618
19660,8828
19660,9988
19660,11199
19660,16090
19660,18714
19660,20744
18467,2065
15814,7926
15814,10416
14411,14606
7909,4943
7909,21211
4943,1896
4943,4669
4943,16898
4943,12500
4943,8793
4943,18085
4943,19954
11199,7926
11199,8629
11199,8828
11199,9930
11199,9988
11199,11005
11199,18714
11199,20744
11199,15926
2938,4534
2938,6357
2938,18322
2938,13735
2938,19569
2938,20566
2938,19877
2938,17510
2938,11778
21183,2059
20214,11193
20214,17535
10017,7926
10017,12911
10017,19034
10017,19877
15926,9930
15926,20744
15926,11005
15926,21277
15926,18314
17535,8828
17535,19448
7926,20744
7926,11005
7926,12704
7926,8360
7926,21211
1458,8629
11005,9572
11005,9930
11005,9988
11005,18085
11005,18714
11005,20744
9572,4159
18714,9988
18714,16090
18714,20744
14439,1303
14439,11193
14439,12704
14439,19877
14439,18568
9988,1303
9988,20744
528,10596
528,1267
528,22024
10596,2471
10596,2719
10596,18188
10596,14633
10596,15950
10596,3513
10596,9563
10596,6641
10596,7822
1267,1903
1267,11897
1267,14633
1267,12879
1267,15950
1267,5699
1267,9209
1267,9804
1267,15829
22024,7222
22024,3434
22024,4818
22024,9562
22024,16403
3220,21672
21672,3761
21672,7448
21672,7896
21672,15363
21672,17052
21672,18338
11315,2840
11315,5398
11315,6936
11315,7231
11315,8004
11315,8831
11315,9745
11315,10418
11315,15323
11315,11332
11315,20071
11315,12017
11315,21323
11315,21277
11315,21157
11315,14164
11315,18216
11315,12520
743,9603
743,5208
743,14055
743,17510
743,6702
583,2734
583,9562
583,4818
583,19442
583,15912
583,15607
583,19930
2734,14585
2734,20200
9562,600
9562,632
9562,2768
9562,5699
9562,5889
9562,5962
9562,7494
9562,7566
9562,19003
9562,16336
9562,9629
9562,14585
9562,16226
9562,16403
9562,16952
9562,13499
9562,15950
9562,22414
9562,19930
4818,1903
4818,988
4818,3363
4818,5586
4818,20200
4818,5135
4818,15912
4818,16938
4818,21012
4818,16436
4818,19003
4818,17987
4818,5699
4818,22218
4818,7822
4818,18338
4818,16441
4818,5702
4818,18878
4818,18607
4818,6315
4818,7566
4818,5048
4818,14585
4818,16403
4818,18355
4818,22414
4818,9209
19442,15912
15912,632
15912,3171
15912,14585
15912,16226
15912,19930
15607,632
15607,5889
15607,16226
15607,17328
15607,17570
19930,632
19930,1903
19930,2768
19930,3171
19930,14585
19930,16226
19930,17570
19930,19003
600,16938
16938,2471
16938,12042
16938,22414
16938,18338
613,4909
613,10416
613,6936
613,8360
613,19877
613,7080
613,14079
613,21211
613,9603
613,19448
613,17510
613,11778
613,14680
4909,1814
4909,11193
4909,12911
4909,14680
10416,8629
10416,11193
10416,12911
10416,9957
10416,13790
10416,14680
10416,8400
10416,20566
6936,14680
6936,12658
6936,8482
6936,19448
6936,19128
8360,1243
8360,1303
8360,1814
8360,13790
8360,8400
8360,12500
8360,21211
8360,8629
8360,9957
8360,20566
8360,14680
19877,1303
19877,1814
19877,4534
19877,7080
19877,8392
19877,8482
19877,11003
19877,12500
19877,12911
19877,13735
19877,14079
19877,14680
19877,16618
19877,18322
19877,20566
7080,1243
7080,1303
7080,1814
7080,4534
7080,11193
7080,9957
7080,8400
7080,14199
7080,17510
7080,21211
7080,12490
7080,8629
7080,12704
7080,20566
7080,14680
7080,9603
14079,12911
14079,20566
14079,14680
21211,1243
21211,1303
21211,2270
21211,9603
21211,11193
21211,12490
21211,12704
21211,9957
21211,14199
21211,14680
21211,8400
21211,19448
21211,17510
21211,20566
21211,17909
9603,1303
9603,1467
9603,1814
9603,14055
9603,4534
9603,5208
9603,5899
9603,5932
9603,6357
9603,6830
9603,6898
9603,8392
9603,8629
9603,9523
9603,13775
9603,8400
9603,22074
9603,11193
9603,4732
9603,15856
9603,14524
9603,20566
9603,19529
9603,21848
9603,19806
9603,12704
9603,13735
9603,9713
9603,18860
9603,19569
9603,18196
9603,21117
9603,12490
9603,14680
9603,12267
9603,21174
9603,17098
9603,16749
9603,20914
9603,15657
9603,13504
9603,22045
19448,701
19448,8482
19448,12658
19448,12500
19448,12544
19448,16618
19448,19128
17510,6614
17510,6702
17510,21524
11778,5208
11778,11193
11778,19505
14680,1243
14680,1303
14680,8828
14680,11193
14680,12500
14680,12704
14680,9957
14680,8400
14680,20566
14680,19128
632,17570
632,3171
632,14633
632,18878
632,16336
632,7767
632,18338
17570,7630
17570,10060
17570,16226
17570,16336
17570,18338
3171,1903
3171,2768
3171,14585
3171,19003
3171,16226
3171,18878
3171,16336
3171,10060
14633,6315
14633,7767
14633,7822
14633,12879
14633,18338
14633,22414
16336,1903
16336,4718
16336,5889
16336,7630
16336,7767
16336,7822
16336,10060
16336,14585
16336,16226
16336,19003
7767,1887
7767,3301
7767,5699
7767,6315
7767,12810
7767,10060
7767,7822
7767,16226
7767,9804
7767,8348
7767,18355
18338,1903
18338,5699
18338,6738
18338,7822
18338,10060
18338,6641
18338,3513
18338,14322
18338,15950
18338,16226
18338,16436
18338,21012
701,8482
701,20708
701,12500
701,18216
701,12426
701,7231
701,11487
701,5899
8482,6357
8482,7231
8482,18216
8482,2512
8482,17909
8482,12500
8482,19128
8482,21339
8482,13079
20708,6357
20708,11003
20708,18196
20708,20259
12500,1814
12500,11332
12500,14181
12500,16223
12500,12704
12500,16618
12500,20566
12500,21703
18216,5398
18216,5598
18216,4911
18216,8004
18216,9031
18216,10418
18216,11003
18216,11332
18216,12017
18216,12315
18216,12520
18216,11034
18216,14181
18216,18109
18216,20071
18216,21323
18216,10286
18216,21157
12426,2059
12426,8001
11487,8348
11487,8901
11487,10117
11487,11003
11487,11494
11487,16308
11487,17126
11487,13527
11487,11710
11487,22187
5899,6357
5899,19808
5899,15657
5899,12586
5899,17909
11193,1243
11193,1303
11193,1814
11193,5932
11193,8001
11193,8629
11193,8400
11193,12183
11193,9957
11193,14199
11193,12704
11193,20566
11193,16890
3941,2059
3941,5033
3941,8001
3941,20165
2259,4159
2259,3828
2259,8001
2259,20165
8251,2059
8251,3828
8251,5033
8251,7272
8251,19830
8251,4159
8251,7054
8251,20713
8251,20165
8251,8001
8251,6622
20468,2059
20468,3005
20468,5033
20468,8001
20468,4159
20468,20165
7054,2059
7054,3828
7054,20744
7054,4159
7054,6622
7054,20165
7054,8001
20713,3828
20713,8001
20713,20165
20713,4159
2059,1896
2059,4466
2059,4284
2059,12386
2059,14478
2059,14606
2059,20165
2059,8001
2059,12934
2059,14783
2059,5033
2059,4159
2059,3828
2059,13541
2059,18195
2059,16090
2059,6622
2059,19034
2059,14233
2059,9808
2059,12995
14606,3828
14606,5033
14606,8001
14606,4159
14606,20165
20165,1896
20165,3005
20165,3828
20165,4284
20165,14233
20165,6622
20165,5033
20165,8001
20165,9808
20165,12443
20165,12934
20165,12995
20165,14783
20165,4159
20165,16090
20165,16890
20165,18568
20165,19034
14783,3828
14783,14233
14783,5033
14783,8001
14783,13079
14783,4159
8001,1259
8001,1605
8001,1896
8001,2567
8001,2781
8001,3005
8001,3188
8001,3828
8001,3971
8001,4071
8001,4466
8001,14233
8001,12221
8001,6622
8001,19417
8001,7293
8001,7388
8001,7683
8001,5033
8001,12386
8001,20810
8001,20506
8001,12934
8001,4159
8001,22302
8001,20954
8001,13541
8001,18195
8001,18568
8001,21662
8001,19034
8001,18039
8001,9808
8001,12183
8001,15902
8001,14478
8001,18376
8001,11329
8001,17881
8001,12443
8001,8494
8001,4554
8001,16618
8001,19128
8001,12554
8001,10543
8001,2512
8001,19240
8001,17705
8001,15938
8001,9226
8001,14948
8001,16492
8001,9492
8001,12995
8001,13079
12934,3828
12934,5033
12934,4159
4159,1896
4159,3005
4159,3828
4159,14233
4159,6622
4159,5033
4159,9808
4159,12995
3828,1896
3828,5033
3828,16090
3828,12995
3828,14233
9808,5033
9808,18568
9808,16890
3005,5033
16890,18376
6622,4284
6622,5033
19034,5033
14233,5033
19128,12658
19128,12544
19128,13790
12995,5033
20744,8828
20744,9930
14181,7893
14181,21277
14181,16618
14181,16223
12704,1243
12704,1303
12704,1814
12704,8400
12704,9957
12704,12911
12704,20566
20566,1243
20566,1303
20566,1814
20566,8629
20566,12490
20566,12911
20566,9957
20566,8400
8400,1243
8400,1303
8400,1814
8400,8629
8400,12490
8400,12911
8400,9957
8400,14199
9957,1303
9957,1814
9957,8629
9957,12911
9957,14199
16618,4534
16618,17586
16618,16330
12490,1243
12490,1303
12490,1814
12490,8629
720,11710
720,9653
720,11514
720,10117
720,6297
720,11003
720,19578
720,9563
720,8348
720,18220
720,8219
720,7542
720,18327
720,19707
11710,4183
11710,2505
11710,2586
11710,2840
11710,3095
11710,3107
11710,3120
11710,3833
11710,4390
11710,5377
11710,5653
11710,5700
11710,6738
11710,6749
11710,7802
11710,8348
11710,8576
11710,8901
11710,9253
11710,9523
11710,9563
11710,9653
11710,9713
11710,9764
11710,10094
11710,10117
11710,16595
11710,11178
11710,11514
11710,14823
11710,16956
11710,13527
11710,14361
11710,16766
11710,14795
11710,20095
11710,17328
11710,22187
11710,16716
11710,18220
11710,6277
11710,17870
11710,16308
11710,20116
11710,17986
11710,17987
11710,21611
11710,18696
11710,18327
11710,21446
11710,19707
11710,22289
9653,2505
9653,5700
9653,8348
9653,14795
9653,14089
9653,20095
9653,19578
11514,4183
11514,955
11514,1350
11514,3991
11514,1727
11514,2505
11514,2586
11514,3095
11514,3107
11514,3120
11514,4380
11514,4869
11514,5653
11514,5700
11514,6020
11514,6263
11514,6297
11514,6738
11514,6749
11514,6865
11514,7313
11514,7778
11514,8026
11514,8901
11514,9523
11514,9563
11514,9713
11514,9764
11514,10094
11514,10116
11514,11178
11514,19707
11514,16956
11514,14361
11514,19529
11514,16766
11514,14902
11514,13950
11514,22407
11514,13626
11514,17328
11514,21041
11514,20498
11514,16716
11514,14089
11514,20187
11514,18327
11514,14823
11514,19578
11514,16308
11514,14668
11514,16224
11514,13004
11514,17986
11514,12261
11514,21611
11514,14413
11514,22187
11514,20116
11514,19542
11514,21446
11514,22289
10117,3833
10117,4390
10117,5377
10117,5546
10117,5653
10117,5700
10117,6749
10117,7802
10117,8348
10117,8720
10117,9563
10117,9764
10117,10094
10117,6277
10117,6224
10117,17870
10117,16595
10117,16308
10117,20116
10117,13527
10117,22187
10117,19529
10117,22239
10117,14795
10117,20095
10117,11178
10117,14413
10117,18220
10117,19177
10117,18327
6297,2505
6297,2840
6297,5377
6297,8026
6297,21678
6297,20597
6297,19386
6297,6522
6297,22407
6297,14902
6297,19853
6297,20498
6297,8348
6297,13626
6297,9523
11003,842
11003,2515
11003,11978
11003,4978
11003,6357
11003,7444
11003,8392
11003,8519
11003,20710
11003,19001
11003,19707
11003,20259
11003,18860
11003,13735
11003,21277
11003,17457
19578,4183
19578,3268
19578,4869
19578,8026
19578,13280
19578,14668
19578,13626
19578,13950
19578,17986
19578,22407
9563,2827
9563,6738
9563,8026
9563,8348
9563,8764
9563,9523
9563,10880
9563,20597
9563,5479
9563,11178
9563,21611
9563,20498
9563,14902
9563,22140
9563,13626
9563,13280
9563,13950
8348,4183
8348,955
8348,1727
8348,2393
8348,2505
8348,3107
8348,3120
8348,3833
8348,5377
8348,5546
8348,5653
8348,5700
8348,6263
8348,6749
8348,8026
8348,3912
8348,9764
8348,19707
8348,20498
8348,16956
8348,7948
8348,8901
8348,22187
8348,16766
8348,16786
8348,21204
8348,13950
8348,9523
8348,10094
8348,20187
8348,14089
8348,9189
8348,18327
8348,18220
8348,16308
8348,13004
8348,17986
8348,20116
8348,21611
8348,14413
8348,6277
8348,21446
18220,955
18220,4390
18220,5700
18220,11178
18220,16022
18220,16308
18220,17328
18220,22187
18220,20095
18220,22239
8219,1727
8219,2840
8219,3120
8219,16766
8219,20675
8219,11998
8219,22239
7542,3120
7542,8901
7542,9578
18327,1350
18327,2586
18327,5377
18327,11178
18327,4360
18327,16308
18327,17328
18327,19542
18327,21812
18327,20597
18327,22239
19707,842
19707,12552
19707,9253
19707,17870
5208,1467
5208,4050
5208,4507
5208,4732
5208,13735
5208,6898
5208,14524
5208,18196
5208,6357
5208,15657
5208,6034
5208,20259
14055,21417
842,12552
865,7272
865,21012
865,9656
865,16442
865,17656
7272,2367
7272,19830
21012,2044
21012,3434
21012,7822
21012,12042
9656,8576
9656,16831
9656,19177
16442,10803
16442,8576
16442,9338
16442,16831
17656,8576
875,12248
12248,2840
12248,4696
12248,6738
12248,4360
12248,14902
12248,19386
12248,17328
4183,955
4183,2586
4183,12261
4183,14089
4183,14668
4183,19386
4183,13626
4183,14902
4183,13950
955,14823
955,16224
955,3095
955,11998
955,9253
955,13626
955,7778
955,20498
955,6865
955,13950
2586,6738
2586,2741
2586,8901
2586,18696
2586,9189
2586,4360
12261,3991
12261,16051
12261,8026
12261,9523
12261,10116
12261,13626
12261,13950
12261,19853
14089,4696
14089,5700
14089,9764
14089,10094
14089,14668
14089,16766
14089,17328
14089,16308
14089,20597
14089,19177
14668,4730
14668,5547
14668,7802
14668,8901
14668,9764
14668,10094
14668,10408
14668,11998
14668,12618
14668,17223
14668,7948
14668,16022
14668,16956
14668,17987
14668,22407
14668,13626
14668,14413
14668,21041
14668,18080
14668,18696
14668,20187
19386,1727
19386,2505
19386,2840
19386,3833
19386,8625
19386,10094
19386,17453
19386,13004
19386,13626
19386,14524
19386,14902
19386,16022
19386,16716
19386,22289
13626,1015
13626,3991
13626,4034
13626,2827
13626,2840
13626,3095
13626,3107
13626,3268
13626,3952
13626,4869
13626,6865
13626,16051
13626,7778
13626,8026
13626,8576
13626,8720
13626,9523
13626,14823
13626,18594
13626,16822
13626,22140
13626,21524
13626,22187
13626,19529
13626,14323
13626,17986
13626,16224
13626,21999
13626,16082
13626,22407
13626,14902
13626,19853
13626,13950
13626,21540
13626,22289
14902,6865
14902,8026
14902,5479
14902,13004
14902,13950
14902,20498
14902,20095
14902,22289
13950,3991
13950,1727
13950,2827
13950,3095
13950,3107
13950,6865
13950,7778
13950,9523
13950,10116
13950,17986
13950,16224
13950,21540
13950,14823
13950,19529
13950,22289
14823,6738
14823,7822
16224,2840
16224,9523
16224,18594
3095,3991
3095,6277
3095,3107
3095,4445
11998,5547
11998,22407
9253,2840
9253,3833
9253,8625
9253,15329
9253,11709
9253,21578
7778,8026
20498,2827
20498,8026
20498,9713
20498,4732
20498,15329
20498,16716
20498,20597
20498,21812
6865,17987
993,20074
993,4534
4534,13775
4534,18909
4534,18860
4534,19569
4534,6357
4534,18322
4534,21117
4534,10558
1015,8026
1015,13280
1015,5479
8026,4034
8026,2827
8026,3952
8026,4643
8026,4869
8026,7313
8026,9713
8026,10116
8026,18594
8026,8764
8026,22140
8026,22187
8026,9523
8026,19529
8026,5479
8026,13280
8026,19853
8026,21540
8026,19177
8026,22289
13280,9523
13280,18594
13280,19529
13280,22140
5479,3952
5479,9523
5479,18594
5479,19853
1021,988
1021,7222
1021,18355
988,1887
988,9634
988,4718
988,18355
7222,1887
7222,7271
7222,5586
7222,14585
7222,16436
7222,7822
7222,18355
18355,8804
18355,1887
18355,2161
18355,3434
18355,4596
18355,4718
18355,5048
18355,5094
18355,5288
18355,5586
18355,7271
18355,7822
18355,9209
18355,9719
18355,14322
18355,15619
18355,16436
18355,16901
18355,9634
18355,20200
11332,2904
11332,3532
11332,5398
11332,5598
11332,4911
11332,8004
11332,8831
11332,9031
11332,9745
11332,10418
11332,10618
11332,15323
11332,21157
11332,11034
11332,21277
11332,18109
11332,12315
11332,12520
11332,20071
11332,11975
11332,21323
11332,10286
11332,13742
11332,12017
11332,14164
8519,21277
21703,12544
1814,1243
1814,13790
1814,22074
1814,14199
1814,22045
1814,8629
1814,8828
1814,18909
1127,3343
1127,3912
1127,21056
1127,18370
1127,18607
3343,2588
3343,18370
3343,7448
3912,4011
3912,2161
3912,3268
3912,8720
3912,10880
3912,18688
3912,8576
3912,17569
3912,14413
3912,18092
3912,19177
21056,7448
18370,2588
18370,7448
18607,13917
1132,4869
1132,10453
1132,9189
1132,21578
1132,14795
4869,4643
4869,18594
4869,14795
4869,16051
4869,19853
10453,6675
9189,5906
9189,12161
14795,3833
14795,5653
14795,5700
14795,7802
14795,9764
14795,11178
14795,20095
14795,17870
14795,18594
14795,16308
14795,18696
1243,1303
1243,8629
1303,18196
1303,14199
1303,8629
8629,9930
8629,12911
1259,2781
2781,10969
2781,3188
2781,7293
2781,2512
2781,17881
2781,3971
2781,18049
2781,21339
2781,18376
2781,19240
1903,5889
1903,16226
1903,5699
11897,7566
11897,7822
12879,2789
12879,13666
15950,12018
15950,13917
15950,16436
5699,6315
5699,9804
5699,7822
9209,3363
9209,4718
9209,5586
9209,7271
9209,7822
9209,16436
9209,15619
18196,6357
18196,6830
18196,6898
18196,9713
18196,4732
18196,12267
18196,13735
18196,13775
18196,14524
18196,22045
18196,22074
18196,21117
18196,19529
18196,21174
18195,4284
1350,6738
1350,17328
1350,8720
1350,11217
1350,8576
1350,2840
6738,3120
6738,4380
6738,4696
6738,5535
6738,12651
6738,10408
6738,14361
6738,16766
6738,21611
6738,21446
6738,20187
6738,13004
17328,2741
17328,2840
17328,3833
17328,4696
17328,5547
17328,5653
17328,7461
17328,12651
17328,10408
17328,11178
17328,11749
17328,14361
17328,16308
17328,16766
17328,16956
17328,7948
17328,19542
17328,21848
17328,17987
17328,20095
17328,21812
17328,18696
17328,20597
8720,2827
8720,3268
8720,4284
8720,5700
8720,21678
8720,17586
8720,17569
8720,18092
8720,10880
8720,17715
8720,19177
8720,19001
11217,2840
11217,3974
11217,6253
11217,21611
11217,21446
11217,21988
8576,1613
8576,4011
8576,2161
8576,2719
8576,4643
8576,5439
8576,10803
8576,5546
8576,14426
8576,16533
8576,18688
8576,21988
8576,8825
8576,18092
8576,19001
8576,9065
8576,12658
8576,14585
8576,19853
8576,9338
8576,13639
8576,19177
2840,3991
2840,4360
2840,6749
2840,21446
2840,20597
1467,18909
1467,6357
1467,13735
1467,21117
18909,6357
18909,19505
6357,2515
6357,4507
6357,22045
6357,21117
6357,13735
6357,17098
6357,17457
6357,10300
13735,4050
13735,6830
13735,6898
13735,9713
13735,12267
13735,13504
13735,22074
13735,19569
13735,19529
21117,5932
3991,8901
3991,3107
8901,3974
8901,10094
8901,18080
8901,16956
1542,18422
18422,2044
18422,2719
18422,3434
1548,6020
1548,16716
1548,14107
1548,7713
1548,7948
1548,4730
1548,20009
6020,14950
6020,16716
6020,20009
6020,7948
16716,5547
16716,7713
16716,9713
16716,4732
16716,14524
16716,14950
16716,15329
16716,15856
16716,16167
16716,16308
16716,16677
16716,22074
16716,7948
16716,14107
16716,20675
16716,21848
16716,20597
16716,6522
16716,21812
16716,14413
14107,11139
14107,14950
14107,7948
7713,21848
7713,16677
7713,4732
7713,15329
7713,4360
7713,21812
7713,7948
7713,17106
7948,4730
7948,5377
7948,20009
4730,6263
4730,5535
4730,17569
12911,13790
22424,3653
22424,8506
22424,8825
22424,19902
3458,8506
3458,7822
3458,3653
15329,6675
15329,9713
15329,11709
15329,4732
15329,21812
15329,20597
3653,10396
3653,8825
3653,19902
3653,19177
3653,17715
3653,19001
8825,8688
8825,19902
8825,19177
4011,2161
4011,19177
4011,4445
4011,18688
4011,3268
4011,17715
4011,14585
4011,1727
4011,19001
1605,8494
1612,6253
1612,3974
6253,3974
6253,10634
6253,21446
6253,16969
3974,17223
3974,10094
3974,21611
3974,18080
3974,16956
3974,21446
3974,10634
3974,11770
1613,9578
1613,18688
1613,4489
1613,8018
1613,16786
9578,4489
9578,4596
9578,14322
9578,15662
9578,16702
9578,18688
18688,2161
18688,4489
18688,11642
18688,12198
18688,17586
4489,19699
4489,21297
4489,16702
4489,6346
4489,8018
4489,16786
4489,7854
4489,12198
8018,1727
16786,2044
16786,2719
2161,16436
2161,14585
2161,7822
19177,2271
19177,3268
19177,3687
19177,4284
19177,4643
19177,10803
19177,5546
19177,7016
19177,17909
19177,18092
19177,19001
19177,20506
19177,19402
4445,16766
4445,4732
4445,6522
4445,22407
4445,16956
4445,14361
4445,8625
4445,5547
3268,2044
3268,10880
3268,4284
3268,18092
3268,17715
3268,19402
3268,19001
17715,10880
17715,19402
17715,19001
14585,7630
14585,7822
14585,10060
14585,19003
14585,16226
14585,17669
1727,3601
19001,4284
19001,7854
19001,12198
19001,16702
19001,18092
3601,21678
3601,8625
4034,18594
4034,19853
18594,2588
18594,3952
18594,4643
18594,7313
18594,9523
18594,14323
18594,19853
18594,22140
19853,16051
19853,9523
19853,14323
19853,16082
19853,19529
19853,21999
5767,16285
20980,13666
15593,2768
15593,14663
15593,20576
16436,3363
16436,4596
16436,4718
16436,5586
16436,7822
16436,9719
16436,20200
20576,12810
7822,1887
7822,2471
7822,3363
7822,4596
7822,4718
7822,5586
7822,5962
7822,6402
7822,6650
7822,7271
7822,19003
7822,17439
7822,22414
7822,15619
7822,20200
7822,16901
7822,14322
7822,16226
7822,13499
22074,2505
22074,9713
22074,4732
22074,14524
22074,19529
22074,20187
22074,20597
22074,21812
1887,7271
1887,9719
1887,16901
1887,4718
7271,4718
7271,16350
7271,16901
16901,4596
16901,4718
16901,9634
16901,17027
16901,20200
4718,16226
4718,9634
4718,17027
4718,15619
4718,10060
5889,10060
5889,16226
16226,7630
16226,10060
16226,9634
2044,2471
2044,3434
2044,17439
2471,3434
3434,12018
3434,6641
3434,17439
3434,16285
3434,4160
4466,4071
4466,10618
4466,9031
4284,4071
4284,12183
4284,16330
4284,12658
12386,14478
14478,16492
13541,4071
16090,10618
9634,4596
9634,5048
9634,16350
19505,4119
19505,10786
19505,11950
19505,13472
19505,21174
10786,11950
10786,16223
12978,7016
12978,8688
7016,6224
7016,8688
5586,3363
5586,20200
5586,16441
5586,6641
19003,10060
19003,13917
2588,19385
2588,13832
2588,5439
2588,17849
2588,7448
2588,3761
2588,11161
2588,7896
2588,7359
2588,18181
3513,3761
3761,2789
3761,2912
3761,4596
3761,19385
3761,11642
3761,5253
3761,17849
3761,11370
3761,7448
3761,13528
3761,9020
3761,15662
3761,12314
18181,7448
5962,3301
2367,19830
2393,5377
5377,3120
5377,17987
5377,14413
5377,21611
5377,20597
2505,10094
2505,21611
2505,21041
10094,5546
10094,13527
21611,8247
21611,16969
21611,21446
21041,4696
21041,22407
2515,20259
20259,5932
20259,21174
2516,16775
16775,20112
16775,9020
2567,16749
2567,21339
2567,13079
16749,13881
16749,21339
21339,3971
21339,10969
21339,2512
21339,11990
21339,13079
21339,13881
21339,17881
21339,17909
21339,18049
21339,18376
21339,19240
13079,12221
13079,10034
13079,10969
13079,16330
13079,20983
2741,16308
2741,7461
2741,20597
2741,11178
18696,3833
18696,4390
18696,5547
18696,13527
18696,16956
18696,20095
18696,22407
18696,22239
4360,10880
19385,5253
19385,7448
19385,7896
19385,13917
19385,17849
19385,13528
19385,19379
19385,14322
13832,4596
5439,2719
5439,10396
5439,21988
5439,14426
5439,9065
17849,7359
17849,7448
17849,18761
17849,20986
7448,5253
7448,7359
7448,13528
7448,19379
7448,7896
7448,11161
11161,7896
11161,13666
7896,5253
7896,13917
7896,19379
7359,5253
7359,13528
7359,17185
15778,5288
16441,5048
2719,10396
2719,21988
2719,9065
2719,14426
10396,9065
10396,14426
10396,21988
21988,9065
9065,14426
6315,12810
6315,17052
6315,6402
11321,9629
11321,14663
11321,14322
5094,8506
16308,3833
16308,4390
16308,5546
16308,5653
16308,5700
16308,6749
16308,9764
16308,16595
16308,11178
16308,13527
16308,14524
16308,16167
16308,20116
16308,16956
16308,22187
16308,22239
16308,16766
16308,20095
7461,21848
7461,17987
7461,20597
7461,21812
7461,14413
20597,3120
20597,3952
20597,4696
20597,12651
20597,9523
20597,9713
20597,10408
20597,11749
20597,4732
20597,14361
20597,14524
20597,16167
20597,16677
20597,16766
20597,17106
20597,17987
20597,19529
20597,19542
20597,21848
20597,20914
20597,21812
11178,3833
11178,4390
11178,5653
11178,5700
11178,6749
11178,9764
11178,14524
11178,16956
11178,20116
11178,22239
11178,16766
11178,16167
10969,3971
10969,18049
10969,18376
10969,17881
10969,2512
10969,19240
10969,11990
7293,3971
7293,17881
7293,11990
7293,18049
7293,18376
7293,19240
2512,3971
2512,17881
2512,19240
17881,3971
17881,11990
17881,18049
17881,18376
17881,19240
3971,18376
3971,19240
3971,11990
3971,18049
18049,18376
18376,2980
18376,11990
18376,19240
19240,11990
2789,13666
12574,20506
18092,4643
2827,6277
2827,9523
2827,4380
10803,16533
17586,2912
17586,6346
17586,7854
17586,7882
17586,19699
17586,20459
17586,12198
17586,12449
17586,16702
17586,21297
16330,10034
16330,20983
5546,6224
5546,20116
5546,10408
5546,16022
5546,22239
10060,7630
10060,14322
6277,4390
6277,9764
9523,22140
9523,22289
4380,21204
4380,20187
4380,12651
6749,4390
6749,5653
6749,5700
6749,22239
6749,13527
6749,20095
6749,22187
21446,8247
21446,17453
21446,16969
2904,21323
2904,14164
2904,5598
2904,12017
21323,5398
21323,5598
21323,9745
21323,10418
21323,12017
21323,11034
21323,15323
21323,14164
21323,10286
21323,20071
21323,21157
14164,5398
14164,8004
14164,9745
14164,10418
14164,12017
14164,11034
14164,15323
14164,10286
5598,10418
5598,12017
5598,9745
5598,12520
5598,8004
5598,8831
12017,5398
12017,4911
12017,8004
12017,8831
12017,9745
12017,10418
12017,11034
12017,15323
12017,12315
12017,20071
12017,12520
2912,1315
2912,16231
2912,7882
2912,12449
1315,7882
16231,19699
7882,21297
7882,19699
7882,12449
12449,7854
12449,19699
12449,21297
18322,13775
18322,18860
19569,15657
3008,5363
5363,20506
6650,12042
14322,8506
9006,14663
16082,16022
7854,16702
7854,19699
7854,12198
12198,6346
12198,19699
12198,16702
16702,6346
16702,19699
16702,928
19699,6213
19699,6346
19699,20459
19699,21297
19699,928
5700,3833
5700,4390
5700,16677
5700,9764
5700,17870
5700,7802
5700,16956
5700,13527
5700,6263
5700,22187
5700,16167
5700,22239
5700,20095
5700,14413
22239,4390
22239,5653
22239,12651
22239,9764
22239,16595
22239,13527
22239,16167
22239,17870
22239,20116
22239,22187
20506,12221
20506,16831
12018,16285
16285,6812
12183,4071
12183,12443
4071,12443
10618,8831
10618,9031
10618,10418
10618,12314
10618,12520
20940,7893
8625,3833
8625,11709
15068,15068
12314,9031
3833,16677
3833,4390
3833,13527
3833,20095
3833,22187
16677,4732
16677,20095
16677,21812
4390,9764
4390,17870
4390,7802
4390,16167
4390,20116
4390,13527
4390,5653
4390,22187
13527,5653
13527,9764
13527,20116
13527,20095
13527,14524
20095,5653
20095,7802
20095,9764
20095,16595
20095,17870
20095,20116
20095,22187
22187,5653
22187,6224
22187,17870
22187,19529
22187,20116
22187,20187
3844,13742
3844,10991
3844,7250
3844,20264
11990,12221
17223,17569
18080,16022
18080,19769
4050,16223
16223,9902
16223,18407
16223,19808
16223,17457
7444,12586
7444,19808
8392,19808
8392,12586
21204,8247
21204,20187
20187,22407
12651,21848
12651,10513
12651,21812
17870,22407
16167,4732
16167,21812
16766,21812
4732,9713
4732,21848
4732,19529
4732,6522
4732,21812
4732,14524
4732,20675
6522,21848
6522,17106
6522,21812
22407,5547
22407,8247
22407,12618
22407,16969
22407,17987
22407,14413
14361,4696
14361,21848
14361,21812
5547,4696
5547,14413
9031,11975
9031,21157
6346,928
4507,12586
4507,19808
12586,12267
12586,19808
12586,18653
19808,12267
19808,18407
19808,18653
18860,10558
20675,21848
20675,21812
4643,22140
4643,14323
22140,19529
4696,21848
4696,17987
4696,10408
4696,19542
4696,11749
4696,21812
21848,12267
21848,15856
21848,21812
17987,10408
17987,11749
17987,12618
17987,21812
17987,14413
10408,19542
10408,21812
11749,21812
21812,9713
21812,14524
21812,15856
6263,19769
6263,17569
5535,13004
17569,19769
16051,9713
15657,14663
5398,15323
5398,21157
15323,4911
15323,8004
15323,12315
15323,21157
15323,10641
15323,18109
21157,4911
21157,8004
21157,10418
21157,12315
21157,12520
21157,10641
21157,20071
10418,4911
10418,8004
10418,11034
10418,10286
10418,20071
10418,18109
9745,8004
9745,11034
9745,20071
9745,12520
12520,8831
8004,11034
14950,11139
15530,4554
14663,13472
19417,7388
9713,8764
9713,19529
22289,10116
4911,20071
4911,10641
4911,12315
4911,18109
20071,12315
20071,11034
20071,18109
20071,10641
20071,10286
18109,11975
20983,10034
20810,16492
20810,15938
21662,10543
11034,11975
8064,18912
11950,10075
11950,13472
10034,12544
11494,17126
