94,1901
94,8606
94,12896
94,22171
94,1372
94,19743
94,4499
94,5212
94,21729
94,16032
94,21588
1901,22374
1901,1087
1901,7083
1901,5064
1901,17299
1901,11966
1901,22171
1901,6473
1901,2444
1901,12280
1901,6102
1901,12500
1901,14249
1901,21729
1901,6993
1901,16355
1901,10426
1901,3867
1901,21013
1901,13106
1901,9784
1901,6481
1901,5183
1901,11125
1901,5019
1901,4991
1901,5748
1901,10578
1901,6137
1901,22405
1901,3073
1901,18216
1901,6116
1901,4897
1901,21212
1901,13300
1901,19377
1901,17051
1901,2377
1901,21588
1901,5623
1901,7026
1901,19137
1901,5458
1901,19743
1901,16902
1901,18512
1901,12372
1901,12896
1901,5382
1901,3965
1901,7911
1901,4249
1901,12740
1901,16032
1901,16741
1901,17866
1901,22443
1901,8606
1901,20319
1901,20135
1901,5212
1901,12458
1901,5926
1901,20734
1901,3491
1901,3229
8606,22374
8606,197
8606,368
8606,997
8606,1025
8606,1330
8606,1387
8606,3073
8606,3242
8606,3491
8606,18913
8606,17299
8606,6473
8606,7083
8606,13441
8606,4897
8606,21729
8606,6993
8606,3864
8606,7911
8606,3867
8606,13106
8606,5183
8606,5748
8606,20135
8606,6116
8606,8740
8606,21212
8606,13634
8606,4225
8606,21588
8606,5623
8606,5458
8606,5280
8606,17694
8606,21013
8606,13149
8606,17866
8606,20725
8606,13487
8606,7379
8606,20559
8606,3830
8606,11432
8606,18454
8606,8977
8606,14031
8606,22171
8606,10707
8606,19347
8606,12458
8606,19137
8606,12500
8606,10578
8606,17051
8606,11125
8606,22405
8606,10426
8606,9893
8606,12714
8606,16895
8606,9910
8606,5019
8606,19388
8606,19743
8606,14071
8606,18512
8606,9557
8606,12896
8606,5382
8606,4499
8606,16032
8606,16741
8606,6858
8606,19757
8606,13576
8606,6441
8606,5212
8606,11189
12896,1372
12896,2078
12896,2377
12896,3229
12896,5891
12896,5212
12896,5458
12896,9287
12896,11189
12896,11260
12896,11332
12896,6137
12896,19432
12896,16895
22171,22374
22171,436
22171,496
22171,5354
22171,927
22171,997
22171,1025
22171,1372
22171,3630
22171,20135
22171,3735
22171,3965
22171,4225
22171,4499
22171,5891
22171,4786
22171,5212
22171,12280
22171,6422
22171,6441
22171,6473
22171,22405
22171,7161
22171,7911
22171,8883
22171,9319
22171,9893
22171,11043
22171,11260
22171,11332
22171,12500
22171,13264
22171,13300
22171,13441
22171,13576
22171,14031
22171,15236
22171,15468
22171,16519
22171,16869
22171,16895
22171,10379
22171,17780
22171,18906
22171,19231
22171,19347
22171,19623
22171,19743
22171,19757
22171,19795
22171,19851
22171,20024
22171,20559
22171,20758
22171,20818
22171,21729
22171,19432
22171,13212
1372,22374
1372,5354
1372,1330
1372,11189
1372,11966
1372,6473
1372,2444
1372,19870
1372,12280
1372,21212
1372,19623
1372,20758
1372,5064
1372,12500
1372,21475
1372,4499
1372,6481
1372,10578
1372,21013
1372,5891
1372,5183
1372,6137
1372,9893
1372,17299
1372,13576
1372,5623
1372,5808
1372,19137
1372,5458
1372,19743
1372,14071
1372,18677
1372,18512
1372,19231
1372,8718
1372,19347
1372,7487
1372,15468
1372,7911
1372,12740
1372,16032
1372,16741
1372,17866
1372,3965
1372,19757
1372,3073
1372,3830
1372,18906
1372,21254
1372,5212
1372,10379
1372,12459
1372,18266
1372,3491
1372,14356
1372,5382
1372,7556
1372,10426
19743,22374
19743,197
19743,5354
19743,927
19743,1330
19743,1387
19743,2078
19743,2085
19743,2377
19743,2444
19743,3073
19743,3229
19743,3242
19743,3491
19743,20135
19743,3735
19743,3864
19743,4036
19743,4499
19743,4640
19743,4786
19743,4906
19743,4948
19743,4991
19743,5064
19743,5212
19743,5280
19743,5451
19743,5458
19743,12280
19743,5808
19743,6422
19743,6441
19743,6473
19743,22405
19743,6993
19743,7026
19743,7083
19743,7161
19743,7368
19743,7379
19743,7556
19743,7911
19743,8740
19743,8883
19743,9319
19743,12776
19743,9784
19743,9893
19743,9910
19743,9949
19743,15066
19743,10769
19743,11043
19743,11125
19743,11145
19743,11165
19743,11189
19743,11432
19743,11966
19743,4897
19743,12458
19743,12459
19743,12500
19743,12740
19743,13264
19743,13300
19743,13428
19743,13487
19743,13576
19743,13634
19743,14031
19743,14186
19743,17299
19743,6137
19743,10426
19743,15468
19743,15849
19743,16032
19743,18677
19743,16741
19743,16869
19743,16895
19743,16902
19743,17051
19743,10379
19743,17694
19743,17780
19743,17866
19743,18216
19743,18266
19743,18512
19743,18995
19743,19137
19743,19231
19743,19289
19743,19347
19743,19551
19743,19623
19743,21013
19743,21838
19743,19759
19743,19795
19743,19432
19743,21212
19743,20559
19743,21588
19743,20758
19743,19870
19743,20173
19743,19757
4499,22374
4499,496
4499,1387
4499,2085
4499,3491
4499,3864
4499,4036
4499,4225
4499,14031
4499,17299
4499,21212
4499,4786
4499,19347
4499,19795
4499,15236
4499,5064
4499,21729
4499,17051
4499,10769
4499,9784
4499,5183
4499,13441
4499,5748
4499,6137
4499,18216
4499,6116
4499,5451
4499,12714
4499,21588
4499,19137
4499,5019
4499,11145
4499,22329
4499,6422
4499,10578
4499,19231
4499,18512
4499,5382
4499,15110
4499,20024
4499,16032
4499,16869
4499,16741
4499,22443
4499,8883
4499,13487
4499,17780
4499,6441
4499,11332
4499,5212
4499,18906
4499,10379
4499,12458
4499,19870
4499,11260
4499,19289
4499,5458
4499,5891
4499,9319
4499,16895
4499,4948
4499,7556
4499,10426
4499,13300
5212,22374
5212,197
5212,7460
5212,368
5212,432
5212,436
5212,496
5212,5354
5212,927
5212,997
5212,1025
5212,1087
5212,1330
5212,1387
5212,1508
5212,7712
5212,1701
5212,5068
5212,2026
5212,2078
5212,2085
5212,2377
5212,2444
5212,2461
5212,2997
5212,3073
5212,3229
5212,3242
5212,3342
5212,3491
5212,3628
5212,3630
5212,20135
5212,3735
5212,3830
5212,3864
5212,3867
5212,3945
5212,3965
5212,4036
5212,4068
5212,4220
5212,4225
5212,19377
5212,4249
5212,4329
5212,4456
5212,4640
5212,4656
5212,5891
5212,4786
5212,4906
5212,4948
5212,4991
5212,5019
5212,5064
5212,5176
5212,5183
5212,9949
5212,8362
5212,18913
5212,17299
5212,22278
5212,13230
5212,13264
5212,6473
5212,19795
5212,12280
5212,13441
5212,19623
5212,7320
5212,12776
5212,15066
5212,21729
5212,6481
5212,20153
5212,11043
5212,9784
5212,2929
5212,20173
5212,14748
5212,5748
5212,16032
5212,8734
5212,22012
5212,6137
5212,18216
5212,19989
5212,8740
5212,21212
5212,19289
5212,13300
5212,5451
5212,5623
5212,13634
5212,8718
5212,8389
5212,21588
5212,22369
5212,5808
5212,7026
5212,19137
5212,5458
5212,5280
5212,13212
5212,18677
5212,9377
5212,14838
5212,17694
5212,8857
5212,20024
5212,7911
5212,10208
5212,13149
5212,17866
5212,13487
5212,7379
5212,21254
5212,19851
5212,10379
5212,20559
5212,7077
5212,21013
5212,12459
5212,19691
5212,18995
5212,11795
5212,7556
5212,18454
5212,20567
5212,9319
5212,8977
5212,22375
5212,15871
5212,19001
5212,7852
5212,10745
5212,14031
5212,7083
5212,11463
5212,21189
5212,11966
5212,15961
5212,14878
5212,11189
5212,5509
5212,10707
5212,19347
5212,11716
5212,19870
5212,12458
5212,15236
5212,8813
5212,20758
5212,16519
5212,12500
5212,21473
5212,21475
5212,14186
5212,16163
5212,13418
5212,16355
5212,16869
5212,17051
5212,10769
5212,14356
5212,6993
5212,6908
5212,11125
5212,11260
5212,22405
5212,10578
5212,9893
5212,12461
5212,4897
5212,22329
5212,19551
5212,12714
5212,18266
5212,13106
5212,16895
5212,6116
5212,9910
5212,7487
5212,11432
5212,11145
5212,19388
5212,6422
5212,16902
5212,14071
5212,6773
5212,18512
5212,9557
5212,21838
5212,19759
5212,19231
5212,7368
5212,9379
5212,5382
5212,15849
5212,15110
5212,15468
5212,2274
5212,17979
5212,12740
5212,16618
5212,16741
5212,22443
5212,19757
5212,17780
5212,20818
5212,13576
5212,6441
5212,20319
5212,18906
5212,11332
5212,15131
5212,21354
5212,6366
5212,2416
5212,6102
5212,14249
5212,9118
5212,5926
5212,11901
5212,16756
5212,18448
5212,11165
5212,8883
5212,13428
5212,17637
5212,10426
21729,22374
21729,197
21729,5354
21729,927
21729,1330
21729,1387
21729,2078
21729,2085
21729,2377
21729,2444
21729,3073
21729,3229
21729,3242
21729,3491
21729,20135
21729,3735
21729,3864
21729,4036
21729,4640
21729,4906
21729,4991
21729,5064
21729,5280
21729,5451
21729,5458
21729,12280
21729,5808
21729,6441
21729,6473
21729,22405
21729,6993
21729,7026
21729,7083
21729,7161
21729,7368
21729,7379
21729,7556
21729,7911
21729,8740
21729,8883
21729,9319
21729,12776
21729,9784
21729,9893
21729,9910
21729,9949
21729,15066
21729,10769
21729,11043
21729,11125
21729,11145
21729,11165
21729,11189
21729,11432
21729,11966
21729,4897
21729,12458
21729,12459
21729,12500
21729,12740
21729,13264
21729,13300
21729,13428
21729,13487
21729,13576
21729,13634
21729,14031
21729,14186
21729,17299
21729,10426
21729,15468
21729,15849
21729,16032
21729,18677
21729,16741
21729,16869
21729,16895
21729,16902
21729,17051
21729,10379
21729,17694
21729,17780
21729,17866
21729,18216
21729,18266
21729,18512
21729,18995
21729,19137
21729,19231
21729,19289
21729,19347
21729,19551
21729,19623
21729,19759
21729,19795
21729,19870
21729,20173
21729,20559
21729,20758
21729,21013
21729,21212
21729,21588
21729,21838
21729,19432
16032,7460
16032,496
16032,2078
16032,3229
16032,20135
16032,3965
16032,4225
16032,5891
16032,4948
16032,5064
16032,6422
16032,7556
16032,5748
16032,11189
16032,11332
16032,12714
16032,13441
16032,14031
16032,19347
16032,16519
16032,16869
16032,19289
16032,19432
16032,21588
16032,17780
16032,20024
16032,22443
16032,18906
16032,19851
16032,10379
21588,1087
21588,3229
21588,5891
21588,11260
21588,11332
21588,14031
21588,10379
21588,17780
21588,18906
21588,19289
21588,19347
21588,19757
21588,20319
21588,22443
21588,19432
21588,22329
22374,5808
22374,5458
22374,3735
22374,14031
22374,927
22374,18512
22374,19347
22374,11332
22374,5382
22374,12500
22374,15110
22374,20024
22374,6481
22374,12740
22374,3073
22374,21013
22374,16741
22374,9784
22374,6993
22374,5748
22374,21212
22374,10426
22374,10379
22374,6116
22374,12458
22374,12459
22374,17299
22374,4786
22374,3491
22374,17866
5808,12280
5808,13212
5808,7161
5458,197
5458,7460
5458,496
5458,927
5458,1387
5458,2085
5458,3628
5458,3630
5458,3735
5458,4225
5458,4786
5458,4948
5458,5451
5458,13441
5458,11043
5458,18216
5458,6116
5458,19432
5458,21212
5458,8883
5458,20024
5458,19851
5458,10379
5458,20559
5458,11432
5458,9319
5458,14031
5458,19347
5458,19870
5458,15236
5458,10426
5458,10769
5458,16869
5458,16895
5458,13212
5458,22012
5458,17780
5458,11332
5458,19757
5458,13428
5458,6441
5458,22375
5458,5748
5458,18906
3735,927
3735,1387
3735,2085
3735,3073
3735,3242
3735,3491
3735,9949
3735,17299
3735,13264
3735,6993
3735,21013
3735,5183
3735,5748
3735,6137
3735,8740
3735,21212
3735,18216
3735,16741
3735,10578
3735,7026
3735,17694
3735,7911
3735,17866
3735,7379
3735,10379
3735,20559
3735,11432
3735,22375
3735,14878
3735,10707
3735,19347
3735,19870
3735,12500
3735,16902
3735,18512
3735,19759
3735,6441
3735,13428
3735,2416
3735,8883
3735,10426
14031,197
14031,496
14031,1025
14031,1330
14031,1387
14031,3073
14031,20135
14031,3867
14031,3965
14031,4036
14031,4991
14031,5019
14031,5064
14031,5183
14031,5280
14031,5382
14031,5451
14031,5623
14031,12280
14031,6441
14031,6473
14031,22405
14031,6993
14031,7161
14031,21189
14031,7320
14031,7911
14031,5748
14031,8740
14031,9379
14031,9910
14031,11966
14031,12458
14031,12459
14031,12740
14031,10707
14031,5926
14031,13300
14031,13576
14031,18913
14031,17299
14031,6116
14031,19795
14031,19623
14031,21013
14031,21838
14031,21212
14031,17866
14031,19137
14031,17694
14031,19691
14031,18454
14031,20758
14031,17051
14031,14071
14031,18512
14031,17780
14031,19231
14031,15468
14031,16741
14031,19757
14031,20153
14031,16756
14031,19388
14031,10426
927,197
927,7460
927,1387
927,3242
927,17299
927,19347
927,19870
927,5926
927,4786
927,21473
927,6993
927,10426
927,4948
927,9784
927,21838
927,6137
927,18216
927,2078
927,16869
927,12459
927,21212
927,5451
927,18906
18512,197
18512,436
18512,496
18512,997
18512,1025
18512,1330
18512,1508
18512,7712
18512,1701
18512,2085
18512,2444
18512,3628
18512,3630
18512,20135
18512,3867
18512,3965
18512,4456
18512,4656
18512,4906
18512,4948
18512,5019
18512,5064
18512,5176
18512,5183
18512,5280
18512,9377
18512,5623
18512,6366
18512,6441
18512,6473
18512,7320
18512,7556
18512,8718
18512,8883
18512,9379
18512,9784
18512,9893
18512,9910
18512,15066
18512,10208
18512,10578
18512,11189
18512,11332
18512,11966
18512,4897
18512,12458
18512,12459
18512,10707
18512,13487
18512,13576
18512,14071
18512,14356
18512,14748
18512,10426
18512,16895
18512,10379
18512,17780
18512,17979
18512,18448
18512,19623
18512,20173
18512,19432
18512,19137
18512,13212
18512,20024
18512,20559
18512,19347
18512,20758
18512,21473
18512,21475
18512,19388
18512,19231
18512,19757
18512,20818
18512,18906
18512,21354
19347,197
19347,368
19347,1330
19347,1387
19347,1701
19347,2085
19347,2444
19347,2461
19347,3073
19347,3242
19347,3491
19347,3630
19347,3864
19347,3945
19347,4640
19347,4786
19347,4948
19347,4991
19347,5064
19347,5183
19347,5382
19347,5451
19347,5623
19347,6441
19347,6473
19347,6481
19347,6993
19347,7026
19347,7379
19347,8718
19347,8740
19347,8857
19347,8883
19347,9557
19347,9784
19347,9949
19347,10578
19347,10769
19347,11145
19347,11189
19347,11332
19347,11432
19347,11716
19347,11795
19347,11901
19347,11966
19347,4897
19347,12458
19347,12459
19347,12500
19347,12740
19347,13106
19347,13428
19347,13487
19347,14071
19347,17299
19347,14356
19347,6137
19347,2416
19347,14838
19347,14878
19347,15236
19347,10426
19347,15871
19347,6116
19347,15961
19347,16163
19347,16355
19347,18677
19347,16741
19347,16869
19347,16895
19347,10379
19347,17694
19347,17866
19347,18216
19347,18266
19347,18448
19347,18906
19347,18995
19347,19231
19347,19289
19347,21838
19347,20559
19347,19759
19347,22375
19347,21212
19347,22329
19347,21254
19347,22369
19347,19870
19347,19551
19347,19757
11332,1087
11332,1330
11332,1387
11332,2085
11332,2444
11332,2461
11332,3073
11332,3491
11332,3630
11332,20135
11332,3864
11332,4329
11332,4906
11332,5064
11332,5183
11332,5382
11332,5623
11332,12280
11332,6473
11332,22405
11332,7161
11332,7556
11332,5748
11332,8389
11332,8718
11332,12776
11332,9910
11332,10578
11332,11145
11332,22278
11332,13264
11332,19623
11332,4897
11332,17299
11332,6137
11332,6116
11332,21212
11332,19289
11332,18216
11332,15468
11332,17866
11332,18677
11332,17694
11332,13487
11332,20559
11332,12458
11332,12459
11332,11432
11332,11966
11332,19870
11332,15236
11332,16519
11332,12500
11332,14186
11332,10426
11332,17051
11332,21013
11332,16895
11332,14694
11332,12740
11332,16741
11332,19757
11332,19231
11332,18906
5382,436
5382,496
5382,1508
5382,7712
5382,2078
5382,3867
5382,4225
5382,4249
5382,4656
5382,5891
5382,4786
5382,4948
5382,5176
5382,9377
5382,19289
5382,17299
5382,11145
5382,15066
5382,17780
5382,8813
5382,21473
5382,15110
5382,20024
5382,10208
5382,16869
5382,9784
5382,19757
5382,13487
5382,20818
5382,14748
5382,5748
5382,10426
5382,19851
5382,10379
5382,6116
5382,4897
5382,14249
5382,11260
5382,7556
5382,12714
5382,18906
5382,13212
12500,20135
12500,4786
12500,12280
12500,6473
12500,9893
12500,11043
12500,12461
12500,13264
12500,19795
12500,19432
12500,20758
12500,20024
12500,16618
12500,13212
12500,15468
12500,19757
12500,10379
12500,13300
15110,3491
15110,6481
15110,2929
15110,10426
15110,5748
15110,17866
20024,5354
20024,1387
20024,3073
20024,3491
20024,3864
20024,12280
20024,6441
20024,6473
20024,6993
20024,7161
20024,9319
20024,12776
20024,9784
20024,11043
20024,11145
20024,11432
20024,12458
20024,13264
20024,13300
20024,17299
20024,15131
20024,10426
20024,15468
20024,6116
20024,16741
20024,16895
20024,17780
20024,18216
20024,19231
20024,19795
20024,19851
20024,19870
20024,22375
6481,9784
6481,22443
6481,13212
6481,14249
6481,11260
6481,16869
12740,1387
12740,3073
12740,4991
12740,5451
12740,6441
12740,8740
12740,8883
12740,9949
12740,13212
12740,19870
12740,19388
12740,17866
12740,19757
12740,21838
12740,10426
12740,18216
12740,18995
12740,18448
12740,19551
12740,22375
12740,16895
12740,15236
3073,368
3073,496
3073,997
3073,1330
3073,1387
3073,1701
3073,2085
3073,9949
3073,19870
3073,16519
3073,7320
3073,6993
3073,10426
3073,8740
3073,10769
3073,9784
3073,21838
3073,3965
3073,4991
3073,20135
3073,19432
3073,5451
3073,16895
3073,20567
3073,13212
3073,17780
3073,16869
3073,17866
3073,19757
3073,20818
3073,6441
3073,18906
3073,18448
3073,15236
3073,20758
3073,7379
3073,5891
3073,14356
3073,9319
3073,10379
3073,3229
3073,8883
3073,22375
3073,18995
21013,197
21013,7460
21013,2085
21013,2377
21013,3830
21013,4786
21013,5183
21013,6993
21013,7487
21013,9784
21013,10578
21013,11260
21013,17299
21013,10426
21013,2929
21013,6116
21013,16741
21013,17051
21013,10379
21013,17866
21013,3278
21013,13212
21013,22329
16741,7460
16741,496
16741,3491
16741,3965
16741,4786
16741,4906
16741,4948
16741,7320
16741,7852
16741,8883
16741,9319
16741,9784
16741,15066
16741,11716
16741,12714
16741,13106
16741,14249
16741,17299
16741,15236
16741,6116
16741,19137
16741,20559
16741,17780
16741,16869
16741,19757
16741,10379
16741,22329
16741,13212
16741,18906
16741,17866
16741,16895
9784,7460
9784,432
9784,436
9784,1387
9784,1508
9784,3229
9784,3491
9784,4249
9784,4786
9784,6422
9784,6441
9784,6993
9784,7161
9784,11145
9784,14878
9784,16902
9784,16355
9784,22443
9784,16869
9784,10379
9784,6116
9784,4897
9784,15961
9784,21473
9784,11189
9784,22375
9784,17866
9784,10426
6993,197
6993,7460
6993,496
6993,2078
6993,3229
6993,3864
6993,4225
6993,5891
6993,4786
6993,4948
6993,5451
6993,6441
6993,9893
6993,13212
6993,17780
6993,6137
6993,15131
6993,10426
6993,19851
6993,10379
6993,6116
6993,16869
6993,8883
6993,17866
5748,197
5748,3229
5748,3864
5748,4656
5748,5064
5748,7556
5748,13212
5748,10208
5748,17051
5748,19757
5748,21838
5748,20818
5748,14748
5748,6116
5748,16519
5748,19289
5748,8883
21212,7460
21212,2078
21212,4036
21212,4225
21212,5891
21212,4786
21212,4948
21212,5451
21212,6441
21212,7161
21212,8883
21212,9319
21212,11260
21212,11901
21212,15236
21212,6116
21212,16869
21212,16895
21212,10379
21212,17866
21212,18906
21212,19757
21212,13212
21212,19432
10426,197
10426,7460
10426,436
10426,496
10426,1025
10426,1387
10426,1508
10426,7712
10426,2078
10426,2377
10426,2461
10426,3229
10426,3242
10426,3630
10426,20135
10426,4225
10426,4656
10426,5891
10426,4786
10426,4948
10426,4991
10426,5064
10426,9377
10426,5451
10426,6441
10426,6473
10426,7320
10426,7379
10426,7556
10426,8740
10426,8813
10426,17392
10426,8883
10426,9319
10426,9893
10426,9910
10426,9949
10426,15066
10426,10364
10426,11145
10426,11260
10426,11716
10426,12714
10426,13441
10426,13487
10426,14249
10426,17299
10426,14748
10426,14838
10426,15236
10426,21838
10426,19989
10426,19289
10426,18677
10426,17866
10426,18448
10426,16869
10426,18995
10426,16895
10426,19388
10426,18906
10426,15849
10426,20173
10426,6116
10426,19432
10426,22329
10426,19757
10426,13212
10426,17694
10426,20818
10426,19851
10426,10379
10426,20559
10426,20758
10426,22375
10426,19870
10426,19551
10426,18266
10426,17780
10426,19231
10426,22443
10379,5354
10379,1387
10379,2444
10379,3491
10379,20135
10379,3864
10379,4786
10379,4991
10379,12280
10379,6422
10379,6441
10379,6473
10379,22405
10379,7026
10379,7368
10379,7556
10379,7911
10379,8718
10379,8740
10379,9893
10379,9910
10379,15066
10379,11043
10379,11125
10379,11145
10379,11432
10379,12459
10379,5926
10379,13264
10379,13300
10379,13428
10379,13576
10379,17299
10379,14694
10379,15468
10379,6116
10379,19289
10379,17866
10379,19623
10379,19759
10379,19795
10379,18216
10379,17694
10379,20559
10379,22375
10379,19870
10379,19231
10379,19757
6116,1387
6116,3491
6116,5183
6116,6441
6116,13106
6116,14249
6116,17299
6116,6137
6116,22329
6116,19870
6116,19757
6116,17866
6116,19851
6116,20559
6116,19289
6116,22012
12458,7460
12458,496
12458,7712
12458,2078
12458,4948
12458,5019
12458,9377
12458,6422
12458,6473
12458,7556
12458,8734
12458,8813
12458,15066
12458,17299
12458,6137
12458,17780
12458,21473
12458,19757
12458,13487
12458,14748
12458,16869
12458,18216
12458,19432
12458,12461
12458,13212
12459,496
12459,2444
12459,3965
12459,4225
12459,4906
12459,5064
12459,5623
12459,6366
12459,8718
12459,8883
12459,9893
12459,11966
12459,13212
12459,14071
12459,17780
12459,19231
12459,19623
12459,20758
12459,21475
12459,14356
12459,19757
12459,18906
17299,436
17299,496
17299,1025
17299,1508
17299,7712
17299,2078
17299,2377
17299,3491
17299,3630
17299,4225
17299,4249
17299,5891
17299,4786
17299,4948
17299,5064
17299,5176
17299,9377
17299,7556
17299,7852
17299,8734
17299,8813
17299,8883
17299,9893
17299,9910
17299,15066
17299,10208
17299,11260
17299,4897
17299,13487
17299,14249
17299,16902
17299,17780
17299,21473
17299,15236
17299,16618
17299,19757
17299,20818
17299,14748
17299,18906
17299,21354
17299,16869
17299,19989
17299,16895
17299,13212
4786,197
4786,1387
4786,2085
4786,3491
4786,3864
4786,19870
4786,21475
4786,2929
4786,19289
4786,5451
4786,6422
4786,11145
4786,17694
4786,7911
4786,17866
4786,6441
4786,20559
4786,11260
3491,496
3491,2078
3491,5891
3491,4656
3491,13212
3491,17780
3491,15236
3491,4948
3491,13106
3491,19757
3491,3965
3491,6441
3491,16869
3491,19432
3491,14249
3491,11260
3491,22329
3491,9319
3491,4225
3491,8883
3491,18906
3491,17866
3491,16895
17866,197
17866,7460
17866,1330
17866,1387
17866,2078
17866,5891
17866,4948
17866,5183
17866,6441
17866,11165
17866,14249
17866,6137
17866,15468
17866,16869
17866,17051
17866,17780
17866,19432
17866,19137
17866,19757
17866,20559
17866,13212
197,1025
197,7083
197,13441
197,3867
197,17051
197,13106
197,20173
197,5183
197,5019
197,2461
197,2078
197,6137
197,10578
197,5451
197,12714
197,18677
197,1330
197,9910
197,5280
197,18913
197,21838
197,17780
197,496
197,19137
197,7460
197,16869
197,13576
197,6441
197,6473
197,18906
197,10364
197,20559
197,17694
197,3630
197,18454
197,10208
1025,368
1025,1330
1025,19137
1025,5280
1025,1387
1025,10707
1025,17780
1025,9379
1025,7320
1025,17694
1025,17051
1025,20173
1025,13576
1025,6441
1025,20153
1025,19388
1025,18454
1025,9910
7083,496
7083,1508
7083,3229
7083,3867
7083,4249
7083,13487
7083,15066
7083,4897
7083,14249
7083,7852
13441,7460
13441,1330
13441,1387
13441,2078
13441,3864
13441,6858
13441,5280
13441,12280
13441,6773
13441,7911
13441,9557
13441,12714
13441,13264
13441,16869
13441,17051
13441,20173
13441,19289
13441,13634
13441,19137
13441,17780
13441,13576
13441,13487
13441,22369
3867,496
3867,3830
3867,4656
3867,18913
3867,17780
3867,19137
3867,21473
3867,10208
3867,14356
3867,19757
3867,20818
3867,9893
3867,18906
17051,496
17051,6441
17051,7320
17051,13576
17051,18913
17051,20758
17051,17780
17051,19757
17051,20559
13106,8813
13106,19757
20173,496
20173,1330
20173,20135
20173,5019
20173,5280
20173,5451
20173,7320
20173,9379
20173,9893
20173,9910
20173,10364
20173,10707
20173,13576
20173,17694
20173,18454
20173,18906
20173,19137
20173,19388
20173,20153
5183,7460
5183,496
5183,1701
5183,2377
5183,2461
5183,3628
5183,3630
5183,3965
5183,5891
5183,4991
5183,5064
5183,19432
5183,5451
5183,18677
5183,16869
5183,7379
5183,21254
5183,20559
5183,18266
5183,20758
5183,11966
5183,8718
5183,10578
5183,9893
5183,14356
5183,17780
5183,19231
5183,19757
5183,21354
5183,5926
5183,8883
5183,18906
5019,7460
5019,496
5019,3965
5019,5891
5019,4906
5019,5064
5019,8718
5019,17780
5019,19231
5019,19623
5019,17979
5019,10208
5019,16869
5019,14356
5019,11966
5019,20818
5019,9893
5019,19432
5019,19757
5019,20758
5019,8883
5019,18906
5019,15871
2461,496
2461,5064
2461,22329
2461,8718
2461,3965
2461,18677
2461,17780
2461,19231
2461,4906
2461,16869
2461,14356
2461,19757
2461,21838
2461,21254
2461,19989
2461,9893
2461,18266
2461,3630
2461,5623
2461,20758
2461,8883
2461,18906
2461,19762
2078,7460
2078,4640
2078,14878
2078,6473
2078,3242
2078,16869
2078,3965
2078,6137
2078,4036
2078,11901
2078,12714
2078,4225
2078,22369
2078,8734
2078,6422
2078,2929
2078,9557
2078,8857
2078,11716
2078,15468
2078,7911
2078,4948
2078,13149
2078,13487
2078,13418
2078,9118
2078,2085
2078,8977
6137,1087
6137,2085
6137,3229
6137,3965
6137,4948
6137,5451
6137,6473
6137,8734
6137,11189
6137,19231
6137,16869
6137,19757
6137,18216
6137,19432
6137,19289
10578,7460
10578,496
10578,1701
10578,2377
10578,3630
10578,5064
10578,5176
10578,6441
10578,7852
10578,9893
10578,11966
10578,20559
10578,14186
10578,17780
10578,19757
10578,21254
10578,18906
10578,22375
5451,496
5451,3242
5451,9949
5451,19137
5451,10769
5451,19870
5451,21838
5451,16869
5451,9319
5451,18906
12714,7460
12714,8977
12714,9118
12714,9557
12714,14878
12714,16869
12714,22369
18677,496
18677,3630
18677,9319
18677,11966
18677,15236
18677,17780
18677,19231
18677,20758
18677,19757
18677,21254
18677,19989
18677,18266
18677,18906
18677,16895
1330,436
1330,997
1330,9910
1330,19137
1330,20153
1330,5280
1330,10707
1330,9377
1330,17780
1330,19231
1330,7320
1330,17694
1330,4456
1330,19757
1330,13576
1330,2416
1330,19432
1330,9379
1330,19388
1330,22375
1330,15871
9910,496
9910,997
9910,5280
9910,7320
9910,8883
9910,9319
9910,9379
9910,19137
9910,10707
9910,17780
9910,20758
9910,16519
9910,17694
9910,15236
9910,20153
9910,13576
9910,19432
9910,18454
9910,19757
9910,19388
9910,16895
5280,496
5280,997
5280,20153
5280,10707
5280,17780
5280,9379
5280,7320
5280,19137
5280,17694
5280,19757
5280,13576
5280,6441
5280,19388
5280,18454
18913,496
18913,4225
18913,10364
18913,17780
18913,19137
21838,496
21838,1387
21838,4991
21838,6441
21838,8740
21838,8883
21838,9949
21838,10769
21838,15236
21838,16895
21838,18448
21838,18906
21838,18995
21838,19757
21838,19870
21838,20758
21838,22375
17780,368
17780,997
17780,1387
17780,2444
17780,3864
17780,4656
17780,4906
17780,5064
17780,5623
17780,6441
17780,6473
17780,7379
17780,7556
17780,8718
17780,8740
17780,9379
17780,10208
17780,11966
17780,10707
17780,13576
17780,14071
17780,16902
17780,17694
17780,18216
17780,19623
17780,21475
17780,22278
17780,20153
17780,19137
17780,19231
17780,19757
17780,21254
17780,18266
17780,20818
17780,21354
17780,21473
17780,22375
496,436
496,1387
496,6473
496,2444
496,7161
496,19623
496,7320
496,3864
496,4906
496,20153
496,13634
496,19137
496,17694
496,7911
496,4249
496,13487
496,19762
496,10364
496,18448
496,7379
496,18995
496,22375
496,10208
496,21189
496,5509
496,10707
496,14838
496,20758
496,16519
496,21475
496,4456
496,16355
496,10769
496,14356
496,3965
496,18266
496,15131
496,4897
496,13906
496,19551
496,1701
496,11145
496,16902
496,19759
496,19231
496,9379
496,19757
496,13576
496,6441
496,5064
496,21354
496,2416
496,19795
496,19388
496,13428
19137,997
19137,2377
19137,3630
19137,3965
19137,5891
19137,4906
19137,6441
19137,7320
19137,9379
19137,11189
19137,10707
19137,13576
19137,14071
19137,14356
19137,17694
19137,18454
19137,20153
19137,20758
19137,19757
19137,19388
7460,6473
7460,8734
7460,19289
7460,11901
7460,13634
7460,4948
7460,13149
7460,1387
7460,22369
7460,7026
7460,6422
7460,9557
7460,8857
7460,16902
7460,11716
7460,16869
7460,13487
7460,9118
7460,5926
7460,20559
16869,1387
16869,2085
16869,3242
16869,3864
16869,4036
16869,4640
16869,6858
16869,4948
16869,6422
16869,6441
16869,6473
16869,7026
16869,7556
16869,7911
16869,8734
16869,8857
16869,8977
16869,9118
16869,12776
16869,9557
16869,11145
16869,11432
16869,11901
16869,13149
16869,13418
16869,13487
16869,13634
16869,14878
16869,15236
16869,15849
16869,15871
16869,18216
16869,22369
16869,17694
16869,19870
16869,20559
16869,18906
13576,368
13576,997
13576,20135
13576,6473
13576,7320
13576,9379
13576,10707
13576,20153
13576,19432
13576,17694
13576,19757
13576,18454
13576,19388
13576,20758
6441,368
6441,1387
6441,3242
6441,4225
6441,5891
6441,4991
6441,9949
6441,19989
6441,15066
6441,8740
6441,8389
6441,7026
6441,19757
6441,14838
6441,17694
6441,7379
6441,21254
6441,18448
6441,20559
6441,18995
6441,11432
6441,18454
6441,9319
6441,16895
6441,22375
6441,15871
6441,8718
6441,19870
6441,15236
6441,8813
6441,19551
6441,19231
6441,18906
6441,8883
6473,2444
6473,4225
6473,5891
6473,4948
6473,5064
6473,5623
6473,11966
6473,19757
6473,7556
6473,9893
6473,19432
6473,14249
6473,13300
6473,18906
18906,1387
18906,1701
18906,2085
18906,2444
18906,3242
18906,3630
18906,3965
18906,4906
18906,4991
18906,5064
18906,5623
18906,7026
18906,7379
18906,7556
18906,8718
18906,8883
18906,9893
18906,9949
18906,10208
18906,11966
18906,11463
18906,10707
18906,13418
18906,14186
18906,2416
18906,14838
18906,17694
18906,18266
18906,18448
18906,18454
18906,22278
18906,19623
18906,19989
18906,19757
18906,21254
18906,18995
18906,20559
18906,19870
18906,21473
18906,21475
18906,19759
18906,19231
18906,22375
10364,17694
10364,7158
20559,2085
20559,3630
20559,4640
20559,7026
20559,8883
20559,8977
20559,9319
20559,9949
20559,11716
20559,16355
20559,16895
20559,19757
20559,22375
20559,22369
17694,368
17694,997
17694,7712
17694,20135
17694,7320
17694,9319
17694,9379
17694,10707
17694,15236
17694,16519
17694,16895
17694,20153
17694,19432
17694,19388
17694,19757
17694,18454
3630,1701
3630,2444
3630,21254
3630,19989
3630,5623
3630,19757
3630,5926
3630,11966
3630,16355
3630,18266
3630,9893
18454,997
18454,20135
18454,5064
18454,7320
18454,8883
18454,9893
18454,10707
18454,20153
18454,21475
18454,19231
18454,20758
18454,19388
10208,436
10208,1508
10208,7712
10208,2444
10208,3965
10208,4225
10208,4656
10208,5176
10208,9377
10208,7320
10208,7556
10208,8813
10208,8883
10208,15066
10208,21354
10208,14071
10208,19231
10208,19623
10208,20758
10208,21473
10208,21475
10208,14356
10208,19757
10208,13487
10208,20818
10208,14748
10208,19432
10208,4897
10208,22278
8734,4948
8734,7556
8734,9557
19289,3864
19289,4225
19289,7556
19289,15236
11901,4640
11901,8857
11901,9118
11901,11432
11901,17637
13634,4948
13634,8883
13634,11716
13634,15236
4948,1387
4948,2085
4948,3864
4948,4249
4948,13487
4948,12776
4948,18216
4948,13149
4948,22369
4948,11145
4948,6422
4948,9557
4948,19231
4948,8857
4948,11189
4948,9118
4948,13418
4948,7556
4948,8977
13149,8857
13149,9118
13149,17637
1387,368
1387,5354
1387,13264
1387,19989
1387,8740
1387,4225
1387,7026
1387,7379
1387,8813
1387,4991
1387,18995
1387,19757
1387,8883
1387,9949
1387,12280
1387,15066
1387,18216
1387,16895
1387,18448
1387,11432
1387,9319
1387,22375
1387,14838
1387,19870
1387,15236
1387,10769
1387,11125
1387,22012
1387,19551
1387,5891
1387,19231
1387,14249
22369,6422
22369,7852
22369,8857
22369,20567
7026,3242
7026,11716
7026,19757
7026,11432
7026,9319
7026,8883
7026,16895
6422,4640
6422,11145
6422,9557
9557,8857
9557,17637
8857,4640
8857,14878
8857,11716
8857,17637
8857,8977
16902,4656
16902,19757
16902,20818
11716,2085
11716,3242
11716,3945
13487,436
13487,1508
13487,20135
13487,4249
13487,4656
13487,5176
13487,7556
13487,7852
13487,9893
13487,11145
13487,4897
13487,13230
13487,19757
13487,20818
13487,14748
13487,14249
9118,17979
9118,15871
5926,17392
5926,19432
5926,16519
368,9949
368,20818
368,7379
368,7320
368,8813
368,22375
368,16895
9949,4991
9949,7320
9949,7379
9949,8740
9949,8883
9949,19870
9949,19551
9949,18448
9949,18995
9949,22375
9949,16895
20818,436
20818,1508
20818,4656
20818,9377
20818,7556
20818,8813
20818,15066
20818,4897
20818,14071
20818,14249
20818,14748
20818,19691
20818,19757
20818,21354
7379,4991
7379,19870
7379,8813
7379,19757
7379,19851
7379,8740
7379,19551
7379,8883
7379,22375
7320,997
7320,20153
7320,14071
7320,10707
7320,9379
7320,19388
8813,436
8813,1508
8813,7712
8813,5176
8813,9377
8813,7077
8813,7556
8813,21354
8813,4897
8813,21473
22375,997
22375,1701
22375,4991
22375,8740
22375,8883
22375,11189
22375,11432
22375,15236
22375,16895
22375,17979
22375,18448
22375,18995
22375,19551
22375,19757
22375,19870
22375,20758
16895,2085
16895,3242
16895,4225
16895,4991
16895,5064
16895,8389
16895,8740
16895,8883
16895,9319
16895,12776
16895,10769
16895,11145
16895,11165
16895,11432
16895,13418
16895,13428
16895,15236
16895,15849
16895,18995
16895,19795
16895,18216
16895,18448
16895,19870
16895,19231
16895,22012
16895,19759
16895,21475
16895,19551
432,12677
12677,2187
12677,4784
12677,6858
12677,6773
12677,7158
12677,13256
12677,3278
12677,20734
12677,16278
436,4656
436,18448
436,19691
436,2416
436,4897
436,14249
436,9377
436,7556
436,21473
436,5176
436,4249
436,1508
436,3342
4656,1508
4656,7712
4656,4249
4656,9377
4656,4897
4656,14249
4656,19691
4656,11795
4656,21473
4656,15066
4656,5176
4656,16245
18448,2026
18448,4991
18448,8740
18448,8883
18448,15871
18448,19870
18448,20758
18448,19757
18448,18995
19691,3342
19691,2416
19691,2929
19691,15961
2416,8883
2416,9893
2416,10707
2416,19757
2416,2929
2416,20758
4897,1508
4897,7712
4897,3229
4897,4249
4897,5176
4897,9377
4897,7556
4897,7852
4897,15066
4897,14748
4897,14249
4897,21473
4897,18995
14249,1508
14249,7712
14249,3229
14249,4068
14249,19377
14249,4249
14249,9377
14249,15066
14249,10745
14249,11550
14249,8362
14249,21473
14249,19001
14249,22443
14249,20319
14249,16355
14249,15871
9377,1508
9377,7712
9377,5176
9377,14748
9377,21354
9377,7556
9377,21473
9377,15066
9377,18995
7556,1508
7556,7712
7556,2085
7556,20135
7556,4249
7556,5176
7556,19757
7556,14748
7556,21473
7556,15066
21473,1087
21473,7712
21473,5176
21473,5623
21473,19757
5176,1508
5176,7712
5176,7852
5176,17979
5176,14748
5176,21354
5176,15066
4249,1508
4249,19377
4249,7852
4249,15066
1508,7852
1508,14748
1508,7712
1508,21354
1508,15066
3342,15961
2444,1701
2444,5064
2444,11966
2444,22278
2444,8718
2444,19623
2444,20758
2444,21475
2444,4906
2444,14356
2444,3965
2444,20135
2444,19432
2444,5623
2444,19757
2444,14071
2444,19231
2444,9893
2444,18266
2444,18995
2444,8883
7161,3864
7161,6773
7161,19851
7161,16756
19623,20135
19623,3864
19623,3965
19623,4906
19623,4991
19623,5064
19623,5623
19623,8718
19623,8883
19623,9319
19623,9893
19623,11966
19623,14071
19623,14356
19623,15236
19623,18266
19623,19231
19623,21475
19623,21254
19623,19432
19623,19757
19623,20758
3864,19432
3864,5891
3864,11145
3864,4225
4906,2085
4906,3965
4906,5064
4906,8718
4906,14071
4906,9893
4906,6366
4906,19231
4906,19432
4906,9379
4906,20758
4906,19757
4906,21475
4906,8883
4906,11966
20153,997
20153,9379
20153,10707
20153,19388
20153,19757
20153,19432
7911,20135
7911,19795
7911,15468
7911,16618
7911,13300
19762,6773
18995,4225
18995,4991
18995,8740
18995,9319
18995,14838
18995,15131
18995,19870
18995,19231
18995,19757
18995,21254
21189,9287
5509,17979
10707,997
10707,9379
10707,20758
10707,19757
10707,19432
10707,19388
14838,4991
14838,19870
20758,997
20758,20135
20758,3965
20758,5064
20758,5623
20758,8718
20758,8883
20758,9893
20758,11966
20758,14071
20758,14356
20758,18266
20758,19231
20758,19757
20758,22278
20758,21475
20758,21254
16519,4368
16519,11966
21475,3965
21475,5064
21475,8718
21475,8883
21475,9379
21475,11966
21475,14356
21475,19231
21475,19757
21475,22278
21475,19432
4456,19231
4456,19757
4456,15871
16355,1087
16355,3229
16355,22443
10769,3242
10769,19757
10769,18216
14356,20135
14356,3965
14356,5623
14356,8883
14356,11966
14356,14071
14356,19757
14356,19231
3965,20135
3965,5064
3965,11966
3965,8718
3965,14071
3965,19757
3965,21254
3965,18266
3965,9893
3965,19231
3965,6366
3965,5623
18266,3628
18266,8883
18266,9893
18266,11966
18266,19757
18266,19231
18266,21254
18266,19989
15131,4225
15131,5891
15131,13428
13906,16480
19551,5064
19551,8740
19551,8883
19551,14748
19551,19757
19551,19989
1701,19231
1701,21254
1701,9893
11145,4036
11145,19231
19759,8883
19759,9319
19759,9893
19759,13428
19759,15236
19759,19757
19231,20135
19231,4225
19231,5064
19231,5623
19231,6366
19231,8718
19231,8883
19231,9893
19231,11966
19231,14071
19231,22278
19231,19432
19231,19757
19231,21254
9379,997
9379,19432
9379,19388
19757,2085
19757,3242
19757,20135
19757,4225
19757,5891
19757,4991
19757,5064
19757,5623
19757,6366
19757,8718
19757,8740
19757,8883
19757,9166
19757,9893
19757,11125
19757,11189
19757,11966
19757,13428
19757,14071
19757,14186
19757,15236
19757,22278
19757,21254
19757,19989
5064,11966
5064,22278
5064,18216
5064,8718
5064,9893
5064,19432
5064,5623
5064,14071
5064,9319
5064,8883
21354,4991
19795,20135
19795,12280
19795,9319
19795,11043
19795,13264
19795,13300
19795,15236
19795,15468
19795,19851
19388,997
19388,14071
13428,8883
13428,9319
13428,9893
13428,15236
18766,14694
18766,18396
18766,18975
18766,7487
18766,902
18766,16480
18766,14637
14694,6819
14694,17560
14694,18975
18396,6932
18396,10972
18396,11616
18396,14641
18396,16415
18396,16480
18396,17560
18396,21229
18975,14637
18975,16480
7487,2377
7487,3830
7487,4985
7487,6932
7487,10972
7487,8883
902,17560
16480,3420
16480,4985
16480,6819
16480,6932
16480,10972
16480,11616
16480,14427
16480,14637
16480,14641
16480,14840
16480,15976
16480,21229
16480,17560
16480,21118
14637,21229
14637,14840
14637,14641
5354,5354
5354,20135
5354,10972
20135,11966
20135,13264
20135,12280
20135,11043
20135,22405
20135,19432
20135,13300
20135,5623
20135,7368
20135,15468
20135,19001
10972,3420
10972,4985
10972,6932
10972,15976
17560,1774
17560,3987
17560,4111
17560,4216
17560,5077
17560,5718
17560,5719
17560,7007
17560,16109
17560,9867
17560,9977
17560,10452
17560,13085
17560,11573
17560,12207
17560,14536
17560,9907
17560,16415
17560,21590
17560,8467
17560,21861
17560,20362
17560,19266
3242,2085
3242,15236
3242,9319
3242,11432
19870,4225
19870,5891
19870,4991
19870,12280
19870,8740
19870,8883
19870,9319
19870,11043
19870,15236
18216,1087
18216,2085
18216,3229
18216,4225
18216,8389
18216,8883
18216,9319
18216,11432
18216,15236
18216,19432
997,15871
15871,17979
1067,6858
1067,3787
1067,17033
1067,16245
1067,6773
6858,13256
6858,3278
6858,10037
6858,6773
6858,10858
3787,13256
3787,10037
3787,12411
3787,16245
3787,9166
3787,6773
3787,17033
3787,3278
3787,10858
17033,6773
17033,9166
17033,10037
17033,2274
16245,6773
16245,12372
16245,10037
16245,10858
16245,12411
16245,13256
16245,20734
16245,2274
6773,3229
6773,13256
6773,12718
6773,3278
6773,10037
6773,9287
6773,11809
6773,19432
6773,22306
6773,9166
6773,10858
6773,7158
6773,12372
6773,12411
6773,8221
6773,20734
1087,22443
1087,19377
1087,15849
1087,3229
1087,19432
22443,3229
22443,4068
22443,19377
22443,8362
19377,3229
3229,20319
19432,2085
19432,5623
19432,6366
19432,8389
19432,11189
19432,11966
1157,11573
11573,6261
11573,11859
11573,15465
11573,13236
11573,11751
11573,21202
11573,14074
11189,5891
11966,5623
11966,6366
11966,8718
11966,9893
11966,14071
11966,21254
11966,22278
12280,4225
12280,13264
12280,11043
12280,13300
9893,5623
9893,6366
9893,8718
9893,22278
9893,14071
9893,21254
5623,22278
5623,14071
5623,8718
14071,8718
8718,2085
8718,22278
8718,9319
8718,8883
15468,7852
15468,11043
15468,13300
15468,15236
3830,8883
21254,19989
13264,4225
13264,11043
13264,13300
8740,4225
8740,4991
8740,8883
8740,9319
8740,15236
4225,11043
4225,8389
4225,13418
4225,19851
4991,8883
4991,15236
8883,2085
8883,13418
8883,22278
8883,9319
8883,15236
15066,7712
15066,7852
15066,14748
15066,13230
11432,2085
11432,8389
11432,9319
11432,15236
9319,2085
9319,22405
9319,22012
9319,12776
9319,13418
9319,19851
9319,15236
15236,5068
15236,2085
15236,12776
15236,13418
15236,22329
15236,22012
11125,7368
14748,7712
14748,6366
14748,13230
6102,4068
6102,8362
13300,11043
2377,22329
12372,13256
12372,20734
12372,3278
20734,10037
20734,12411
20734,13256
20734,3278
4036,11260
4036,8977
2085,8389
2187,7158
2187,18708
7158,4784
7158,7686
7158,8021
7158,8084
7158,22306
7158,14424
7158,18708
18708,11809
22329,3278
2511,20725
20725,12557
20725,15465
20725,16278
20725,17729
20725,20504
2560,8391
2560,14074
8391,7005
8391,19004
14074,5521
14074,8079
14074,14877
14074,19298
14074,20504
14074,19004
3420,6932
3420,15976
6932,4985
6932,15976
6932,14427
6932,16415
15976,4985
13256,9166
13256,10037
13256,10858
13256,12411
13256,3278
10037,9166
10037,12718
10037,10858
10037,12411
10037,2274
10037,3278
12411,9166
12411,10858
12411,3278
3278,10858
3278,2274
3841,20884
3841,19300
3841,19298
20884,19298
19300,19300
19298,8079
19298,14877
19298,18339
19298,19004
3945,13085
3987,10452
10452,7588
10452,15465
4220,9287
4368,8084
8084,11550
8084,17878
8084,13244
8084,17392
5077,11809
5084,13236
5084,21032
5084,21699
21699,20504
12461,16618
7588,10203
7588,15465
7588,12382
7588,14424
10203,15465
15465,12382
15465,14424
15465,10139
12382,10139
14424,11464
8079,14877
11550,16278
9977,9907
16278,20504
11859,20504
20504,12557
20504,17729
12207,14830
12207,21861
14830,21861
12557,17729
