0,58
0,107
0,171
58,107
58,171
107,171
107,348
107,353
107,363
107,366
107,376
107,389
107,414
107,420
107,428
107,475
107,483
107,484
107,517
107,526
107,538
107,563
107,566
107,580
107,596
107,601
107,606
107,629
107,637
107,641
107,649
107,651
107,896
107,897
107,898
107,899
107,900
107,901
107,902
107,903
107,904
107,905
107,906
107,907
107,908
107,909
107,910
107,911
107,912
107,913
107,914
107,915
107,916
107,917
107,918
107,919
107,920
107,921
107,922
107,923
107,924
107,925
107,926
107,927
107,928
107,929
107,930
107,931
107,932
107,933
107,934
107,935
107,936
107,937
107,938
107,939
107,940
107,941
107,942
107,943
107,944
107,945
107,946
107,947
107,948
107,949
107,950
107,951
107,952
107,953
107,954
107,955
107,956
107,957
107,958
107,959
107,960
107,961
107,962
107,963
107,964
107,965
107,966
107,967
107,968
107,969
107,970
107,971
107,972
107,973
107,974
107,975
107,976
107,977
107,978
107,979
107,980
107,981
107,982
107,983
107,984
107,985
107,986
107,987
107,988
107,989
107,990
107,991
107,992
107,993
107,994
107,995
107,996
107,997
107,998
107,999
107,1000
107,1001
107,1002
107,1003
107,1004
107,1005
107,1006
107,1007
107,1008
107,1009
107,1010
107,1011
107,1012
107,1013
107,1014
107,1015
107,1016
107,1017
107,1018
107,1019
107,1020
107,1021
107,1022
107,1023
107,1024
107,1025
107,1026
107,1027
107,1028
107,1029
107,1030
107,1031
107,1032
107,1033
107,1034
107,1035
107,1036
107,1037
107,1038
107,1039
107,1040
107,1041
107,1042
107,1043
107,1044
107,1045
107,1046
107,1047
107,1048
107,1049
107,1050
107,1051
107,1052
107,1053
107,1054
107,1055
107,1056
107,1057
107,1058
107,1059
107,1060
107,1061
107,1062
107,1063
107,1064
107,1065
107,1066
107,1067
107,1068
107,1069
107,1070
107,1071
107,1072
107,1073
107,1074
107,1075
107,1076
107,1077
107,1078
107,1079
107,1080
107,1081
107,1082
107,1083
107,1084
107,1085
107,1086
107,1087
107,1088
107,1089
107,1090
107,1091
107,1092
107,1093
107,1094
107,1095
107,1096
107,1097
107,1098
107,1099
107,1100
107,1101
107,1102
107,1103
107,1104
107,1105
107,1106
107,1107
107,1108
107,1109
107,1110
107,1111
107,1112
107,1113
107,1114
107,1115
107,1116
107,1117
107,1118
107,1119
107,1120
107,1121
107,1122
107,1123
107,1124
107,1125
107,1126
107,1127
107,1128
107,1129
107,1131
107,1137
107,1141
107,1142
107,1152
107,1155
107,1159
107,1166
107,1167
107,1170
107,1179
107,1183
107,1188
107,1189
107,1200
107,1210
107,1213
107,1216
107,1217
107,1225
107,1226
107,1228
107,1232
107,1236
107,1237
107,1241
107,1244
107,1246
107,1247
107,1258
107,1259
107,1260
107,1275
107,1282
107,1296
107,1299
107,1300
107,1303
107,1304
107,1306
107,1308
107,1310
107,1311
107,1313
107,1314
107,1318
107,1320
107,1324
107,1332
107,1333
107,1334
107,1338
107,1343
107,1348
107,1349
107,1355
107,1357
107,1358
107,1363
107,1366
107,1371
107,1374
107,1378
107,1385
107,1397
107,1408
107,1412
107,1415
107,1425
107,1427
107,1428
107,1429
107,1435
107,1436
107,1444
107,1446
107,1448
107,1452
107,1453
107,1464
107,1469
107,1472
107,1473
107,1481
107,1482
107,1487
107,1490
107,1496
107,1500
107,1504
107,1507
107,1512
107,1514
107,1525
107,1526
107,1529
107,1531
107,1533
107,1536
107,1540
107,1541
107,1543
107,1545
107,1548
107,1549
107,1565
107,1569
107,1574
107,1584
107,1601
107,1606
107,1616
107,1620
107,1624
107,1625
107,1629
107,1630
107,1633
107,1634
107,1645
107,1650
107,1658
107,1671
107,1672
107,1673
107,1674
107,1677
107,1679
107,1681
107,1686
107,1690
107,1692
107,1695
107,1696
107,1699
107,1703
107,1709
107,1725
107,1727
107,1733
107,1738
107,1740
107,1744
107,1745
107,1760
107,1763
107,1766
107,1767
107,1770
107,1773
107,1778
107,1781
107,1783
107,1784
107,1787
107,1794
107,1800
107,1802
107,1807
107,1815
107,1818
107,1828
107,1831
107,1837
107,1844
107,1847
107,1853
107,1855
107,1869
107,1870
107,1876
107,1881
107,1882
107,1885
107,1895
107,1897
107,1901
107,1904
107,1906
171,904
171,1549
348,353
348,363
348,366
348,367
348,370
348,373
348,374
348,376
348,378
348,388
348,389
348,391
348,392
348,394
348,400
348,402
348,404
348,412
348,414
348,417
348,420
348,423
348,428
348,430
348,431
348,432
348,434
348,436
348,438
348,439
348,452
348,456
348,460
348,461
348,465
348,471
348,475
348,483
348,484
348,492
348,493
348,496
348,497
348,500
348,503
348,506
348,507
348,511
348,513
348,514
348,515
348,517
348,524
348,525
348,526
348,537
348,538
348,542
348,544
348,545
348,553
348,559
348,561
348,563
348,566
348,567
348,1025
353,363
353,366
353,370
353,373
353,376
353,388
353,391
353,394
353,400
353,404
353,412
353,417
353,420
353,428
353,430
353,431
353,432
353,460
353,471
353,475
353,483
353,484
353,492
353,493
353,496
353,497
353,500
353,503
353,513
353,514
353,515
353,517
353,524
353,526
353,537
353,538
353,542
353,544
353,559
353,561
353,566
353,567
353,580
353,601
353,606
353,637
353,641
353,651
353,930
353,936
353,976
353,1012
353,1075
353,1080
353,1114
353,1122
353,1155
353,1237
353,1313
353,1320
353,1349
353,1358
353,1374
353,1397
353,1425
353,1427
353,1487
353,1512
353,1514
353,1529
353,1543
353,1574
353,1606
353,1616
353,1645
353,1673
353,1677
353,1679
353,1692
353,1740
353,1744
353,1778
353,1844
353,1855
353,1881
353,1882
363,366
363,367
363,370
363,373
363,374
363,376
363,378
363,388
363,402
363,412
363,414
363,417
363,432
363,436
363,461
363,475
363,483
363,484
363,492
363,493
363,497
363,500
363,506
363,507
363,514
363,515
363,517
363,524
363,525
363,526
363,538
363,542
363,544
363,553
363,559
363,561
363,566
363,580
363,591
363,606
363,637
363,651
363,669
363,936
363,976
363,1080
363,1113
363,1122
363,1155
363,1179
363,1237
363,1318
363,1320
363,1332
363,1349
363,1358
363,1374
363,1425
363,1427
363,1512
363,1514
363,1529
363,1536
363,1545
363,1574
363,1606
363,1616
363,1645
363,1671
363,1673
363,1677
363,1692
363,1740
363,1744
363,1767
363,1844
366,373
366,374
366,376
366,378
366,391
366,394
366,400
366,402
366,404
366,412
366,417
366,428
366,430
366,431
366,434
366,436
366,438
366,460
366,475
366,483
366,484
366,492
366,493
366,496
366,497
366,503
366,513
366,514
366,515
366,517
366,524
366,526
366,538
366,542
366,544
366,553
366,559
366,566
366,580
366,606
366,637
366,651
366,930
366,936
366,976
366,1001
366,1012
366,1080
366,1113
366,1122
366,1142
366,1155
366,1179
366,1237
366,1300
366,1313
366,1320
366,1349
366,1358
366,1374
366,1397
366,1408
366,1427
366,1446
366,1490
366,1512
366,1514
366,1549
366,1574
366,1616
366,1645
366,1658
366,1673
366,1692
366,1740
366,1767
366,1844
366,1882
376,367
376,370
376,373
376,374
376,378
376,388
376,391
376,394
376,400
376,402
376,412
376,414
376,417
376,420
376,423
376,428
376,431
376,432
376,434
376,436
376,438
376,439
376,452
376,456
376,460
376,461
376,465
376,471
376,475
376,483
376,492
376,496
376,497
376,500
376,506
376,507
376,511
376,513
376,514
376,515
376,517
376,524
376,525
376,526
376,538
376,542
376,544
376,545
376,553
376,559
376,561
376,563
376,566
376,567
376,580
376,591
376,604
376,606
376,614
376,637
376,645
376,651
376,669
376,676
376,1095
376,1179
376,1300
376,1313
376,1343
376,1357
376,1358
376,1374
376,1487
376,1536
376,1616
376,1767
376,1897
389,497
389,949
389,1010
389,1013
389,1037
389,1041
389,1070
389,1109
389,1121
389,1189
389,1259
389,1275
389,1296
389,1348
389,1385
389,1415
389,1428
389,1469
389,1472
389,1473
389,1496
389,1507
389,1545
389,1630
389,1681
389,1699
389,1745
389,1770
414,370
414,373
414,374
414,378
414,391
414,394
414,400
414,412
414,423
414,428
414,431
414,434
414,436
414,438
414,461
414,465
414,475
414,483
414,492
414,496
414,500
414,506
414,513
414,514
414,515
414,524
414,542
414,544
414,553
414,559
414,561
414,563
414,566
414,567
414,580
414,591
414,593
414,596
414,601
414,604
414,606
414,614
414,629
414,637
414,641
414,645
414,649
414,651
414,669
414,676
420,370
420,374
420,400
420,430
420,432
420,439
420,465
420,471
420,483
420,484
420,506
420,507
420,513
420,514
420,524
420,537
420,553
420,563
420,566
420,567
420,596
420,936
420,1237
420,1311
420,1673
420,1692
428,370
428,373
428,378
428,391
428,392
428,400
428,402
428,404
428,412
428,417
428,423
428,430
428,431
428,432
428,434
428,436
428,438
428,452
428,456
428,460
428,461
428,465
428,475
428,484
428,492
428,497
428,500
428,506
428,507
428,511
428,513
428,514
428,515
428,517
428,524
428,525
428,526
428,542
428,544
428,545
428,553
428,559
428,561
428,563
428,567
428,591
428,601
428,604
428,606
428,614
428,641
428,651
428,669
428,676
428,915
428,930
428,962
428,1013
428,1109
428,1114
428,1179
428,1210
428,1226
428,1237
428,1300
428,1313
428,1320
428,1358
428,1374
428,1408
428,1425
428,1446
428,1512
428,1536
428,1545
428,1549
428,1574
428,1692
428,1740
428,1778
475,367
475,370
475,373
475,374
475,378
475,388
475,391
475,392
475,394
475,400
475,402
475,417
475,423
475,431
475,432
475,434
475,436
475,438
475,439
475,452
475,460
475,461
475,465
475,471
475,483
475,484
475,492
475,496
475,497
475,500
475,506
475,507
475,513
475,514
475,515
475,517
475,524
475,525
475,542
475,544
475,545
475,553
475,559
475,561
475,563
475,566
475,567
475,580
475,591
475,604
475,606
475,641
475,651
475,676
475,930
475,1122
475,1155
475,1179
475,1237
475,1300
475,1313
475,1320
475,1332
475,1358
475,1374
475,1425
475,1427
475,1435
475,1514
475,1536
475,1545
475,1549
475,1645
475,1673
475,1692
475,1767
475,1844
475,1882
483,367
483,370
483,373
483,374
483,378
483,388
483,391
483,392
483,404
483,412
483,417
483,430
483,431
483,432
483,436
483,438
483,461
483,465
483,484
483,492
483,493
483,496
483,497
483,500
483,503
483,506
483,507
483,513
483,514
483,515
483,517
483,524
483,525
483,526
483,537
483,538
483,542
483,544
483,553
483,559
483,561
483,563
483,566
483,567
483,580
483,591
483,596
483,601
483,604
483,606
483,614
483,637
483,641
483,651
483,669
483,896
483,917
483,919
483,930
483,933
483,936
483,942
483,948
483,954
483,962
483,976
483,984
483,1001
483,1012
483,1014
483,1018
483,1020
483,1025
483,1032
483,1066
483,1080
483,1086
483,1095
483,1099
483,1102
483,1104
483,1108
483,1113
483,1114
483,1122
483,1142
483,1155
483,1166
483,1179
483,1210
483,1237
483,1282
483,1300
483,1303
483,1313
483,1318
483,1320
483,1324
483,1332
483,1349
483,1357
483,1358
483,1374
483,1397
483,1408
483,1425
483,1427
483,1429
483,1446
483,1464
483,1473
483,1487
483,1490
483,1512
483,1514
483,1536
483,1543
483,1545
483,1565
483,1574
483,1606
483,1616
483,1625
483,1645
483,1673
483,1677
483,1679
483,1692
483,1695
483,1740
483,1744
483,1763
483,1766
483,1767
483,1773
483,1778
483,1783
483,1794
483,1828
483,1844
483,1870
483,1881
483,1882
484,378
484,391
484,400
484,404
484,412
484,423
484,430
484,431
484,436
484,456
484,465
484,493
484,497
484,500
484,503
484,506
484,511
484,513
484,514
484,515
484,517
484,525
484,526
484,537
484,538
484,544
484,559
484,566
484,567
484,580
484,606
484,637
484,651
484,913
484,936
484,953
484,968
484,1001
484,1029
484,1080
484,1095
484,1114
484,1122
484,1155
484,1179
484,1217
484,1237
484,1300
484,1313
484,1320
484,1349
484,1357
484,1358
484,1374
484,1397
484,1408
484,1487
484,1512
484,1514
484,1536
484,1543
484,1545
484,1574
484,1616
484,1620
484,1645
484,1673
484,1677
484,1692
484,1740
484,1778
484,1882
484,1885
484,1897
517,373
517,374
517,378
517,391
517,394
517,400
517,402
517,412
517,417
517,423
517,431
517,434
517,436
517,438
517,439
517,456
517,460
517,461
517,465
517,492
517,493
517,496
517,497
517,500
517,503
517,506
517,507
517,511
517,513
517,514
517,515
517,524
517,525
517,526
517,537
517,538
517,544
517,545
517,553
517,559
517,561
517,566
517,580
517,601
517,606
517,637
517,651
517,905
517,936
517,976
517,1025
517,1095
517,1114
517,1179
517,1237
517,1313
517,1320
517,1358
517,1374
517,1446
517,1487
517,1512
517,1514
517,1543
517,1574
517,1616
517,1645
517,1677
517,1692
517,1778
517,1870
526,374
526,404
526,412
526,430
526,465
526,493
526,497
526,503
526,507
526,525
526,538
526,553
526,559
526,561
526,566
526,606
526,637
526,651
526,906
526,968
526,993
526,1012
526,1049
526,1054
526,1074
526,1075
526,1078
526,1110
526,1114
526,1128
526,1179
526,1217
526,1226
526,1237
526,1320
526,1334
526,1357
526,1358
526,1435
526,1444
526,1487
526,1540
526,1574
526,1584
526,1616
526,1620
526,1630
526,1740
526,1778
526,1800
526,1882
538,392
538,394
538,400
538,404
538,412
538,417
538,423
538,431
538,439
538,456
538,465
538,492
538,493
538,497
538,500
538,503
538,511
538,514
538,525
538,537
538,542
538,545
538,559
538,561
538,566
538,580
538,606
538,637
538,651
538,948
538,1025
538,1080
538,1114
538,1122
538,1179
538,1226
538,1237
538,1313
538,1320
538,1349
538,1358
538,1374
538,1408
538,1487
538,1543
538,1545
538,1565
538,1574
538,1677
538,1679
538,1692
538,1695
538,1763
538,1767
538,1778
538,1870
563,370
563,373
563,374
563,378
563,391
563,402
563,430
563,431
563,432
563,434
563,436
563,438
563,439
563,456
563,460
563,471
563,500
563,506
563,507
563,513
563,525
563,544
563,545
563,566
563,567
563,604
563,645
563,1013
563,1070
563,1217
563,1338
563,1574
563,1745
566,367
566,370
566,373
566,374
566,378
566,388
566,391
566,392
566,394
566,400
566,402
566,404
566,412
566,417
566,430
566,431
566,432
566,434
566,436
566,438
566,439
566,452
566,456
566,460
566,465
566,471
566,492
566,493
566,496
566,497
566,500
566,503
566,506
566,507
566,511
566,513
566,514
566,515
566,524
566,525
566,537
566,544
566,545
566,553
566,559
566,561
566,567
566,580
566,591
566,593
566,637
566,651
566,676
566,936
566,968
566,1128
566,1155
566,1237
566,1313
566,1320
566,1358
566,1435
566,1512
566,1536
566,1574
566,1630
566,1673
566,1692
566,1740
566,1844
580,373
580,378
580,391
580,400
580,412
580,434
580,436
580,465
580,492
580,496
580,500
580,513
580,514
580,515
580,542
580,544
580,559
580,561
580,567
580,591
580,601
580,606
580,637
580,641
580,930
580,931
580,936
580,976
580,1025
580,1080
580,1095
580,1113
580,1122
580,1142
580,1155
580,1179
580,1210
580,1237
580,1300
580,1313
580,1318
580,1320
580,1332
580,1349
580,1358
580,1374
580,1427
580,1446
580,1514
580,1543
580,1565
580,1574
580,1606
580,1616
580,1645
580,1673
580,1677
580,1679
580,1692
580,1740
580,1744
580,1844
580,1853
580,1870
580,1881
580,1882
596,438
596,604
596,917
596,1019
596,1022
596,1032
596,1086
596,1103
596,1129
596,1311
596,1412
596,1650
596,1828
601,394
601,400
601,465
601,500
601,513
601,629
601,637
601,976
601,1122
601,1349
601,1512
601,1645
601,1679
606,373
606,400
606,423
606,431
606,436
606,438
606,461
606,492
606,506
606,513
606,524
606,542
606,559
606,561
606,591
606,604
606,614
606,641
606,645
606,669
606,905
606,915
606,917
606,936
606,963
606,968
606,1001
606,1012
606,1052
606,1070
606,1086
606,1110
606,1113
606,1122
606,1179
606,1183
606,1210
606,1300
606,1313
606,1314
606,1318
606,1320
606,1334
606,1349
606,1357
606,1358
606,1371
606,1374
606,1436
606,1444
606,1487
606,1490
606,1512
606,1514
606,1536
606,1548
606,1565
606,1574
606,1606
606,1616
606,1620
606,1645
606,1671
606,1673
606,1674
606,1677
606,1692
606,1699
606,1727
606,1738
606,1744
606,1766
606,1767
606,1778
606,1876
606,1882
606,1897
629,637
629,641
629,1679
637,373
637,378
637,391
637,400
637,423
637,436
637,492
637,496
637,500
637,513
637,515
637,524
637,559
637,591
637,604
637,614
637,641
637,645
637,669
637,896
637,936
637,957
637,968
637,1001
637,1012
637,1018
637,1025
637,1060
637,1067
637,1080
637,1086
637,1104
637,1113
637,1128
637,1142
637,1155
637,1179
637,1189
637,1300
637,1313
637,1318
637,1320
637,1324
637,1332
637,1358
637,1374
637,1427
637,1429
637,1436
637,1448
637,1464
637,1473
637,1487
637,1512
637,1526
637,1536
637,1543
637,1545
637,1574
637,1584
637,1606
637,1616
637,1645
637,1671
637,1673
637,1677
637,1679
637,1692
637,1744
637,1766
637,1778
637,1853
637,1882
637,1897
637,1901
641,373
641,378
641,400
641,492
641,496
641,513
641,515
641,591
641,651
641,915
641,930
641,962
641,1060
641,1070
641,1086
641,1113
641,1114
641,1122
641,1179
641,1210
641,1237
641,1300
641,1313
641,1318
641,1320
641,1332
641,1358
641,1374
641,1425
641,1436
641,1446
641,1448
641,1549
641,1565
641,1574
641,1606
641,1616
641,1625
641,1671
641,1744
641,1763
641,1766
641,1767
641,1778
641,1844
641,1881
641,1882
649,1023
651,373
651,378
651,400
651,423
651,431
651,436
651,438
651,492
651,500
651,513
651,524
651,559
651,561
651,567
651,591
651,604
651,645
651,905
651,936
651,1001
651,1011
651,1012
651,1080
651,1113
651,1122
651,1179
651,1318
651,1320
651,1357
651,1358
651,1374
651,1408
651,1428
651,1473
651,1487
651,1512
651,1526
651,1536
651,1545
651,1565
651,1574
651,1606
651,1645
651,1673
651,1679
651,1692
651,1709
651,1744
651,1763
651,1767
651,1778
651,1882
896,902
896,954
896,957
896,975
896,981
896,984
896,988
896,989
896,994
896,1007
896,1009
896,1014
896,1015
896,1018
896,1019
896,1021
896,1032
896,1036
896,1044
896,1060
896,1067
896,1081
896,1082
896,1100
896,1102
896,1104
896,1108
896,1115
896,1120
896,1129
896,1170
896,1282
896,1303
896,1324
896,1448
896,1783
897,922
897,927
897,947
897,953
897,967
897,991
897,995
897,1029
897,1058
897,1074
897,1083
897,1084
897,1123
897,1620
898,917
898,919
898,942
898,969
898,971
898,1014
898,1020
898,1066
898,1081
898,1099
898,1102
898,1108
898,1166
898,1282
898,1783
900,908
900,919
900,1014
901,903
901,938
901,958
901,963
901,992
901,1097
901,1118
901,1137
901,1216
901,1232
901,1314
901,1333
901,1363
901,1371
901,1378
901,1452
901,1533
901,1548
901,1601
901,1629
901,1733
901,1787
901,1837
901,1895
902,957
902,975
902,981
902,1019
902,1036
902,1067
902,1082
902,1100
902,1104
902,1129
902,1448
903,917
903,963
903,992
903,1097
903,1118
903,1137
903,1216
903,1232
903,1314
903,1333
903,1363
903,1371
903,1378
903,1452
903,1533
903,1548
903,1601
903,1629
903,1733
903,1787
903,1837
903,1895
905,1001
905,1095
905,1114
905,1217
905,1226
905,1237
905,1408
905,1487
905,1536
905,1658
905,1692
906,925
906,966
906,1003
906,1048
906,1049
906,1054
906,1059
906,1075
906,1078
906,1110
906,1116
906,1126
906,1128
906,1620
906,1800
907,948
907,980
907,1047
907,1155
907,1464
907,1677
908,950
908,1033
908,1077
909,955
909,1030
909,1043
909,1045
909,1111
909,1436
910,912
912,1122
912,1357
912,1536
913,914
913,968
913,1052
913,1068
913,1093
913,1183
913,1217
913,1247
913,1357
913,1366
913,1408
913,1436
913,1444
913,1453
913,1487
913,1620
913,1630
913,1658
913,1699
913,1703
913,1709
913,1727
913,1738
913,1807
913,1818
913,1881
913,1885
913,1897
914,915
914,1052
914,1217
914,1247
914,1408
914,1453
914,1574
914,1673
914,1807
914,1818
914,1882
914,1885
914,1897
915,930
915,948
915,962
915,1110
915,1142
915,1155
915,1408
915,1425
915,1427
915,1446
915,1487
915,1545
915,1549
915,1565
915,1574
915,1625
915,1671
915,1673
915,1763
915,1766
915,1778
915,1844
915,1881
915,1897
916,925
916,946
916,947
916,952
916,960
916,966
916,967
916,972
916,978
916,982
916,983
916,993
916,999
916,1004
916,1006
916,1017
916,1026
916,1028
916,1040
916,1047
916,1063
916,1069
916,1076
916,1078
916,1079
916,1086
916,1092
916,1125
916,1584
916,1800
917,919
917,933
917,938
917,942
917,944
917,954
917,957
917,964
917,965
917,969
917,984
917,992
917,1007
917,1014
917,1018
917,1020
917,1032
917,1037
917,1042
917,1051
917,1052
917,1057
917,1060
917,1066
917,1070
917,1081
917,1086
917,1099
917,1102
917,1108
917,1121
917,1159
917,1166
917,1167
917,1183
917,1216
917,1217
917,1225
917,1241
917,1246
917,1260
917,1275
917,1282
917,1296
917,1299
917,1303
917,1314
917,1324
917,1338
917,1366
917,1371
917,1412
917,1429
917,1436
917,1444
917,1469
917,1472
917,1481
917,1504
917,1507
917,1525
917,1531
917,1533
917,1536
917,1541
917,1569
917,1630
917,1681
917,1686
917,1699
917,1703
917,1709
917,1725
917,1727
917,1733
917,1738
917,1770
917,1783
917,1787
917,1807
917,1828
917,1876
917,1906
919,942
919,1020
919,1032
919,1066
919,1099
919,1102
919,1303
919,1783
920,921
920,1334
920,1584
921,925
921,927
921,934
921,952
921,967
921,980
921,993
921,995
921,1026
921,1048
921,1049
921,1059
921,1078
921,1124
921,1126
921,1128
921,1334
921,1540
921,1584
922,946
922,991
922,1123
922,1800
923,961
924,940
924,954
924,974
924,1000
924,1010
924,1035
924,1037
924,1051
924,1070
924,1109
924,1120
924,1127
924,1141
924,1159
924,1170
924,1188
924,1228
924,1236
924,1258
924,1260
924,1275
924,1304
924,1308
924,1310
924,1338
924,1355
924,1366
924,1412
924,1469
924,1472
924,1482
924,1496
924,1500
924,1525
924,1536
924,1549
924,1703
924,1709
924,1725
924,1745
924,1781
924,1876
924,1906
925,927
925,946
925,967
925,978
925,980
925,993
925,999
925,1003
925,1004
925,1017
925,1047
925,1048
925,1049
925,1054
925,1059
925,1075
925,1076
925,1079
925,1086
925,1092
925,1110
925,1112
925,1124
925,1125
925,1126
925,1334
925,1584
925,1620
925,1800
926,946
926,960
926,997
926,1026
926,1056
927,946
927,947
927,967
927,980
927,993
927,1026
927,1048
927,1124
927,1334
927,1584
927,1831
928,1061
930,948
930,962
930,976
930,1080
930,1113
930,1122
930,1142
930,1155
930,1210
930,1318
930,1332
930,1349
930,1358
930,1374
930,1408
930,1425
930,1427
930,1446
930,1464
930,1514
930,1526
930,1549
930,1565
930,1574
930,1616
930,1625
930,1645
930,1671
930,1679
930,1695
930,1763
930,1766
930,1773
930,1844
930,1870
930,1881
930,1882
931,939
931,1064
931,1343
931,1453
931,1645
931,1671
931,1831
932,953
932,980
932,982
932,995
932,997
932,1026
932,1029
932,1056
932,1074
932,1107
932,1620
933,941
933,942
933,971
933,1014
933,1103
933,1241
933,1794
934,952
934,980
934,993
934,1026
934,1048
934,1076
934,1079
934,1086
934,1126
934,1128
934,1155
934,1334
934,1584
934,1800
935,1007
935,1531
935,1781
935,1807
936,1001
936,1012
936,1114
936,1122
936,1155
936,1179
936,1237
936,1300
936,1320
936,1358
936,1374
936,1512
936,1574
936,1606
936,1616
936,1645
936,1673
936,1677
936,1740
936,1767
936,1870
936,1882
937,1106
937,1725
938,992
938,1097
938,1118
938,1216
938,1232
938,1314
938,1333
938,1363
938,1378
938,1452
938,1533
938,1548
938,1601
938,1733
938,1787
938,1837
938,1895
939,1064
939,1425
939,1453
939,1545
939,1831
940,1109
940,1236
940,1259
940,1338
940,1425
940,1469
940,1472
940,1504
940,1541
940,1650
940,1904
940,1906
941,942
941,945
941,954
941,969
941,971
941,984
941,1020
941,1032
941,1081
941,1104
941,1282
941,1303
941,1412
941,1429
941,1783
941,1794
941,1828
942,954
942,969
942,971
942,984
942,1014
942,1018
942,1020
942,1032
942,1066
942,1081
942,1099
942,1102
942,1108
942,1166
942,1282
942,1303
942,1324
942,1783
942,1828
943,1042
943,1051
943,1167
943,1189
943,1225
943,1236
943,1244
943,1304
943,1308
943,1536
944,965
944,977
944,1011
944,1041
944,1051
944,1070
944,1072
944,1131
944,1159
944,1258
944,1260
944,1275
944,1306
944,1338
944,1366
944,1428
944,1469
944,1472
944,1504
944,1525
944,1536
944,1630
944,1634
944,1686
944,1703
944,1709
944,1725
944,1738
944,1770
944,1815
944,1876
946,947
946,952
946,960
946,966
946,967
946,968
946,991
946,993
946,1003
946,1004
946,1006
946,1024
946,1026
946,1028
946,1048
946,1059
946,1076
946,1078
946,1079
946,1083
946,1086
946,1092
946,1112
946,1123
946,1125
946,1126
946,1584
946,1800
947,978
947,993
947,999
947,1017
947,1028
947,1049
947,1059
947,1078
947,1079
947,1086
947,1101
947,1126
947,1128
947,1584
947,1800
948,1012
948,1025
948,1080
948,1113
948,1142
948,1237
948,1313
948,1318
948,1320
948,1332
948,1358
948,1427
948,1446
948,1464
948,1487
948,1526
948,1543
948,1549
948,1565
948,1574
948,1625
948,1677
948,1695
948,1763
948,1766
948,1773
948,1844
948,1870
948,1881
949,1041
949,1052
949,1072
949,1106
949,1109
949,1121
949,1189
949,1226
949,1259
949,1348
949,1415
949,1428
949,1472
949,1507
949,1529
949,1536
949,1541
949,1630
949,1681
949,1770
949,1831
951,973
951,1033
951,1540
952,967
952,993
952,1004
952,1017
952,1028
952,1054
952,1059
952,1076
952,1078
952,1086
952,1126
952,1128
952,1584
952,1800
953,978
953,993
953,995
953,997
953,1029
953,1040
953,1047
953,1056
953,1059
953,1078
953,1083
953,1086
953,1107
953,1117
953,1124
953,1487
953,1620
953,1800
954,969
954,971
954,984
954,1014
954,1018
954,1020
954,1032
954,1066
954,1102
954,1104
954,1108
954,1120
954,1166
954,1282
954,1303
954,1324
954,1781
954,1783
954,1794
955,1030
955,1043
955,1045
955,1111
956,979
956,1016
956,1548
957,975
957,981
957,1036
957,1060
957,1066
957,1067
957,1082
957,1104
957,1120
957,1170
958,1097
958,1118
958,1137
958,1216
958,1232
958,1333
958,1371
958,1452
958,1533
958,1548
958,1601
958,1733
958,1787
958,1837
958,1895
959,960
959,972
959,983
959,1006
959,1029
959,1039
959,1040
959,1063
959,1069
959,1078
959,1107
960,966
960,972
960,982
960,997
960,998
960,1006
960,1017
960,1024
960,1040
960,1059
960,1068
960,1069
960,1078
960,1083
960,1086
960,1091
960,1101
960,1107
960,1123
960,1125
960,1126
960,1584
960,1800
961,1038
961,1087
961,1088
962,1064
962,1095
962,1142
962,1210
962,1425
962,1453
962,1487
962,1545
962,1549
962,1574
962,1671
962,1677
962,1778
962,1831
962,1844
963,992
963,1097
963,1118
963,1137
963,1216
963,1232
963,1314
963,1333
963,1363
963,1371
963,1378
963,1452
963,1533
963,1548
963,1601
963,1629
963,1733
963,1787
963,1802
963,1837
963,1895
964,1005
964,1041
964,1062
964,1089
964,1109
964,1213
964,1259
964,1311
964,1415
964,1428
964,1469
964,1482
964,1507
964,1624
964,1672
964,1725
964,1783
964,1876
964,1904
965,986
965,1052
965,1070
965,1188
965,1225
965,1275
965,1299
965,1304
965,1500
965,1536
965,1634
965,1686
965,1703
966,978
966,982
966,983
966,999
966,1006
966,1017
966,1024
966,1040
966,1078
966,1083
966,1086
966,1101
966,1107
966,1117
966,1125
966,1126
966,1584
966,1800
967,980
967,993
967,1003
967,1026
967,1047
967,1048
967,1049
967,1054
967,1076
967,1092
967,1110
967,1112
967,1124
967,1126
967,1334
967,1584
967,1800
968,999
968,1052
968,1054
968,1062
968,1110
968,1183
968,1217
968,1334
968,1343
968,1429
968,1435
968,1436
968,1444
968,1487
968,1536
968,1540
968,1584
968,1630
968,1658
968,1696
968,1699
968,1738
968,1794
968,1807
968,1818
968,1897
969,1014
969,1032
969,1081
969,1099
969,1108
969,1170
969,1282
969,1303
969,1783
969,1794
970,1033
970,1073
970,1847
971,984
971,1014
971,1020
971,1032
971,1241
971,1247
971,1282
971,1429
971,1783
971,1794
972,983
972,1006
972,1040
972,1069
972,1101
972,1117
973,990
974,1000
974,1010
974,1127
974,1228
974,1236
974,1366
974,1703
975,981
975,988
975,1060
975,1104
975,1129
975,1448
975,1473
976,1122
976,1349
976,1358
976,1374
976,1514
976,1574
976,1616
976,1645
976,1677
976,1679
976,1692
976,1882
977,986
977,1011
977,1041
977,1072
977,1131
977,1189
977,1225
977,1258
977,1260
977,1304
977,1306
977,1338
977,1348
977,1428
977,1482
977,1624
977,1703
977,1709
977,1815
977,1831
978,980
978,993
978,1017
978,1047
978,1076
978,1086
978,1117
978,1124
978,1126
978,1435
978,1800
979,1016
980,993
980,995
980,1017
980,1026
980,1047
980,1048
980,1049
980,1074
980,1078
980,1079
980,1086
980,1116
980,1124
980,1126
980,1128
980,1334
980,1584
980,1800
981,988
981,1036
981,1044
981,1060
981,1067
981,1100
981,1104
981,1120
981,1129
981,1448
982,983
982,998
982,1006
982,1017
982,1029
982,1040
982,1056
982,1078
982,1083
982,1101
982,1125
982,1126
982,1800
983,1006
983,1040
983,1063
983,1069
983,1078
983,1083
983,1086
983,1101
983,1107
983,1125
984,1014
984,1020
984,1032
984,1066
984,1099
984,1102
984,1166
984,1282
984,1783
984,1828
985,1000
985,1090
985,1127
985,1304
985,1634
986,1225
986,1236
986,1299
986,1304
986,1308
986,1355
986,1536
986,1634
987,1371
987,1794
988,1019
988,1100
988,1104
988,1303
988,1448
989,1009
989,1014
989,1019
989,1044
989,1067
989,1082
989,1104
990,1674
991,1034
992,1097
992,1118
992,1216
992,1314
992,1333
992,1363
992,1371
992,1378
992,1452
992,1533
992,1548
992,1601
992,1629
992,1733
992,1784
992,1787
992,1837
992,1895
993,1006
993,1026
993,1028
993,1048
993,1059
993,1076
993,1079
993,1086
993,1101
993,1110
993,1117
993,1122
993,1126
993,1128
993,1584
993,1620
993,1800
994,1009
994,1021
994,1067
994,1159
994,1217
994,1258
994,1366
994,1427
994,1435
994,1448
994,1473
994,1525
994,1569
994,1584
994,1630
994,1658
994,1807
994,1818
995,997
995,1029
995,1074
995,1083
995,1084
995,1334
995,1540
995,1620
996,1087
997,1006
997,1024
997,1029
997,1056
997,1083
997,1101
997,1117
997,1124
997,1125
997,1620
998,1029
999,1006
999,1017
999,1059
999,1068
999,1076
999,1078
999,1079
999,1092
999,1124
999,1125
999,1126
999,1584
999,1800
1000,1010
1000,1127
1000,1228
1000,1304
1000,1703
1000,1725
1001,1080
1001,1095
1001,1114
1001,1124
1001,1155
1001,1179
1001,1217
1001,1237
1001,1349
1001,1357
1001,1358
1001,1374
1001,1397
1001,1427
1001,1487
1001,1512
1001,1536
1001,1543
1001,1616
1001,1673
1001,1692
1001,1740
1001,1767
1001,1844
1002,1105
1003,1004
1003,1054
1003,1059
1003,1075
1003,1076
1003,1079
1003,1086
1003,1112
1003,1126
1003,1435
1003,1540
1003,1800
1004,1017
1004,1059
1004,1076
1004,1078
1004,1079
1004,1091
1004,1092
1004,1101
1004,1112
1004,1128
1004,1435
1004,1584
1004,1620
1004,1800
1005,1089
1005,1213
1005,1259
1005,1415
1005,1469
1005,1504
1005,1507
1005,1624
1005,1672
1005,1725
1005,1783
1006,1017
1006,1024
1006,1039
1006,1040
1006,1059
1006,1063
1006,1069
1006,1078
1006,1083
1006,1086
1006,1091
1006,1101
1006,1107
1006,1123
1006,1124
1006,1125
1006,1126
1006,1584
1006,1800
1007,1021
1007,1067
1007,1070
1007,1104
1007,1170
1007,1303
1007,1429
1007,1531
1008,1073
1008,1357
1008,1674
1009,1014
1009,1015
1009,1021
1009,1036
1009,1044
1009,1060
1009,1066
1009,1067
1009,1082
1009,1100
1009,1104
1009,1324
1010,1035
1010,1037
1010,1051
1010,1070
1010,1141
1010,1159
1010,1170
1010,1228
1010,1275
1010,1304
1010,1308
1010,1366
1010,1412
1010,1472
1010,1496
1010,1500
1010,1525
1010,1529
1010,1549
1010,1633
1010,1650
1010,1703
1010,1709
1010,1725
1010,1770
1010,1781
1010,1828
1011,1037
1011,1041
1011,1052
1011,1070
1011,1072
1011,1109
1011,1131
1011,1189
1011,1258
1011,1259
1011,1260
1011,1338
1011,1348
1011,1469
1011,1472
1011,1482
1011,1504
1011,1541
1011,1624
1011,1703
1011,1709
1011,1770
1011,1815
1011,1904
1012,1074
1012,1075
1012,1113
1012,1114
1012,1155
1012,1237
1012,1318
1012,1320
1012,1358
1012,1436
1012,1616
1012,1692
1012,1699
1012,1770
1012,1778
1012,1844
1012,1881
1012,1882
1013,1035
1013,1109
1013,1385
1013,1549
1013,1574
1014,1015
1014,1018
1014,1020
1014,1032
1014,1036
1014,1066
1014,1067
1014,1099
1014,1100
1014,1102
1014,1104
1014,1108
1014,1129
1014,1166
1014,1241
1014,1282
1014,1303
1014,1324
1014,1473
1014,1725
1014,1783
1014,1828
1015,1021
1015,1044
1015,1100
1015,1104
1015,1120
1015,1129
1017,1024
1017,1028
1017,1059
1017,1074
1017,1076
1017,1078
1017,1092
1017,1101
1017,1117
1017,1123
1017,1124
1017,1125
1017,1126
1017,1128
1017,1584
1017,1800
1018,1032
1018,1066
1018,1099
1018,1102
1018,1166
1018,1282
1018,1303
1018,1324
1019,1021
1019,1036
1019,1044
1019,1060
1019,1067
1019,1100
1019,1104
1019,1115
1019,1129
1019,1448
1019,1828
1020,1032
1020,1066
1020,1081
1020,1099
1020,1102
1020,1104
1020,1108
1020,1166
1020,1282
1020,1324
1020,1783
1020,1828
1021,1036
1021,1060
1021,1067
1021,1100
1021,1104
1021,1115
1021,1120
1021,1129
1021,1303
1021,1334
1021,1448
1022,1086
1022,1650
1023,1073
1023,1674
1024,1028
1024,1078
1024,1083
1024,1086
1024,1101
1024,1123
1024,1125
1024,1126
1024,1584
1024,1800
1025,1080
1025,1113
1025,1189
1025,1237
1025,1324
1025,1332
1025,1334
1025,1427
1025,1429
1025,1464
1025,1487
1025,1526
1025,1536
1025,1545
1025,1696
1025,1794
1025,1800
1025,1844
1025,1853
1025,1897
1025,1901
1026,1028
1026,1048
1026,1075
1026,1155
1026,1334
1026,1584
1028,1078
1028,1092
1028,1124
1028,1126
1028,1128
1028,1584
1028,1800
1029,1056
1029,1059
1029,1074
1029,1078
1029,1084
1029,1086
1029,1487
1029,1620
1030,1043
1030,1111
1030,1237
1031,1098
1032,1066
1032,1067
1032,1081
1032,1086
1032,1099
1032,1102
1032,1104
1032,1108
1032,1166
1032,1170
1032,1247
1032,1282
1032,1303
1032,1324
1032,1427
1032,1429
1032,1473
1032,1783
1032,1828
1035,1037
1035,1070
1035,1109
1035,1152
1035,1159
1035,1170
1035,1228
1035,1246
1035,1296
1035,1412
1035,1472
1035,1496
1035,1500
1035,1525
1035,1529
1035,1531
1035,1549
1035,1745
1035,1770
1035,1778
1036,1067
1036,1100
1036,1104
1036,1129
1036,1448
1036,1783
1037,1052
1037,1070
1037,1072
1037,1109
1037,1159
1037,1170
1037,1259
1037,1275
1037,1296
1037,1299
1037,1338
1037,1412
1037,1469
1037,1472
1037,1482
1037,1504
1037,1525
1037,1529
1037,1536
1037,1541
1037,1549
1037,1630
1037,1650
1037,1681
1037,1703
1037,1727
1037,1770
1037,1855
1037,1876
1037,1904
1039,1040
1039,1107
1040,1063
1040,1069
1040,1078
1040,1083
1040,1107
1040,1125
1040,1584
1041,1052
1041,1070
1041,1072
1041,1109
1041,1121
1041,1131
1041,1189
1041,1213
1041,1226
1041,1246
1041,1259
1041,1275
1041,1306
1041,1338
1041,1348
1041,1415
1041,1428
1041,1469
1041,1472
1041,1482
1041,1496
1041,1504
1041,1507
1041,1541
1041,1624
1041,1630
1041,1681
1041,1703
1041,1709
1041,1770
1041,1815
1041,1831
1041,1869
1041,1876
1041,1904
1042,1051
1042,1052
1042,1167
1042,1225
1042,1299
1042,1338
1042,1366
1042,1536
1042,1634
1042,1686
1042,1831
1042,1876
1043,1045
1043,1111
1044,1100
1044,1104
1044,1448
1045,1111
1047,1076
1047,1110
1047,1124
1047,1126
1047,1800
1048,1049
1048,1056
1048,1074
1048,1075
1048,1110
1048,1116
1048,1124
1048,1126
1048,1334
1048,1584
1048,1800
1049,1054
1049,1059
1049,1075
1049,1086
1049,1110
1049,1112
1049,1116
1049,1123
1049,1128
1049,1620
1049,1800
1050,1055
1051,1064
1051,1070
1051,1152
1051,1159
1051,1166
1051,1183
1051,1188
1051,1225
1051,1228
1051,1236
1051,1258
1051,1260
1051,1275
1051,1306
1051,1310
1051,1338
1051,1355
1051,1366
1051,1444
1051,1472
1051,1473
1051,1481
1051,1496
1051,1500
1051,1525
1051,1536
1051,1569
1051,1584
1051,1630
1051,1686
1051,1699
1051,1703
1051,1709
1051,1727
1051,1738
1051,1767
1051,1783
1051,1807
1051,1876
1052,1070
1052,1106
1052,1109
1052,1121
1052,1159
1052,1188
1052,1217
1052,1225
1052,1226
1052,1247
1052,1259
1052,1260
1052,1299
1052,1304
1052,1310
1052,1338
1052,1343
1052,1348
1052,1355
1052,1366
1052,1408
1052,1428
1052,1436
1052,1444
1052,1453
1052,1472
1052,1482
1052,1496
1052,1504
1052,1507
1052,1525
1052,1529
1052,1536
1052,1541
1052,1620
1052,1630
1052,1634
1052,1681
1052,1686
1052,1699
1052,1725
1052,1727
1052,1738
1052,1770
1052,1807
1052,1818
1052,1876
1052,1881
1052,1885
1052,1895
1052,1897
1053,1062
1053,1183
1054,1059
1054,1075
1054,1086
1054,1092
1054,1110
1054,1128
1054,1435
1054,1529
1054,1540
1054,1800
1056,1078
1056,1110
1056,1124
1056,1584
1056,1620
1056,1800
1058,1077
1059,1075
1059,1076
1059,1078
1059,1079
1059,1086
1059,1107
1059,1110
1059,1112
1059,1126
1059,1128
1059,1334
1059,1435
1059,1540
1059,1584
1059,1620
1059,1800
1060,1067
1060,1086
1060,1100
1060,1104
1060,1152
1062,1183
1062,1226
1062,1343
1062,1357
1062,1435
1062,1436
1062,1444
1062,1469
1062,1540
1062,1630
1062,1696
1062,1699
1062,1783
1062,1794
1062,1876
1063,1069
1063,1083
1063,1101
1064,1094
1064,1343
1064,1453
1064,1473
1064,1671
1064,1831
1064,1901
1066,1080
1066,1082
1066,1099
1066,1102
1066,1108
1066,1166
1066,1282
1066,1303
1066,1306
1066,1324
1066,1473
1066,1504
1066,1783
1066,1828
1067,1081
1067,1082
1067,1100
1067,1104
1067,1115
1067,1448
1068,1086
1068,1436
1068,1620
1068,1881
1069,1101
1070,1109
1070,1110
1070,1152
1070,1159
1070,1170
1070,1183
1070,1188
1070,1213
1070,1225
1070,1228
1070,1236
1070,1258
1070,1259
1070,1260
1070,1275
1070,1296
1070,1303
1070,1306
1070,1310
1070,1338
1070,1348
1070,1355
1070,1366
1070,1412
1070,1427
1070,1429
1070,1446
1070,1448
1070,1469
1070,1472
1070,1473
1070,1482
1070,1496
1070,1500
1070,1504
1070,1507
1070,1525
1070,1529
1070,1531
1070,1536
1070,1549
1070,1624
1070,1630
1070,1633
1070,1634
1070,1672
1070,1686
1070,1699
1070,1703
1070,1709
1070,1738
1070,1745
1070,1760
1070,1770
1070,1781
1070,1815
1070,1828
1070,1869
1070,1876
1070,1897
1070,1904
1072,1121
1072,1189
1072,1226
1072,1259
1072,1348
1072,1428
1072,1472
1072,1482
1072,1504
1072,1507
1072,1541
1072,1624
1072,1681
1072,1709
1072,1815
1072,1847
1072,1904
1074,1078
1074,1084
1074,1107
1074,1116
1074,1620
1075,1076
1075,1086
1075,1110
1075,1112
1075,1123
1075,1128
1075,1620
1075,1800
1075,1870
1076,1078
1076,1079
1076,1083
1076,1086
1076,1092
1076,1124
1076,1126
1076,1584
1076,1800
1078,1079
1078,1083
1078,1086
1078,1092
1078,1101
1078,1107
1078,1117
1078,1124
1078,1125
1078,1126
1078,1584
1078,1620
1078,1800
1079,1086
1079,1101
1079,1107
1079,1117
1079,1126
1079,1128
1079,1540
1079,1584
1079,1800
1080,1086
1080,1095
1080,1106
1080,1113
1080,1122
1080,1142
1080,1155
1080,1210
1080,1237
1080,1318
1080,1332
1080,1349
1080,1358
1080,1427
1080,1446
1080,1464
1080,1473
1080,1487
1080,1514
1080,1526
1080,1543
1080,1545
1080,1565
1080,1616
1080,1645
1080,1673
1080,1677
1080,1695
1080,1763
1080,1766
1080,1767
1080,1844
1080,1853
1080,1870
1080,1881
1080,1882
1081,1099
1081,1282
1081,1783
1081,1794
1082,1104
1082,1120
1082,1129
1083,1086
1083,1091
1083,1101
1083,1107
1083,1125
1083,1126
1083,1800
1084,1620
1085,1088
1085,1098
1085,1847
1086,1091
1086,1101
1086,1112
1086,1117
1086,1123
1086,1125
1086,1126
1086,1128
1086,1318
1086,1358
1086,1427
1086,1429
1086,1436
1086,1565
1086,1620
1086,1674
1086,1679
1086,1727
1086,1800
1086,1844
1088,1098
1088,1540
1089,1213
1089,1259
1089,1415
1089,1507
1089,1624
1089,1672
1089,1725
1089,1783
1090,1127
1090,1131
1090,1141
1090,1228
1090,1236
1090,1244
1090,1304
1090,1634
1090,1703
1090,1725
1091,1472
1092,1124
1092,1126
1093,1366
1093,1529
1093,1569
1093,1783
1094,1343
1094,1349
1094,1531
1094,1543
1094,1545
1094,1831
1095,1113
1095,1210
1095,1300
1095,1320
1095,1357
1095,1397
1095,1487
1095,1692
1095,1794
1095,1897
1097,1118
1097,1137
1097,1216
1097,1232
1097,1314
1097,1333
1097,1363
1097,1371
1097,1378
1097,1452
1097,1533
1097,1548
1097,1601
1097,1733
1097,1787
1097,1802
1097,1837
1097,1895
1099,1102
1099,1108
1099,1166
1099,1282
1099,1303
1099,1324
1099,1783
1099,1828
1100,1104
1100,1129
1100,1783
1101,1107
1101,1125
1101,1126
1101,1584
1101,1800
1102,1108
1102,1166
1102,1282
1102,1303
1102,1324
1102,1783
1103,1725
1103,1794
1104,1115
1104,1120
1104,1129
1104,1166
1104,1303
1104,1429
1104,1436
1104,1448
1104,1473
1104,1794
1106,1121
1106,1131
1106,1189
1106,1226
1106,1304
1106,1311
1106,1348
1106,1496
1106,1507
1106,1569
1106,1630
1106,1681
1106,1725
1106,1727
1106,1770
1107,1123
1107,1124
1107,1125
1107,1126
1107,1584
1107,1620
1107,1800
1108,1282
1108,1783
1108,1828
1109,1188
1109,1189
1109,1259
1109,1275
1109,1296
1109,1311
1109,1338
1109,1348
1109,1428
1109,1469
1109,1472
1109,1482
1109,1496
1109,1507
1109,1541
1109,1549
1109,1624
1109,1630
1109,1681
1109,1709
1109,1770
1109,1847
1109,1904
1110,1526
1110,1540
1110,1620
1110,1800
1110,1897
1112,1620
1112,1800
1113,1122
1113,1142
1113,1210
1113,1237
1113,1318
1113,1320
1113,1332
1113,1358
1113,1427
1113,1446
1113,1464
1113,1473
1113,1549
1113,1565
1113,1606
1113,1625
1113,1645
1113,1695
1113,1740
1113,1744
1113,1763
1113,1766
1113,1767
1113,1773
1113,1844
1113,1870
1113,1881
1113,1882
1114,1155
1114,1179
1114,1210
1114,1300
1114,1320
1114,1357
1114,1358
1114,1408
1114,1487
1114,1512
1114,1543
1114,1574
1114,1616
1114,1677
1114,1692
1114,1744
1114,1767
1114,1778
1114,1882
1115,1120
1116,1540
1116,1800
1117,1124
1117,1125
1117,1126
1117,1584
1117,1800
1118,1137
1118,1216
1118,1232
1118,1314
1118,1333
1118,1363
1118,1371
1118,1378
1118,1452
1118,1533
1118,1548
1118,1601
1118,1629
1118,1733
1118,1787
1118,1837
1118,1895
1120,1129
1120,1448
1120,1781
1121,1159
1121,1189
1121,1226
1121,1259
1121,1311
1121,1348
1121,1472
1121,1482
1121,1496
1121,1507
1121,1536
1121,1541
1121,1681
1121,1744
1121,1770
1121,1847
1122,1155
1122,1179
1122,1237
1122,1313
1122,1318
1122,1320
1122,1349
1122,1358
1122,1374
1122,1408
1122,1427
1122,1514
1122,1543
1122,1574
1122,1616
1122,1645
1122,1673
1122,1677
1122,1679
1122,1692
1122,1740
1122,1744
1122,1844
1122,1882
1123,1125
1124,1125
1124,1126
1124,1334
1124,1800
1125,1126
1125,1584
1125,1620
1125,1800
1126,1128
1126,1584
1126,1800
1127,1183
1127,1236
1127,1244
1127,1246
1127,1304
1127,1366
1127,1472
1127,1703
1127,1709
1127,1725
1128,1436
1128,1584
1128,1620
1128,1650
1128,1727
1128,1800
1128,1844
1131,1188
1131,1228
1131,1236
1131,1258
1131,1260
1131,1304
1131,1306
1131,1310
1131,1338
1131,1348
1131,1355
1131,1366
1131,1472
1131,1504
1131,1634
1131,1686
1131,1703
1131,1709
1131,1725
1131,1815
1131,1831
1137,1216
1137,1232
1137,1333
1137,1371
1137,1378
1137,1452
1137,1533
1137,1548
1137,1601
1137,1629
1137,1733
1137,1784
1137,1837
1137,1895
1141,1188
1141,1228
1141,1236
1141,1304
1141,1308
1141,1310
1141,1355
1141,1366
1141,1634
1141,1703
1141,1709
1141,1725
1142,1332
1142,1358
1142,1374
1142,1427
1142,1446
1142,1464
1142,1514
1142,1549
1142,1565
1142,1574
1142,1616
1142,1625
1142,1645
1142,1695
1142,1766
1142,1773
1142,1844
1142,1881
1152,1159
1152,1258
1152,1275
1152,1366
1152,1473
1152,1525
1152,1584
1152,1630
1152,1703
1152,1783
1152,1807
1155,1179
1155,1237
1155,1320
1155,1349
1155,1358
1155,1408
1155,1487
1155,1490
1155,1574
1155,1616
1155,1645
1155,1673
1155,1677
1155,1679
1155,1767
1155,1844
1155,1882
1159,1167
1159,1170
1159,1183
1159,1188
1159,1217
1159,1225
1159,1228
1159,1241
1159,1246
1159,1258
1159,1260
1159,1275
1159,1299
1159,1306
1159,1310
1159,1338
1159,1355
1159,1366
1159,1412
1159,1435
1159,1444
1159,1472
1159,1473
1159,1481
1159,1496
1159,1500
1159,1504
1159,1507
1159,1525
1159,1536
1159,1569
1159,1584
1159,1630
1159,1634
1159,1686
1159,1699
1159,1703
1159,1738
1159,1781
1159,1783
1159,1807
1159,1828
1159,1876
1166,1241
1166,1258
1166,1282
1166,1306
1166,1324
1166,1338
1166,1366
1166,1472
1166,1504
1166,1525
1166,1536
1166,1703
1166,1725
1166,1783
1166,1828
1166,1876
1167,1188
1167,1225
1167,1241
1167,1246
1167,1260
1167,1275
1167,1299
1167,1310
1167,1338
1167,1355
1167,1472
1167,1481
1167,1500
1167,1504
1167,1536
1167,1569
1167,1630
1167,1633
1167,1686
1167,1703
1167,1709
1167,1783
1167,1876
1170,1213
1170,1228
1170,1275
1170,1282
1170,1296
1170,1303
1170,1412
1170,1500
1170,1549
1170,1745
1170,1781
1170,1783
1179,1210
1179,1237
1179,1300
1179,1320
1179,1349
1179,1357
1179,1358
1179,1374
1179,1512
1179,1545
1179,1574
1179,1606
1179,1616
1179,1645
1179,1673
1179,1692
1179,1740
1179,1744
1179,1767
1179,1778
1179,1882
1183,1217
1183,1246
1183,1338
1183,1343
1183,1366
1183,1436
1183,1444
1183,1472
1183,1525
1183,1529
1183,1536
1183,1540
1183,1569
1183,1630
1183,1686
1183,1699
1183,1703
1183,1783
1183,1794
1183,1807
1183,1876
1188,1228
1188,1236
1188,1259
1188,1260
1188,1275
1188,1299
1188,1304
1188,1308
1188,1310
1188,1338
1188,1355
1188,1366
1188,1472
1188,1482
1188,1500
1188,1504
1188,1536
1188,1630
1188,1634
1188,1703
1188,1876
1189,1226
1189,1244
1189,1259
1189,1311
1189,1338
1189,1348
1189,1366
1189,1415
1189,1428
1189,1469
1189,1472
1189,1482
1189,1496
1189,1507
1189,1529
1189,1541
1189,1630
1189,1681
1189,1709
1189,1727
1189,1783
1189,1831
1189,1847
1200,1574
1210,1226
1210,1300
1210,1318
1210,1320
1210,1332
1210,1358
1210,1408
1210,1425
1210,1427
1210,1446
1210,1549
1210,1565
1210,1574
1210,1606
1210,1671
1210,1692
1210,1740
1210,1744
1210,1766
1210,1767
1210,1778
1210,1831
1210,1844
1213,1259
1213,1415
1213,1469
1213,1496
1213,1507
1213,1624
1213,1672
1213,1725
1213,1783
1213,1855
1213,1869
1216,1232
1216,1314
1216,1333
1216,1363
1216,1371
1216,1378
1216,1452
1216,1533
1216,1548
1216,1601
1216,1629
1216,1733
1216,1784
1216,1787
1216,1837
1216,1895
1217,1247
1217,1258
1217,1334
1217,1338
1217,1343
1217,1366
1217,1408
1217,1435
1217,1444
1217,1453
1217,1473
1217,1482
1217,1487
1217,1525
1217,1536
1217,1540
1217,1569
1217,1584
1217,1620
1217,1630
1217,1658
1217,1699
1217,1738
1217,1794
1217,1807
1217,1818
1217,1885
1217,1897
1225,1260
1225,1275
1225,1299
1225,1304
1225,1338
1225,1355
1225,1366
1225,1472
1225,1500
1225,1504
1225,1536
1225,1630
1225,1633
1225,1634
1225,1686
1225,1703
1225,1876
1226,1246
1226,1259
1226,1311
1226,1320
1226,1348
1226,1415
1226,1428
1226,1469
1226,1472
1226,1482
1226,1496
1226,1507
1226,1536
1226,1541
1226,1630
1226,1679
1226,1681
1226,1709
1226,1770
1226,1778
1226,1847
1228,1236
1228,1304
1228,1308
1228,1355
1228,1412
1228,1500
1228,1549
1228,1703
1228,1725
1232,1333
1232,1371
1232,1378
1232,1452
1232,1533
1232,1548
1232,1601
1232,1629
1232,1733
1232,1787
1232,1837
1232,1895
1236,1258
1236,1260
1236,1275
1236,1299
1236,1304
1236,1308
1236,1310
1236,1338
1236,1355
1236,1366
1236,1469
1236,1472
1236,1482
1236,1504
1236,1529
1236,1536
1236,1633
1236,1634
1236,1650
1236,1703
1236,1709
1236,1725
1236,1770
1236,1815
1236,1869
1236,1906
1237,1313
1237,1318
1237,1320
1237,1332
1237,1349
1237,1358
1237,1374
1237,1397
1237,1427
1237,1464
1237,1473
1237,1487
1237,1512
1237,1514
1237,1526
1237,1543
1237,1574
1237,1616
1237,1673
1237,1677
1237,1692
1237,1744
1237,1763
1237,1766
1237,1778
1237,1800
1237,1853
1237,1882
1241,1338
1241,1481
1241,1536
1241,1686
1241,1783
1241,1876
1244,1428
1244,1472
1244,1630
1244,1703
1244,1770
1244,1781
1246,1296
1246,1338
1246,1366
1246,1425
1246,1469
1246,1481
1246,1482
1246,1504
1246,1569
1246,1630
1246,1699
1246,1738
1246,1781
1246,1783
1246,1807
1247,1408
1247,1429
1247,1453
1247,1725
1247,1794
1247,1807
1247,1818
1247,1885
1247,1897
1258,1260
1258,1275
1258,1304
1258,1306
1258,1334
1258,1338
1258,1343
1258,1355
1258,1366
1258,1435
1258,1444
1258,1473
1258,1525
1258,1536
1258,1569
1258,1584
1258,1630
1258,1634
1258,1658
1258,1703
1258,1709
1258,1738
1258,1781
1258,1807
1258,1815
1258,1818
1259,1260
1259,1275
1259,1311
1259,1338
1259,1348
1259,1415
1259,1469
1259,1472
1259,1482
1259,1496
1259,1504
1259,1507
1259,1536
1259,1541
1259,1624
1259,1630
1259,1672
1259,1709
1259,1725
1259,1745
1259,1770
1259,1783
1259,1815
1259,1904
1259,1906
1260,1275
1260,1299
1260,1304
1260,1308
1260,1338
1260,1355
1260,1366
1260,1469
1260,1472
1260,1504
1260,1525
1260,1630
1260,1633
1260,1634
1260,1686
1260,1703
1260,1709
1260,1725
1260,1815
1260,1876
1275,1296
1275,1299
1275,1310
1275,1338
1275,1348
1275,1355
1275,1366
1275,1469
1275,1472
1275,1473
1275,1482
1275,1496
1275,1500
1275,1504
1275,1525
1275,1536
1275,1624
1275,1630
1275,1633
1275,1672
1275,1703
1275,1709
1275,1770
1275,1781
1275,1783
1275,1815
1275,1828
1275,1869
1275,1876
1275,1904
1275,1906
1282,1303
1282,1324
1282,1630
1282,1783
1282,1828
1296,1338
1296,1385
1296,1472
1296,1496
1296,1504
1296,1525
1296,1529
1296,1630
1296,1745
1296,1770
1296,1831
1299,1304
1299,1310
1299,1355
1299,1366
1299,1469
1299,1472
1299,1482
1299,1500
1299,1504
1299,1525
1299,1536
1299,1634
1299,1681
1299,1686
1299,1703
1299,1727
1299,1876
1300,1313
1300,1320
1300,1349
1300,1357
1300,1358
1300,1374
1300,1427
1300,1514
1300,1574
1300,1606
1300,1645
1300,1673
1300,1740
1300,1744
1303,1427
1303,1429
1303,1783
1303,1828
1304,1308
1304,1310
1304,1355
1304,1366
1304,1473
1304,1500
1304,1536
1304,1634
1304,1703
1304,1709
1304,1725
1304,1815
1304,1876
1306,1338
1306,1348
1306,1366
1306,1428
1306,1472
1306,1504
1306,1507
1306,1525
1306,1624
1306,1703
1306,1738
1308,1310
1308,1355
1308,1366
1308,1472
1308,1634
1308,1703
1310,1338
1310,1355
1310,1366
1310,1472
1310,1504
1310,1536
1310,1630
1310,1633
1310,1634
1310,1686
1310,1703
1310,1876
1311,1348
1311,1366
1311,1415
1311,1472
1311,1482
1311,1496
1311,1507
1311,1541
1311,1549
1311,1630
1311,1681
1311,1770
1311,1783
1313,1320
1313,1358
1313,1374
1313,1427
1313,1446
1313,1512
1313,1543
1313,1565
1313,1671
1313,1673
1313,1692
1313,1844
1314,1333
1314,1378
1314,1533
1314,1548
1314,1601
1314,1733
1314,1784
1314,1787
1314,1802
1314,1837
1314,1895
1318,1320
1318,1332
1318,1358
1318,1427
1318,1446
1318,1464
1318,1543
1318,1549
1318,1565
1318,1606
1318,1625
1318,1645
1318,1695
1318,1740
1318,1744
1318,1763
1318,1766
1318,1773
1318,1844
1318,1870
1318,1881
1318,1882
1320,1332
1320,1349
1320,1357
1320,1358
1320,1374
1320,1425
1320,1427
1320,1512
1320,1514
1320,1545
1320,1565
1320,1574
1320,1606
1320,1616
1320,1625
1320,1645
1320,1673
1320,1677
1320,1679
1320,1692
1320,1695
1320,1740
1320,1744
1320,1766
1320,1767
1320,1778
1320,1844
1320,1870
1320,1882
1324,1783
1324,1901
1332,1358
1332,1427
1332,1446
1332,1464
1332,1487
1332,1543
1332,1549
1332,1565
1332,1606
1332,1625
1332,1645
1332,1695
1332,1763
1332,1766
1332,1773
1332,1844
1332,1870
1332,1881
1332,1882
1332,1901
1333,1371
1333,1378
1333,1452
1333,1533
1333,1548
1333,1601
1333,1629
1333,1733
1333,1784
1333,1787
1333,1837
1333,1895
1334,1343
1334,1435
1334,1473
1334,1525
1334,1540
1334,1569
1334,1584
1334,1620
1334,1630
1334,1658
1334,1794
1334,1807
1334,1818
1334,1844
1334,1897
1338,1355
1338,1357
1338,1366
1338,1435
1338,1469
1338,1472
1338,1473
1338,1482
1338,1496
1338,1504
1338,1525
1338,1536
1338,1549
1338,1624
1338,1630
1338,1686
1338,1699
1338,1703
1338,1709
1338,1725
1338,1745
1338,1783
1338,1807
1338,1815
1338,1828
1338,1869
1338,1876
1338,1906
1343,1425
1343,1435
1343,1436
1343,1444
1343,1473
1343,1525
1343,1540
1343,1569
1343,1584
1343,1630
1343,1699
1343,1738
1343,1807
1343,1818
1343,1831
1343,1881
1343,1897
1348,1415
1348,1428
1348,1469
1348,1472
1348,1482
1348,1496
1348,1507
1348,1529
1348,1541
1348,1624
1348,1630
1348,1681
1348,1709
1348,1770
1348,1815
1348,1847
1348,1904
1349,1358
1349,1374
1349,1408
1349,1427
1349,1514
1349,1531
1349,1543
1349,1574
1349,1606
1349,1645
1349,1673
1349,1677
1349,1740
1349,1744
1349,1763
1349,1844
1349,1882
1355,1366
1355,1472
1355,1473
1355,1496
1355,1500
1355,1504
1355,1525
1355,1536
1355,1633
1355,1634
1355,1686
1355,1699
1355,1703
1355,1709
1355,1876
1357,1397
1357,1487
1357,1536
1357,1574
1357,1692
1357,1767
1357,1778
1357,1794
1357,1897
1358,1374
1358,1397
1358,1425
1358,1427
1358,1446
1358,1473
1358,1490
1358,1512
1358,1514
1358,1543
1358,1545
1358,1565
1358,1574
1358,1606
1358,1616
1358,1645
1358,1671
1358,1673
1358,1677
1358,1679
1358,1692
1358,1695
1358,1740
1358,1744
1358,1763
1358,1766
1358,1767
1358,1844
1358,1881
1358,1882
1363,1371
1363,1378
1363,1533
1363,1548
1363,1629
1363,1733
1363,1787
1363,1837
1366,1427
1366,1435
1366,1444
1366,1472
1366,1473
1366,1481
1366,1482
1366,1496
1366,1504
1366,1525
1366,1536
1366,1569
1366,1584
1366,1630
1366,1633
1366,1634
1366,1699
1366,1703
1366,1709
1366,1725
1366,1738
1366,1767
1366,1783
1366,1807
1366,1876
1371,1378
1371,1452
1371,1533
1371,1536
1371,1548
1371,1601
1371,1629
1371,1692
1371,1733
1371,1784
1371,1787
1371,1837
1371,1895
1374,1487
1374,1512
1374,1574
1374,1616
1374,1645
1374,1673
1374,1692
1374,1767
1374,1844
1378,1452
1378,1533
1378,1548
1378,1601
1378,1629
1378,1733
1378,1787
1378,1837
1378,1895
1385,1496
1385,1529
1385,1531
1385,1545
1385,1574
1385,1770
1385,1778
1385,1831
1397,1487
1397,1536
1397,1673
1397,1844
1397,1882
1408,1453
1408,1549
1408,1574
1408,1673
1408,1740
1408,1807
1408,1818
1408,1844
1408,1882
1408,1885
1408,1897
1412,1429
1412,1500
1412,1549
1412,1633
1412,1686
1412,1745
1412,1781
1415,1469
1415,1472
1415,1482
1415,1496
1415,1507
1415,1541
1415,1624
1415,1630
1415,1672
1415,1709
1415,1725
1415,1770
1415,1783
1415,1906
1425,1545
1425,1549
1425,1574
1425,1625
1425,1633
1425,1671
1425,1773
1425,1778
1425,1831
1425,1844
1427,1429
1427,1435
1427,1446
1427,1464
1427,1473
1427,1487
1427,1525
1427,1526
1427,1545
1427,1549
1427,1565
1427,1584
1427,1625
1427,1645
1427,1673
1427,1695
1427,1763
1427,1766
1427,1767
1427,1773
1427,1794
1427,1807
1427,1844
1427,1853
1427,1881
1427,1882
1428,1469
1428,1472
1428,1482
1428,1541
1428,1624
1428,1703
1428,1709
1428,1815
1428,1831
1428,1904
1429,1464
1429,1487
1429,1526
1429,1794
1429,1828
1429,1844
1435,1444
1435,1473
1435,1525
1435,1540
1435,1569
1435,1584
1435,1630
1435,1699
1435,1800
1435,1807
1435,1818
1435,1897
1436,1444
1436,1472
1436,1620
1436,1686
1436,1699
1436,1727
1436,1794
1436,1881
1444,1472
1444,1500
1444,1536
1444,1540
1444,1569
1444,1620
1444,1630
1444,1699
1444,1703
1444,1738
1444,1783
1444,1807
1444,1876
1446,1514
1446,1549
1446,1565
1446,1574
1446,1616
1446,1645
1446,1692
1446,1695
1446,1744
1446,1763
1446,1766
1446,1773
1446,1778
1446,1882
1448,1472
1452,1533
1452,1548
1452,1601
1452,1629
1452,1733
1452,1784
1452,1787
1452,1802
1452,1837
1452,1895
1453,1671
1453,1807
1453,1818
1453,1831
1453,1885
1453,1897
1464,1487
1464,1526
1464,1677
1464,1695
1464,1766
1464,1794
1464,1844
1464,1853
1469,1472
1469,1482
1469,1496
1469,1504
1469,1507
1469,1536
1469,1541
1469,1624
1469,1633
1469,1634
1469,1672
1469,1703
1469,1709
1469,1725
1469,1770
1469,1783
1469,1815
1469,1869
1469,1876
1469,1904
1469,1906
1472,1482
1472,1496
1472,1500
1472,1504
1472,1507
1472,1525
1472,1529
1472,1536
1472,1541
1472,1569
1472,1624
1472,1630
1472,1633
1472,1634
1472,1650
1472,1672
1472,1681
1472,1686
1472,1699
1472,1703
1472,1709
1472,1725
1472,1727
1472,1738
1472,1770
1472,1781
1472,1783
1472,1807
1472,1815
1472,1847
1472,1869
1472,1876
1472,1904
1472,1906
1473,1487
1473,1525
1473,1536
1473,1545
1473,1569
1473,1574
1473,1584
1473,1630
1473,1673
1473,1699
1473,1703
1473,1709
1473,1738
1473,1767
1473,1807
1473,1818
1473,1901
1481,1569
1481,1633
1481,1783
1481,1828
1481,1876
1482,1496
1482,1504
1482,1525
1482,1529
1482,1536
1482,1541
1482,1624
1482,1630
1482,1634
1482,1650
1482,1681
1482,1703
1482,1709
1482,1770
1482,1847
1482,1869
1482,1876
1482,1904
1487,1536
1487,1543
1487,1545
1487,1574
1487,1620
1487,1677
1487,1692
1487,1744
1487,1794
1487,1844
1487,1853
1487,1881
1487,1885
1487,1897
1490,1616
1490,1673
1496,1504
1496,1507
1496,1525
1496,1529
1496,1536
1496,1541
1496,1545
1496,1569
1496,1574
1496,1624
1496,1630
1496,1681
1496,1703
1496,1709
1496,1727
1496,1745
1496,1770
1496,1847
1496,1904
1500,1504
1500,1525
1500,1536
1500,1630
1500,1633
1500,1634
1500,1686
1504,1507
1504,1525
1504,1536
1504,1541
1504,1624
1504,1630
1504,1633
1504,1634
1504,1672
1504,1699
1504,1703
1504,1709
1504,1725
1504,1770
1504,1783
1504,1815
1504,1876
1504,1904
1504,1906
1507,1541
1507,1624
1507,1630
1507,1672
1507,1681
1507,1770
1507,1783
1507,1847
1507,1876
1512,1543
1512,1616
1512,1673
1512,1740
1512,1767
1514,1574
1514,1616
1514,1645
1514,1677
1514,1679
1514,1740
1514,1744
1514,1844
1514,1882
1525,1529
1525,1536
1525,1541
1525,1549
1525,1569
1525,1630
1525,1634
1525,1681
1525,1686
1525,1699
1525,1703
1525,1709
1525,1745
1525,1770
1525,1781
1525,1783
1525,1807
1525,1876
1525,1897
1526,1545
1526,1565
1526,1645
1526,1692
1526,1696
1526,1766
1526,1794
1526,1844
1526,1853
1529,1569
1529,1574
1529,1630
1529,1650
1529,1699
1529,1709
1529,1727
1529,1745
1529,1770
1529,1778
1529,1781
1529,1783
1529,1807
1529,1828
1529,1855
1531,1543
1531,1620
1531,1738
1531,1781
1531,1831
1531,1876
1533,1548
1533,1601
1533,1629
1533,1733
1533,1787
1533,1802
1533,1837
1533,1895
1536,1574
1536,1629
1536,1630
1536,1633
1536,1634
1536,1686
1536,1690
1536,1692
1536,1699
1536,1703
1536,1709
1536,1725
1536,1727
1536,1738
1536,1770
1536,1787
1536,1807
1536,1876
1536,1881
1536,1897
1536,1906
1540,1569
1540,1584
1540,1630
1540,1699
1540,1800
1540,1807
1540,1818
1541,1624
1541,1672
1541,1681
1541,1699
1541,1727
1541,1770
1541,1847
1541,1904
1543,1574
1543,1677
1543,1679
1543,1692
1543,1844
1543,1870
1543,1881
1545,1574
1545,1679
1545,1696
1545,1767
1545,1778
1545,1831
1545,1844
1545,1853
1548,1601
1548,1733
1548,1787
1548,1802
1548,1837
1548,1895
1549,1565
1549,1574
1549,1624
1549,1625
1549,1671
1549,1695
1549,1703
1549,1740
1549,1763
1549,1766
1549,1773
1549,1778
1549,1844
1565,1606
1565,1625
1565,1645
1565,1671
1565,1679
1565,1692
1565,1695
1565,1740
1565,1744
1565,1763
1565,1766
1565,1767
1565,1773
1565,1844
1565,1870
1565,1881
1565,1882
1569,1630
1569,1650
1569,1658
1569,1699
1569,1703
1569,1709
1569,1738
1569,1745
1569,1781
1569,1783
1569,1807
1569,1818
1574,1616
1574,1625
1574,1645
1574,1677
1574,1679
1574,1692
1574,1695
1574,1740
1574,1744
1574,1763
1574,1766
1574,1773
1574,1778
1574,1870
1574,1882
1584,1658
1584,1703
1584,1800
1584,1807
1584,1818
1601,1629
1601,1733
1601,1784
1601,1787
1601,1837
1601,1895
1606,1616
1606,1645
1606,1695
1606,1740
1606,1744
1606,1766
1606,1778
1606,1844
1606,1870
1606,1881
1606,1882
1616,1645
1616,1671
1616,1673
1616,1677
1616,1692
1616,1740
1616,1744
1616,1767
1616,1844
1616,1881
1616,1882
1620,1800
1620,1881
1620,1885
1624,1672
1624,1709
1624,1770
1624,1783
1624,1904
1625,1695
1625,1763
1625,1766
1625,1773
1625,1844
1629,1733
1629,1784
1629,1802
1629,1837
1629,1895
1630,1658
1630,1686
1630,1703
1630,1709
1630,1727
1630,1738
1630,1770
1630,1781
1630,1807
1630,1876
1633,1634
1633,1686
1633,1699
1633,1876
1634,1686
1634,1699
1634,1703
1634,1725
1634,1807
1634,1876
1634,1906
1645,1677
1645,1679
1645,1692
1645,1740
1645,1744
1645,1763
1645,1766
1645,1767
1645,1778
1645,1844
1645,1881
1645,1882
1650,1727
1650,1770
1650,1828
1650,1904
1658,1794
1658,1807
1658,1818
1658,1881
1658,1897
1671,1763
1671,1831
1671,1844
1671,1881
1672,1709
1672,1725
1672,1783
1672,1828
1672,1855
1672,1869
1673,1740
1673,1767
1673,1844
1674,1800
1677,1679
1677,1740
1677,1744
1677,1763
1677,1844
1677,1870
1679,1692
1679,1773
1679,1882
1681,1699
1681,1727
1681,1847
1686,1699
1686,1703
1686,1794
1686,1876
1692,1763
1692,1767
1692,1881
1695,1763
1695,1766
1695,1773
1695,1844
1695,1870
1695,1881
1695,1882
1696,1844
1699,1703
1699,1770
1699,1794
1699,1807
1699,1876
1703,1709
1703,1725
1703,1807
1703,1876
1709,1725
1709,1770
1709,1807
1709,1815
1709,1831
1709,1876
1709,1904
1725,1783
1725,1794
1725,1876
1725,1906
1727,1738
1727,1876
1727,1881
1733,1784
1733,1787
1733,1837
1733,1895
1738,1807
1738,1876
1740,1744
1740,1766
1740,1778
1740,1882
1744,1766
1744,1778
1744,1844
1744,1882
1745,1770
1763,1766
1763,1773
1763,1844
1763,1870
1763,1882
1766,1773
1766,1844
1766,1870
1766,1881
1766,1882
1767,1844
1770,1778
1770,1876
1770,1904
1770,1906
1773,1844
1773,1881
1778,1882
1781,1783
1781,1807
1781,1869
1783,1794
1783,1807
1783,1828
1783,1906
1784,1787
1784,1837
1784,1895
1787,1837
1787,1876
1787,1895
1794,1807
1794,1818
1794,1844
1794,1881
1794,1897
1800,1881
1802,1837
1802,1895
1807,1818
1807,1885
1807,1897
1815,1869
1815,1906
1818,1885
1818,1897
1831,1901
1837,1895
1844,1853
1844,1882
1844,1897
1869,1904
1870,1882
1876,1906
1881,1882
1881,1885
1881,1897
1885,1897
1904,1906
367,373
367,378
367,391
367,412
367,452
367,525
367,553
370,373
370,374
370,378
370,388
370,392
370,402
370,412
370,417
370,423
370,430
370,431
370,432
370,436
370,438
370,439
370,452
370,456
370,460
370,461
370,465
370,471
370,492
370,497
370,506
370,507
370,514
370,515
370,524
370,525
370,542
370,544
370,553
370,559
370,561
370,567
370,591
370,604
370,645
370,669
373,374
373,378
373,388
373,391
373,392
373,400
373,402
373,412
373,417
373,423
373,431
373,434
373,436
373,438
373,439
373,456
373,460
373,461
373,465
373,471
373,492
373,496
373,497
373,500
373,506
373,507
373,513
373,514
373,515
373,524
373,525
373,542
373,544
373,545
373,553
373,559
373,561
373,567
373,591
373,604
373,614
373,645
373,669
374,378
374,391
374,402
374,412
374,417
374,430
374,431
374,432
374,438
374,439
374,456
374,460
374,461
374,465
374,492
374,496
374,497
374,500
374,506
374,507
374,513
374,514
374,515
374,524
374,525
374,544
374,545
374,553
374,559
374,561
374,567
374,591
374,614
374,669
378,391
378,394
378,400
378,412
378,417
378,423
378,431
378,434
378,436
378,452
378,456
378,461
378,465
378,471
378,492
378,496
378,497
378,500
378,506
378,513
378,514
378,515
378,524
378,542
378,544
378,553
378,559
378,561
378,591
378,604
378,614
378,669
378,676
388,400
388,404
388,412
388,438
388,452
388,465
388,492
388,493
388,496
388,497
388,500
388,503
388,507
388,513
388,537
388,544
388,559
388,567
391,394
391,400
391,412
391,417
391,423
391,431
391,438
391,456
391,460
391,465
391,492
391,493
391,497
391,500
391,503
391,506
391,513
391,514
391,515
391,524
391,525
391,544
391,553
391,559
391,561
391,567
391,591
391,614
391,669
392,394
392,404
392,412
392,423
392,430
392,431
392,436
392,456
392,460
392,465
392,492
392,493
392,497
392,500
392,503
392,506
392,514
392,515
392,525
392,537
392,542
392,553
392,559
392,561
392,567
394,400
394,436
394,438
394,492
394,503
394,511
394,513
394,515
394,542
394,544
394,559
394,614
394,676
400,404
400,412
400,417
400,431
400,432
400,434
400,436
400,438
400,456
400,461
400,465
400,492
400,493
400,497
400,500
400,503
400,506
400,511
400,513
400,514
400,515
400,524
400,525
400,537
400,542
400,544
400,553
400,559
400,561
400,567
400,591
400,614
400,669
400,676
402,412
402,417
402,432
402,436
402,438
402,460
402,465
402,493
402,497
402,500
402,506
402,507
402,513
402,514
402,515
402,524
402,542
402,544
402,545
402,553
402,559
402,561
402,567
404,431
404,452
404,456
404,465
404,493
404,496
404,500
404,503
404,506
404,511
404,515
404,525
404,537
404,542
404,545
404,559
404,561
412,417
412,423
412,430
412,431
412,432
412,434
412,436
412,438
412,452
412,456
412,460
412,461
412,492
412,493
412,496
412,500
412,503
412,506
412,507
412,513
412,515
412,524
412,525
412,537
412,542
412,544
412,559
412,561
412,567
412,591
412,593
412,604
412,614
412,645
412,669
412,676
417,431
417,438
417,456
417,460
417,461
417,465
417,492
417,493
417,497
417,500
417,503
417,506
417,507
417,511
417,513
417,514
417,515
417,524
417,537
417,542
417,544
417,545
417,553
417,559
417,561
417,567
423,430
423,431
423,436
423,456
423,461
423,465
423,492
423,497
423,500
423,503
423,506
423,513
423,524
423,525
423,537
423,553
423,559
423,561
423,567
423,591
423,604
423,614
423,645
423,669
430,432
430,439
430,456
430,465
430,471
430,493
430,497
430,503
430,514
430,525
430,537
430,553
430,559
430,561
431,432
431,434
431,436
431,438
431,456
431,465
431,471
431,492
431,493
431,497
431,500
431,503
431,506
431,507
431,511
431,513
431,514
431,515
431,525
431,537
431,545
431,559
431,561
431,614
431,669
432,438
432,439
432,452
432,456
432,460
432,465
432,471
432,497
432,506
432,507
432,513
432,514
432,525
432,544
432,545
432,553
432,559
432,561
434,436
434,456
434,492
434,496
434,497
434,506
434,515
434,559
434,591
434,604
436,438
436,461
436,465
436,492
436,496
436,497
436,506
436,507
436,511
436,513
436,524
436,525
436,542
436,553
436,559
436,561
436,591
436,604
436,669
438,452
438,456
438,460
438,461
438,465
438,492
438,493
438,496
438,497
438,500
438,503
438,506
438,507
438,511
438,513
438,514
438,524
438,525
438,553
438,559
438,561
438,591
438,604
438,614
438,645
438,669
438,676
439,456
439,461
439,465
439,471
439,500
439,506
439,507
439,513
439,514
439,525
439,542
439,544
439,553
439,561
439,567
452,460
452,465
452,497
452,500
452,506
452,507
452,513
452,544
452,553
452,559
456,460
456,465
456,493
456,496
456,497
456,503
456,506
456,511
456,513
456,524
456,525
456,537
456,545
456,553
456,559
456,561
456,567
460,461
460,465
460,492
460,497
460,506
460,507
460,514
460,515
460,524
460,542
460,544
460,545
460,553
460,559
460,567
461,465
461,471
461,492
461,497
461,506
461,507
461,513
461,524
461,525
461,542
461,544
461,553
461,559
461,561
461,567
461,591
461,645
461,669
465,471
465,493
465,500
465,503
465,506
465,507
465,511
465,513
465,515
465,524
465,525
465,537
465,542
465,544
465,559
465,561
465,567
465,591
465,604
465,614
465,669
465,676
471,507
471,513
471,514
471,515
471,524
471,537
471,553
471,559
471,561
471,567
492,497
492,500
492,503
492,506
492,513
492,514
492,515
492,524
492,537
492,542
492,544
492,553
492,559
492,561
492,567
492,591
492,604
492,614
492,669
492,676
493,497
493,500
493,503
493,507
493,511
493,514
493,525
493,537
493,545
493,559
493,561
496,497
496,506
496,507
496,513
496,514
496,515
496,553
496,591
496,669
497,500
497,503
497,506
497,507
497,513
497,515
497,524
497,525
497,537
497,542
497,544
497,545
497,559
497,561
497,567
500,503
500,506
500,507
500,513
500,514
500,524
500,525
500,537
500,542
500,553
500,591
500,604
500,614
500,645
503,511
503,513
503,514
503,524
503,525
503,537
503,542
503,553
503,559
503,561
503,567
506,507
506,513
506,514
506,524
506,525
506,537
506,544
506,545
506,553
506,559
506,561
506,591
506,604
506,645
507,513
507,514
507,515
507,524
507,525
507,544
507,545
507,553
507,559
507,561
511,525
511,545
511,559
511,561
513,514
513,515
513,524
513,525
513,537
513,542
513,544
513,553
513,559
513,561
513,567
513,591
513,604
513,614
513,645
513,669
514,524
514,525
514,537
514,544
514,559
514,561
514,614
514,669
515,524
515,525
515,545
515,553
515,559
515,591
515,614
524,525
524,542
524,544
524,553
524,559
524,561
524,567
524,591
524,614
525,537
525,542
525,544
525,545
525,559
525,561
525,567
537,545
537,559
537,561
537,567
542,553
542,559
542,561
542,567
542,591
544,545
544,553
544,559
544,561
544,604
544,645
544,669
544,676
545,553
545,559
545,561
553,559
553,561
553,567
553,591
553,614
553,645
553,669
559,561
559,567
559,591
559,604
559,614
559,669
559,676
561,567
561,591
561,604
561,669
567,591
567,604
567,645
591,604
591,645
591,669
669,604
669,614
669,645
604,645
604,676
645,614
614,676
