58,107
58,171
58,1684
58,2814
58,2838
58,2885
58,3003
107,171
107,990
107,1684
107,1758
171,1684
171,2704
171,2740
171,2838
171,2885
171,3003
1684,860
1684,990
1684,1758
1684,2661
1684,2662
1684,2663
1684,2664
1684,2665
1684,2666
1684,2667
1684,2668
1684,2669
1684,2670
1684,2671
1684,2672
1684,2673
1684,2674
1684,2675
1684,2676
1684,2677
1684,2678
1684,2679
1684,2680
1684,2681
1684,2682
1684,2683
1684,2684
1684,2685
1684,2686
1684,2687
1684,2688
1684,2689
1684,2690
1684,2691
1684,2692
1684,2693
1684,2694
1684,2695
1684,2696
1684,2697
1684,2698
1684,2699
1684,2700
1684,2701
1684,2702
1684,2703
1684,2704
1684,2705
1684,2706
1684,2707
1684,2708
1684,2709
1684,2710
1684,2711
1684,2712
1684,2713
1684,2714
1684,2715
1684,2716
1684,2717
1684,2718
1684,2719
1684,2720
1684,2721
1684,2722
1684,2723
1684,2724
1684,2725
1684,2726
1684,2727
1684,2728
1684,2729
1684,2730
1684,2731
1684,2732
1684,2733
1684,2734
1684,2735
1684,2736
1684,2737
1684,2738
1684,2739
1684,2740
1684,2741
1684,2742
1684,2743
1684,2744
1684,2745
1684,2746
1684,2747
1684,2748
1684,2749
1684,2750
1684,2751
1684,2752
1684,2753
1684,2754
1684,2755
1684,2756
1684,2757
1684,2758
1684,2759
1684,2760
1684,2761
1684,2762
1684,2763
1684,2764
1684,2765
1684,2766
1684,2767
1684,2768
1684,2769
1684,2770
1684,2771
1684,2772
1684,2773
1684,2774
1684,2775
1684,2776
1684,2777
1684,2778
1684,2779
1684,2780
1684,2781
1684,2782
1684,2783
1684,2784
1684,2785
1684,2786
1684,2787
1684,2788
1684,2789
1684,2790
1684,2791
1684,2792
1684,2793
1684,2794
1684,2795
1684,2796
1684,2797
1684,2798
1684,2799
1684,2800
1684,2801
1684,2802
1684,2803
1684,2804
1684,2805
1684,2806
1684,2807
1684,2808
1684,2809
1684,2810
1684,2811
1684,2812
1684,2813
1684,2814
1684,2815
1684,2816
1684,2817
1684,2818
1684,2819
1684,2820
1684,2821
1684,2822
1684,2823
1684,2824
1684,2825
1684,2826
1684,2827
1684,2828
1684,2829
1684,2830
1684,2831
1684,2832
1684,2833
1684,2834
1684,2835
1684,2836
1684,2837
1684,2838
1684,2839
1684,2840
1684,2841
1684,2842
1684,2843
1684,2844
1684,2845
1684,2846
1684,2847
1684,2848
1684,2849
1684,2850
1684,2851
1684,2852
1684,2853
1684,2854
1684,2855
1684,2856
1684,2857
1684,2858
1684,2859
1684,2860
1684,2861
1684,2862
1684,2863
1684,2864
1684,2865
1684,2866
1684,2867
1684,2868
1684,2869
1684,2870
1684,2871
1684,2872
1684,2873
1684,2874
1684,2875
1684,2876
1684,2877
1684,2878
1684,2879
1684,2880
1684,2881
1684,2882
1684,2883
1684,2884
1684,2885
1684,2886
1684,2887
1684,2888
1684,2889
1684,2890
1684,2891
1684,2892
1684,2893
1684,2894
1684,2895
1684,2896
1684,2897
1684,2898
1684,2899
1684,2900
1684,2901
1684,2902
1684,2903
1684,2904
1684,2905
1684,2906
1684,2907
1684,2908
1684,2909
1684,2910
1684,2911
1684,2912
1684,2913
1684,2914
1684,2915
1684,2916
1684,2917
1684,2918
1684,2919
1684,2920
1684,2921
1684,2922
1684,2923
1684,2924
1684,2925
1684,2926
1684,2927
1684,2928
1684,2929
1684,2930
1684,2931
1684,2932
1684,2933
1684,2934
1684,2935
1684,2936
1684,2937
1684,2938
1684,2939
1684,2940
1684,2941
1684,2942
1684,2943
1684,2944
1684,2945
1684,2946
1684,2947
1684,2948
1684,2949
1684,2950
1684,2951
1684,2952
1684,2953
1684,2954
1684,2955
1684,2956
1684,2957
1684,2958
1684,2959
1684,2960
1684,2961
1684,2962
1684,2963
1684,2964
1684,2965
1684,2966
1684,2967
1684,2968
1684,2969
1684,2970
1684,2971
1684,2972
1684,2973
1684,2974
1684,2975
1684,2976
1684,2977
1684,2978
1684,2979
1684,2980
1684,2981
1684,2982
1684,2983
1684,2984
1684,2985
1684,2986
1684,2987
1684,2988
1684,2989
1684,2990
1684,2991
1684,2992
1684,2993
1684,2994
1684,2995
1684,2996
1684,2997
1684,2998
1684,2999
1684,3000
1684,3001
1684,3002
1684,3003
1684,3004
1684,3005
1684,3006
1684,3007
1684,3008
1684,3009
1684,3010
1684,3011
1684,3012
1684,3013
1684,3014
1684,3015
1684,3016
1684,3017
1684,3018
1684,3019
1684,3020
1684,3021
1684,3022
1684,3023
1684,3024
1684,3025
1684,3026
1684,3027
1684,3028
1684,3029
1684,3030
1684,3031
1684,3032
1684,3033
1684,3034
1684,3035
1684,3036
1684,3037
1684,3038
1684,3039
1684,3040
1684,3041
1684,3042
1684,3043
1684,3044
1684,3045
1684,3046
1684,3047
1684,3048
1684,3049
1684,3050
1684,3051
1684,3052
1684,3053
1684,3060
1684,3062
1684,3067
1684,3070
1684,3075
1684,3076
1684,3082
1684,3087
1684,3101
1684,3107
1684,3111
1684,3113
1684,3115
1684,3116
1684,3124
1684,3136
1684,3140
1684,3144
1684,3150
1684,3152
1684,3154
1684,3156
1684,3167
1684,3171
1684,3172
1684,3177
1684,3182
1684,3185
1684,3187
1684,3189
1684,3191
1684,3196
1684,3198
1684,3208
1684,3214
1684,3219
1684,3221
1684,3236
1684,3246
1684,3249
1684,3253
1684,3255
1684,3256
1684,3258
1684,3259
1684,3261
1684,3263
1684,3264
1684,3267
1684,3272
1684,3274
1684,3275
1684,3276
1684,3277
1684,3280
1684,3289
1684,3296
1684,3299
1684,3312
1684,3313
1684,3320
1684,3321
1684,3326
1684,3327
1684,3330
1684,3331
1684,3335
1684,3337
1684,3338
1684,3340
1684,3341
1684,3342
1684,3346
1684,3351
1684,3353
1684,3357
1684,3358
1684,3360
1684,3365
1684,3369
1684,3376
1684,3379
1684,3385
1684,3393
1684,3395
1684,3397
1684,3401
1684,3402
1684,3403
1684,3404
1684,3406
1684,3409
1684,3411
1684,3415
1684,3418
1684,3419
1684,3425
1684,3427
1684,3429
1684,3431
2838,3003
990,2678
990,2760
990,2822
990,2883
990,2941
990,2968
990,3005
990,3136
990,3263
1758,2677
1758,2764
1758,2813
1758,2825
1758,2979
2678,2760
2678,3263
2760,2734
2760,2790
2760,2813
2760,3263
2822,2693
2822,2764
2822,2831
2822,2941
2822,2999
2822,3263
2883,2718
2883,2813
2883,3043
2883,3101
2883,3150
2883,3258
2883,3385
2941,2730
2941,2764
2941,2955
2941,2999
2941,3263
2968,2882
2968,3011
2968,3020
2968,3258
3005,2719
3005,2734
3005,2781
3005,2836
3005,2875
3005,2894
3005,2923
3005,2965
3005,3010
3005,3011
3005,3017
3005,3027
3005,3039
3005,3060
3005,3101
3005,3111
3005,3113
3005,3136
3005,3150
3005,3172
3005,3185
3005,3198
3005,3214
3005,3320
3005,3342
3005,3403
3005,3411
3136,2665
3136,2675
3136,2685
3136,2686
3136,2702
3136,2718
3136,2730
3136,2758
3136,2780
3136,2781
3136,2784
3136,2791
3136,2793
3136,2813
3136,2843
3136,2871
3136,2914
3136,2932
3136,2942
3136,2955
3136,2996
3136,2999
3136,3018
3136,3020
3136,3027
3136,3076
3136,3087
3136,3111
3136,3171
3136,3187
3136,3189
3136,3196
3136,3198
3136,3214
3136,3219
3136,3253
3136,3256
3136,3259
3136,3264
3136,3327
3136,3330
3136,3331
3136,3335
3136,3337
3136,3340
3136,3341
3136,3365
3136,3369
3136,3379
3136,3385
3136,3395
3136,3409
3136,3419
3263,2665
3263,2685
3263,2716
3263,2718
3263,2720
3263,2724
3263,2764
3263,2768
3263,2845
3263,2847
3263,2859
3263,2865
3263,2921
3263,2946
3263,2951
3263,2957
3263,2984
3263,2999
3263,3002
3263,3011
3263,3020
3263,3034
3263,3107
3263,3256
3263,3259
3263,3403
3263,3406
2661,2674
2661,2687
2661,2708
2661,2716
2661,2719
2661,2742
2661,2765
2661,2770
2661,2778
2661,2780
2661,2785
2661,2790
2661,2793
2661,2828
2661,2833
2661,2849
2661,2853
2661,2863
2661,2869
2661,2875
2661,2876
2661,2894
2661,2901
2661,2904
2661,2914
2661,2937
2661,2939
2661,2950
2661,2970
2661,2973
2661,2989
2661,2991
2661,3007
2661,3021
2661,3035
2661,3038
2661,3049
2661,3060
2661,3070
2661,3076
2661,3082
2661,3101
2661,3115
2661,3116
2661,3140
2661,3150
2661,3152
2661,3154
2661,3172
2661,3182
2661,3185
2661,3198
2661,3261
2661,3272
2661,3274
2661,3276
2661,3277
2661,3280
2661,3296
2661,3320
2661,3321
2661,3330
2661,3335
2661,3351
2661,3353
2661,3360
2661,3397
2661,3406
2661,3411
2661,3419
2662,2716
2662,2724
2662,2728
2662,2737
2662,2753
2662,2783
2662,2804
2662,2830
2662,2951
2662,2984
2662,3002
2662,3019
2662,3027
2662,3051
2662,3107
2662,3152
2662,3154
2662,3177
2662,3191
2662,3198
2662,3274
2662,3346
2662,3353
2662,3397
2662,3415
2663,2710
2663,2726
2663,2731
2663,2738
2663,2786
2663,2789
2663,2851
2663,2873
2663,2888
2663,2890
2663,2899
2663,2978
2664,2669
2664,2673
2664,2676
2664,2694
2664,2698
2664,2717
2664,2738
2664,2745
2664,2746
2664,2749
2664,2750
2664,2754
2664,2755
2664,2757
2664,2773
2664,2777
2664,2782
2664,2786
2664,2800
2664,2806
2664,2815
2664,2835
2664,2839
2664,2862
2664,2864
2664,2866
2664,2872
2664,2877
2664,2890
2664,2897
2664,2905
2664,2906
2664,2908
2664,2909
2664,2910
2664,2912
2664,2915
2664,2916
2664,2919
2664,2920
2664,2925
2664,2929
2664,2931
2664,2940
2664,2960
2664,2966
2664,2967
2664,2969
2664,2974
2664,2986
2664,2988
2664,3004
2664,3022
2664,3029
2664,3033
2664,3040
2665,2675
2665,2711
2665,2716
2665,2730
2665,2753
2665,2781
2665,2791
2665,2843
2665,2844
2665,2914
2665,2921
2665,2942
2665,2951
2665,2955
2665,2984
2665,2989
2665,2999
2665,3017
2665,3020
2665,3027
2665,3035
2665,3082
2665,3107
2665,3140
2665,3198
2665,3214
2665,3249
2665,3253
2665,3259
2665,3274
2665,3299
2665,3326
2665,3327
2665,3330
2665,3337
2665,3342
2665,3395
2665,3397
2665,3406
2665,3411
2666,2669
2666,2676
2666,2689
2666,2698
2666,2717
2666,2749
2666,2750
2666,2755
2666,2773
2666,2782
2666,2786
2666,2815
2666,2827
2666,2839
2666,2851
2666,2866
2666,2872
2666,2877
2666,2897
2666,2905
2666,2906
2666,2909
2666,2912
2666,2913
2666,2915
2666,2916
2666,2917
2666,2956
2666,2966
2666,2985
2666,2988
2666,2993
2666,3004
2666,3014
2666,3022
2666,3026
2666,3033
2666,3040
2666,3047
2667,2690
2667,2711
2667,2762
2667,2784
2667,2841
2667,2856
2667,2868
2667,2921
2667,3050
2667,3087
2667,3214
2667,3277
2667,3313
2667,3353
2668,2702
2668,2727
2668,2751
2668,2772
2668,2795
2668,2832
2668,2946
2668,2958
2668,3038
2668,3043
2668,3048
2668,3140
2668,3154
2668,3177
2668,3256
2668,3276
2668,3321
2668,3341
2668,3357
2669,2676
2669,2679
2669,2680
2669,2683
2669,2689
2669,2694
2669,2698
2669,2705
2669,2738
2669,2745
2669,2750
2669,2754
2669,2755
2669,2757
2669,2761
2669,2777
2669,2782
2669,2786
2669,2800
2669,2827
2669,2839
2669,2850
2669,2864
2669,2866
2669,2867
2669,2872
2669,2874
2669,2877
2669,2880
2669,2896
2669,2897
2669,2905
2669,2906
2669,2908
2669,2909
2669,2910
2669,2911
2669,2912
2669,2913
2669,2916
2669,2919
2669,2920
2669,2925
2669,2927
2669,2940
2669,2943
2669,2944
2669,2956
2669,2960
2669,2966
2669,2969
2669,2974
2669,2985
2669,2986
2669,2994
2669,3000
2669,3004
2669,3022
2669,3026
2669,3033
2669,3040
2669,3047
2669,3274
2670,2699
2670,2703
2670,2767
2670,2834
2670,2879
2670,2889
2670,2959
2670,2972
2670,2982
2670,3008
2671,2721
2671,2824
2671,2962
2672,2684
2672,2701
2672,2708
2672,2719
2672,2778
2672,2781
2672,2796
2672,2797
2672,2823
2672,2875
2672,2881
2672,2894
2672,2937
2672,3011
2672,3076
2672,3113
2672,3182
2672,3185
2672,3255
2672,3258
2672,3261
2672,3274
2672,3280
2672,3320
2672,3351
2672,3411
2673,2694
2673,2706
2673,2754
2673,2761
2673,2763
2673,2777
2673,2806
2673,2839
2673,2864
2673,2877
2673,2890
2673,2909
2673,2912
2673,2919
2673,2943
2673,2944
2673,2948
2673,3004
2673,3023
2673,3052
2674,2742
2674,2765
2674,2770
2674,2772
2674,2778
2674,2781
2674,2793
2674,2796
2674,2828
2674,2833
2674,2849
2674,2853
2674,2863
2674,2869
2674,2939
2674,2970
2674,2991
2674,3016
2674,3017
2674,3021
2674,3035
2674,3049
2674,3051
2674,3070
2674,3082
2674,3101
2674,3113
2674,3115
2674,3116
2674,3140
2674,3150
2674,3152
2674,3185
2674,3267
2674,3277
2674,3280
2674,3296
2674,3330
2674,3351
2674,3397
2674,3419
2675,2686
2675,2702
2675,2730
2675,2781
2675,2833
2675,2843
2675,2871
2675,2904
2675,2914
2675,2932
2675,2955
2675,2999
2675,3087
2675,3107
2675,3150
2675,3154
2675,3171
2675,3187
2675,3189
2675,3196
2675,3198
2675,3219
2675,3253
2675,3256
2675,3259
2675,3264
2675,3327
2675,3330
2675,3337
2675,3341
2675,3369
2675,3395
2675,3404
2675,3411
2676,2683
2676,2689
2676,2694
2676,2698
2676,2705
2676,2717
2676,2745
2676,2754
2676,2755
2676,2757
2676,2777
2676,2782
2676,2800
2676,2815
2676,2827
2676,2839
2676,2864
2676,2866
2676,2867
2676,2872
2676,2873
2676,2877
2676,2896
2676,2897
2676,2905
2676,2906
2676,2909
2676,2911
2676,2912
2676,2913
2676,2916
2676,2917
2676,2919
2676,2920
2676,2925
2676,2927
2676,2943
2676,2944
2676,2946
2676,2960
2676,2966
2676,2969
2676,2985
2676,2986
2676,2994
2676,3010
2676,3022
2676,3033
2676,3036
2676,3040
2676,3047
2677,2688
2677,2764
2677,2923
2677,2971
2677,2999
2677,3020
2677,3185
2679,2681
2679,2683
2679,2689
2679,2729
2679,2738
2679,2741
2679,2750
2679,2754
2679,2755
2679,2756
2679,2757
2679,2763
2679,2773
2679,2777
2679,2786
2679,2800
2679,2810
2679,2835
2679,2839
2679,2862
2679,2864
2679,2873
2679,2880
2679,2887
2679,2890
2679,2896
2679,2905
2679,2906
2679,2907
2679,2910
2679,2911
2679,2915
2679,2916
2679,2920
2679,2924
2679,2927
2679,2928
2679,2929
2679,2931
2679,2940
2679,2944
2679,2946
2679,2953
2679,2956
2679,2960
2679,2966
2679,2969
2679,2977
2679,2985
2679,2986
2679,2987
2679,2988
2679,2993
2679,2994
2679,3000
2679,3004
2679,3014
2679,3025
2679,3026
2679,3029
2679,3046
2680,2689
2680,2694
2680,2705
2680,2706
2680,2743
2680,2749
2680,2750
2680,2755
2680,2757
2680,2763
2680,2800
2680,2815
2680,2835
2680,2839
2680,2877
2680,2891
2680,2905
2680,2911
2680,2916
2680,2917
2680,2925
2680,2927
2680,2943
2680,2944
2680,2960
2680,2966
2680,2974
2680,2986
2680,3022
2680,3029
2680,3033
2681,2683
2681,2689
2681,2738
2681,2741
2681,2743
2681,2754
2681,2756
2681,2757
2681,2763
2681,2773
2681,2782
2681,2786
2681,2800
2681,2835
2681,2839
2681,2862
2681,2864
2681,2916
2681,2924
2681,2925
2681,2929
2681,2931
2681,2944
2681,2945
2681,2956
2681,2969
2681,2994
2681,3014
2681,3029
2682,2692
2682,2724
2682,2737
2682,2775
2682,2900
2682,3001
2682,3018
2682,3019
2683,2689
2683,2729
2683,2731
2683,2738
2683,2741
2683,2743
2683,2754
2683,2756
2683,2761
2683,2773
2683,2786
2683,2794
2683,2807
2683,2809
2683,2810
2683,2837
2683,2839
2683,2854
2683,2862
2683,2867
2683,2873
2683,2874
2683,2887
2683,2890
2683,2906
2683,2915
2683,2927
2683,2931
2683,2943
2683,2944
2683,2945
2683,2953
2683,2956
2683,2966
2683,2977
2683,2993
2683,2994
2683,3000
2683,3010
2683,3025
2683,3026
2683,3029
2683,3036
2684,2701
2684,2708
2684,2737
2684,2775
2684,2797
2684,2823
2684,2875
2684,2894
2684,2937
2684,2976
2684,3011
2684,3051
2684,3060
2684,3076
2684,3152
2684,3172
2684,3182
2684,3258
2684,3320
2685,2724
2685,2865
2685,2957
2685,3011
2686,2702
2686,2871
2686,2932
2686,2950
2686,3002
2686,3034
2686,3075
2686,3107
2686,3111
2686,3115
2686,3189
2686,3196
2686,3198
2686,3219
2686,3256
2686,3259
2686,3264
2686,3337
2686,3395
2686,3404
2687,2716
2687,2742
2687,2748
2687,2780
2687,2785
2687,2846
2687,2914
2687,3013
2687,3038
2687,3046
2687,3320
2687,3321
2687,3360
2687,3397
2688,2693
2688,2725
2688,2764
2688,2903
2689,2694
2689,2705
2689,2706
2689,2717
2689,2729
2689,2743
2689,2750
2689,2754
2689,2757
2689,2763
2689,2777
2689,2782
2689,2800
2689,2810
2689,2815
2689,2827
2689,2835
2689,2839
2689,2867
2689,2896
2689,2907
2689,2910
2689,2916
2689,2917
2689,2920
2689,2925
2689,2927
2689,2943
2689,2944
2689,2945
2689,2966
2689,2969
2689,2974
2689,2986
2689,3000
2689,3022
2690,2723
2690,2730
2690,2735
2690,2759
2690,2762
2690,2784
2690,2787
2690,2803
2690,2836
2690,2844
2690,2856
2690,2871
2690,2881
2690,2882
2690,2921
2690,2996
2690,3018
2690,3020
2690,3196
2690,3275
2690,3342
2690,3353
2690,3365
2690,3395
2691,2792
2691,3037
2692,2951
2693,2764
2693,2802
2693,2903
2693,2949
2693,2999
2693,3156
2693,3397
2694,2706
2694,2717
2694,2738
2694,2749
2694,2750
2694,2754
2694,2755
2694,2757
2694,2763
2694,2773
2694,2777
2694,2782
2694,2786
2694,2787
2694,2800
2694,2806
2694,2815
2694,2827
2694,2835
2694,2839
2694,2862
2694,2863
2694,2864
2694,2872
2694,2877
2694,2880
2694,2896
2694,2897
2694,2905
2694,2908
2694,2910
2694,2912
2694,2913
2694,2915
2694,2916
2694,2919
2694,2920
2694,2925
2694,2927
2694,2928
2694,2940
2694,2943
2694,2944
2694,2946
2694,2948
2694,2956
2694,2960
2694,2966
2694,2974
2694,2986
2694,2988
2694,3000
2694,3004
2694,3022
2694,3023
2694,3033
2695,2706
2695,2806
2695,2839
2695,2867
2695,2920
2695,2943
2695,2967
2695,3023
2696,2697
2696,2735
2696,2751
2696,2784
2696,2820
2696,2870
2696,2934
2696,3001
2696,3107
2696,3140
2696,3246
2696,3274
2696,3275
2696,3360
2697,2820
2697,2870
2697,2934
2697,2962
2697,2992
2697,3001
2697,3246
2697,3275
2698,2729
2698,2749
2698,2750
2698,2754
2698,2757
2698,2782
2698,2786
2698,2800
2698,2815
2698,2827
2698,2839
2698,2866
2698,2867
2698,2872
2698,2873
2698,2877
2698,2890
2698,2905
2698,2906
2698,2909
2698,2910
2698,2911
2698,2912
2698,2913
2698,2915
2698,2927
2698,2940
2698,2946
2698,2956
2698,2960
2698,2966
2698,2969
2698,2974
2698,2985
2698,2986
2698,2988
2698,3022
2698,3026
2698,3033
2698,3047
2698,3052
2699,2703
2699,2959
2699,2972
2699,2982
2699,3008
2700,2709
2700,2784
2700,2791
2700,2811
2700,2812
2700,2818
2700,2848
2700,2957
2700,3067
2700,3253
2700,3431
2701,2708
2701,2719
2701,2797
2701,2823
2701,2875
2701,2894
2701,2937
2701,2976
2701,3011
2701,3076
2701,3182
2701,3258
2701,3261
2701,3280
2701,3320
2702,2739
2702,2748
2702,2859
2702,2871
2702,2954
2702,3027
2702,3034
2702,3107
2702,3189
2702,3198
2702,3219
2702,3236
2702,3275
2702,3330
2702,3337
2702,3341
2702,3395
2703,2834
2703,2879
2703,2889
2703,2959
2703,2972
2703,2982
2703,3008
2705,2754
2705,2815
2705,2839
2705,2867
2705,2874
2705,2896
2705,2916
2705,2924
2705,2925
2705,2943
2705,2969
2705,3033
2706,2743
2706,2749
2706,2750
2706,2754
2706,2761
2706,2763
2706,2777
2706,2782
2706,2786
2706,2800
2706,2806
2706,2810
2706,2827
2706,2839
2706,2864
2706,2867
2706,2877
2706,2880
2706,2891
2706,2896
2706,2905
2706,2910
2706,2911
2706,2920
2706,2927
2706,2928
2706,2931
2706,2940
2706,2943
2706,2944
2706,2945
2706,2946
2706,2948
2706,2960
2706,2966
2706,2967
2706,2969
2706,2974
2706,2986
2706,3000
2706,3004
2706,3023
2706,3052
2707,2719
2707,2778
2707,2781
2707,2938
2707,2957
2707,2964
2707,3019
2707,3062
2707,3182
2707,3320
2707,3331
2708,2719
2708,2796
2708,2797
2708,2823
2708,2828
2708,2845
2708,2869
2708,2875
2708,2894
2708,2937
2708,2995
2708,3011
2708,3051
2708,3076
2708,3115
2708,3172
2708,3182
2708,3258
2708,3320
2708,3397
2709,2735
2709,2772
2709,2780
2709,2795
2709,2812
2709,3015
2710,2749
2710,2769
2710,2807
2710,2809
2710,2851
2710,2978
2711,2714
2711,2723
2711,2724
2711,2748
2711,2758
2711,2779
2711,2825
2711,2829
2711,2881
2711,2921
2711,2923
2711,2942
2711,2951
2711,2989
2711,3009
2711,3019
2711,3062
2711,3177
2711,3198
2711,3296
2712,2716
2712,2742
2712,2748
2712,2778
2712,2780
2712,2785
2712,2796
2712,2833
2712,2849
2712,2853
2712,2859
2712,2950
2712,2989
2712,2991
2712,3035
2712,3038
2712,3070
2712,3101
2712,3150
2712,3198
2712,3277
2712,3280
2712,3296
2712,3299
2712,3321
2712,3335
2712,3351
2712,3357
2712,3411
2712,3415
2713,2728
2713,2729
2713,2951
2713,2990
2713,3007
2713,3038
2713,3082
2713,3154
2713,3321
2713,3406
2714,2979
2715,2723
2715,2747
2715,2787
2715,2831
2715,2832
2715,2844
2715,2859
2715,2863
2715,2865
2715,2868
2715,2881
2715,2901
2715,2936
2715,3027
2715,3050
2715,3087
2715,3171
2715,3187
2715,3208
2715,3214
2715,3256
2715,3259
2715,3264
2715,3276
2715,3312
2715,3330
2715,3365
2715,3393
2716,2719
2716,2720
2716,2730
2716,2742
2716,2748
2716,2753
2716,2780
2716,2783
2716,2785
2716,2793
2716,2796
2716,2797
2716,2828
2716,2830
2716,2844
2716,2845
2716,2846
2716,2853
2716,2859
2716,2863
2716,2868
2716,2901
2716,2904
2716,2914
2716,2936
2716,2939
2716,2951
2716,2973
2716,2984
2716,2989
2716,2990
2716,2992
2716,3002
2716,3007
2716,3013
2716,3015
2716,3017
2716,3027
2716,3034
2716,3038
2716,3041
2716,3046
2716,3051
2716,3060
2716,3070
2716,3082
2716,3101
2716,3107
2716,3140
2716,3150
2716,3154
2716,3191
2716,3198
2716,3267
2716,3274
2716,3276
2716,3280
2716,3299
2716,3313
2716,3320
2716,3321
2716,3353
2716,3360
2716,3385
2716,3397
2716,3403
2716,3406
2717,2754
2717,2755
2717,2757
2717,2777
2717,2782
2717,2815
2717,2827
2717,2839
2717,2864
2717,2866
2717,2867
2717,2872
2717,2877
2717,2897
2717,2905
2717,2910
2717,2911
2717,2912
2717,2913
2717,2916
2717,2920
2717,2925
2717,2940
2717,2956
2717,2966
2717,2985
2717,2986
2717,3022
2717,3033
2717,3047
2718,2758
2718,2832
2718,2843
2718,2901
2718,2932
2718,2955
2718,3032
2718,3043
2718,3076
2718,3087
2718,3107
2718,3115
2718,3167
2718,3187
2718,3196
2718,3198
2718,3236
2718,3253
2718,3255
2718,3256
2718,3264
2718,3296
2718,3330
2718,3331
2718,3335
2718,3369
2718,3385
2718,3402
2718,3418
2719,2720
2719,2742
2719,2753
2719,2778
2719,2785
2719,2793
2719,2796
2719,2797
2719,2823
2719,2828
2719,2833
2719,2840
2719,2853
2719,2863
2719,2869
2719,2875
2719,2881
2719,2894
2719,2936
2719,2937
2719,2939
2719,2973
2719,2976
2719,2991
2719,2992
2719,3017
2719,3035
2719,3039
2719,3051
2719,3060
2719,3076
2719,3082
2719,3101
2719,3111
2719,3113
2719,3115
2719,3116
2719,3150
2719,3172
2719,3182
2719,3185
2719,3258
2719,3261
2719,3267
2719,3274
2719,3277
2719,3280
2719,3320
2719,3330
2719,3351
2719,3353
2719,3397
2719,3406
2720,2753
2720,2783
2720,2793
2720,2859
2720,2868
2720,2932
2720,2936
2720,2937
2720,2973
2720,2984
2720,2989
2720,3002
2720,3009
2720,3017
2720,3038
2720,3051
2720,3060
2720,3070
2720,3076
2720,3082
2720,3087
2720,3140
2720,3154
2720,3182
2720,3191
2720,3198
2720,3320
2720,3321
2720,3342
2720,3353
2720,3397
2720,3406
2721,2824
2721,2962
2722,2863
2723,2787
2723,2836
2723,2901
2723,3009
2723,3027
2724,2728
2724,2730
2724,2737
2724,2739
2724,2758
2724,2775
2724,2779
2724,2829
2724,2830
2724,2845
2724,2865
2724,2892
2724,2921
2724,2934
2724,2947
2724,2951
2724,2957
2724,3001
2724,3002
2724,3011
2724,3018
2724,3019
2724,3051
2724,3062
2724,3154
2724,3177
2724,3191
2724,3221
2724,3253
2724,3346
2724,3379
2724,3415
2725,2818
2725,2903
2725,2923
2726,2738
2726,2837
2726,2851
2726,2890
2726,2899
2726,2978
2726,3045
2727,2780
2727,2795
2727,2840
2727,3024
2727,3048
2727,3140
2728,2730
2728,2829
2728,2830
2728,2951
2728,2990
2728,3002
2728,3007
2728,3018
2728,3019
2728,3154
2728,3171
2728,3346
2728,3379
2729,2731
2729,2738
2729,2743
2729,2755
2729,2766
2729,2773
2729,2786
2729,2794
2729,2810
2729,2821
2729,2862
2729,2873
2729,2874
2729,2877
2729,2887
2729,2890
2729,2907
2729,2915
2729,2928
2729,2929
2729,2944
2729,2956
2729,2977
2729,2981
2729,2988
2729,2993
2729,2994
2729,3000
2729,3010
2729,3025
2729,3026
2729,3036
2730,2737
2730,2739
2730,2758
2730,2768
2730,2781
2730,2783
2730,2801
2730,2812
2730,2816
2730,2819
2730,2843
2730,2844
2730,2863
2730,2865
2730,2871
2730,2918
2730,2932
2730,2938
2730,2947
2730,2951
2730,2955
2730,2958
2730,2996
2730,2999
2730,3002
2730,3016
2730,3018
2730,3019
2730,3032
2730,3043
2730,3062
2730,3082
2730,3087
2730,3154
2730,3167
2730,3177
2730,3187
2730,3189
2730,3191
2730,3196
2730,3214
2730,3219
2730,3221
2730,3253
2730,3255
2730,3256
2730,3264
2730,3289
2730,3312
2730,3327
2730,3341
2730,3342
2730,3346
2730,3365
2730,3369
2730,3385
2730,3395
2730,3403
2731,2738
2731,2786
2731,2821
2731,2873
2731,2874
2731,2890
2731,2956
2731,2981
2731,2987
2731,2988
2731,2993
2731,3025
2731,3026
2731,3036
2732,2902
2732,2930
2733,2797
2733,2812
2733,2894
2733,2936
2733,2937
2733,2958
2733,3011
2733,3060
2733,3076
2733,3152
2733,3172
2733,3182
2733,3185
2733,3258
2733,3272
2733,3320
2734,2752
2734,2787
2734,2790
2734,2808
2734,2818
2734,2836
2734,2840
2734,2848
2734,2923
2734,3027
2734,3340
2735,2819
2735,2844
2735,2914
2735,2932
2735,2951
2735,2976
2735,2996
2735,3075
2735,3140
2735,3259
2735,3385
2735,3418
2736,2771
2736,2836
2736,3327
2737,2775
2737,2796
2737,2845
2737,2869
2737,2892
2737,2937
2737,2991
2737,3019
2737,3051
2737,3154
2738,2741
2738,2743
2738,2754
2738,2756
2738,2757
2738,2773
2738,2786
2738,2798
2738,2809
2738,2835
2738,2839
2738,2862
2738,2864
2738,2873
2738,2874
2738,2877
2738,2887
2738,2888
2738,2890
2738,2896
2738,2911
2738,2915
2738,2924
2738,2925
2738,2928
2738,2929
2738,2931
2738,2944
2738,2945
2738,2953
2738,2956
2738,2960
2738,2969
2738,2974
2738,2977
2738,2978
2738,2988
2738,2994
2738,3000
2738,3004
2738,3014
2738,3025
2738,3026
2738,3029
2738,3036
2739,2829
2739,2830
2739,2871
2739,2951
2739,2954
2739,3002
2739,3019
2739,3050
2739,3062
2739,3140
2739,3191
2739,3326
2739,3346
2739,3379
2739,3415
2741,2743
2741,2754
2741,2766
2741,2777
2741,2786
2741,2806
2741,2839
2741,2862
2741,2867
2741,2873
2741,2874
2741,2890
2741,2896
2741,2910
2741,2915
2741,2916
2741,2924
2741,2927
2741,2928
2741,2929
2741,2931
2741,2945
2741,2953
2741,2956
2741,2969
2741,2977
2741,2986
2741,2988
2741,2993
2741,2994
2741,3000
2741,3026
2742,2748
2742,2753
2742,2765
2742,2770
2742,2778
2742,2780
2742,2781
2742,2785
2742,2793
2742,2796
2742,2828
2742,2846
2742,2849
2742,2863
2742,2869
2742,2875
2742,2894
2742,2901
2742,2904
2742,2937
2742,2939
2742,2970
2742,2973
2742,2989
2742,2991
2742,2992
2742,3007
2742,3013
2742,3017
2742,3021
2742,3027
2742,3035
2742,3038
2742,3041
2742,3046
2742,3049
2742,3051
2742,3060
2742,3070
2742,3076
2742,3082
2742,3101
2742,3115
2742,3116
2742,3140
2742,3150
2742,3152
2742,3172
2742,3182
2742,3185
2742,3198
2742,3258
2742,3267
2742,3277
2742,3280
2742,3299
2742,3320
2742,3321
2742,3330
2742,3335
2742,3351
2742,3360
2742,3397
2742,3406
2742,3411
2742,3419
2743,2754
2743,2756
2743,2777
2743,2782
2743,2794
2743,2810
2743,2839
2743,2867
2743,2874
2743,2880
2743,2887
2743,2896
2743,2907
2743,2924
2743,2931
2743,2943
2743,2945
2743,2974
2743,2986
2743,2988
2743,2994
2743,3000
2743,3023
2743,3029
2743,3036
2744,2762
2744,2772
2744,2825
2744,2843
2744,2865
2744,3156
2744,3255
2744,3256
2744,3365
2744,3369
2744,3385
2745,2786
2745,2789
2745,2839
2745,2864
2745,2866
2745,2872
2745,2906
2745,2909
2745,2929
2745,2960
2745,2966
2745,2994
2745,3004
2745,3010
2745,3022
2745,3033
2746,2754
2746,2839
2746,2864
2746,2866
2746,2910
2746,2920
2746,2925
2746,2931
2746,2986
2747,2787
2747,2831
2747,2832
2747,2863
2747,2865
2747,2901
2747,3050
2747,3312
2747,3365
2748,2751
2748,2753
2748,2765
2748,2772
2748,2780
2748,2785
2748,2793
2748,2818
2748,2846
2748,2853
2748,2869
2748,2901
2748,2936
2748,2946
2748,2950
2748,2973
2748,2976
2748,2989
2748,2991
2748,3013
2748,3038
2748,3041
2748,3046
2748,3049
2748,3051
2748,3060
2748,3070
2748,3076
2748,3082
2748,3101
2748,3107
2748,3116
2748,3124
2748,3140
2748,3154
2748,3198
2748,3274
2748,3299
2748,3313
2748,3320
2748,3321
2748,3335
2748,3342
2748,3360
2748,3397
2748,3406
2748,3411
2749,2750
2749,2754
2749,2777
2749,2786
2749,2810
2749,2839
2749,2864
2749,2873
2749,2896
2749,2905
2749,2908
2749,2909
2749,2911
2749,2919
2749,2920
2749,2927
2749,2940
2749,2943
2749,2944
2749,2956
2749,2960
2749,2969
2749,2974
2749,2986
2749,2994
2749,3022
2749,3026
2749,3047
2750,2754
2750,2755
2750,2763
2750,2782
2750,2786
2750,2800
2750,2810
2750,2827
2750,2839
2750,2864
2750,2866
2750,2867
2750,2872
2750,2873
2750,2877
2750,2880
2750,2890
2750,2897
2750,2905
2750,2906
2750,2908
2750,2909
2750,2910
2750,2911
2750,2912
2750,2913
2750,2915
2750,2916
2750,2920
2750,2927
2750,2928
2750,2940
2750,2943
2750,2944
2750,2945
2750,2956
2750,2960
2750,2966
2750,2969
2750,2974
2750,2985
2750,2986
2750,2988
2750,3022
2750,3023
2750,3026
2750,3033
2750,3040
2750,3047
2750,3052
2751,2772
2751,2841
2751,2868
2751,2878
2751,2901
2751,2913
2751,2946
2751,3017
2751,3035
2751,3038
2751,3043
2751,3113
2751,3115
2751,3124
2751,3140
2751,3150
2751,3177
2751,3198
2751,3321
2751,3335
2751,3342
2751,3353
2751,3357
2752,2781
2752,2812
2752,2818
2752,2962
2753,2793
2753,2869
2753,2901
2753,2936
2753,2937
2753,2965
2753,2973
2753,2976
2753,2989
2753,2992
2753,3019
2753,3038
2753,3051
2753,3060
2753,3070
2753,3075
2753,3082
2753,3101
2753,3116
2753,3140
2753,3150
2753,3154
2753,3198
2753,3261
2753,3267
2753,3280
2753,3320
2753,3321
2753,3397
2753,3406
2754,2755
2754,2756
2754,2757
2754,2761
2754,2763
2754,2769
2754,2777
2754,2782
2754,2786
2754,2800
2754,2806
2754,2810
2754,2812
2754,2835
2754,2839
2754,2850
2754,2852
2754,2854
2754,2862
2754,2863
2754,2864
2754,2866
2754,2867
2754,2872
2754,2874
2754,2877
2754,2880
2754,2890
2754,2896
2754,2897
2754,2906
2754,2908
2754,2909
2754,2910
2754,2911
2754,2912
2754,2915
2754,2916
2754,2919
2754,2920
2754,2927
2754,2928
2754,2940
2754,2943
2754,2944
2754,2945
2754,2956
2754,2960
2754,2966
2754,2969
2754,2974
2754,2986
2754,2988
2754,3000
2754,3004
2754,3022
2754,3023
2754,3025
2754,3026
2754,3029
2754,3033
2754,3036
2754,3052
2755,2757
2755,2777
2755,2782
2755,2800
2755,2815
2755,2827
2755,2839
2755,2866
2755,2872
2755,2877
2755,2880
2755,2890
2755,2897
2755,2905
2755,2906
2755,2909
2755,2910
2755,2911
2755,2912
2755,2913
2755,2916
2755,2920
2755,2925
2755,2927
2755,2928
2755,2929
2755,2940
2755,2943
2755,2944
2755,2956
2755,2960
2755,2966
2755,2985
2755,2986
2755,2987
2755,2993
2755,2994
2755,3014
2755,3022
2755,3026
2755,3033
2755,3040
2755,3047
2756,2773
2756,2786
2756,2839
2756,2862
2756,2873
2756,2887
2756,2888
2756,2915
2756,2924
2756,2928
2756,2929
2756,2931
2756,2945
2756,2956
2756,2977
2756,2981
2756,2993
2756,2994
2756,3000
2756,3025
2756,3026
2756,3029
2757,2763
2757,2777
2757,2782
2757,2800
2757,2815
2757,2827
2757,2835
2757,2839
2757,2854
2757,2864
2757,2866
2757,2867
2757,2872
2757,2877
2757,2896
2757,2906
2757,2909
2757,2911
2757,2912
2757,2916
2757,2917
2757,2919
2757,2925
2757,2927
2757,2940
2757,2944
2757,2945
2757,2960
2757,2966
2757,2969
2757,2974
2757,2986
2757,3000
2757,3004
2757,3022
2757,3033
2757,3036
2757,3040
2758,2780
2758,2784
2758,2801
2758,2813
2758,2816
2758,2843
2758,2856
2758,2865
2758,2918
2758,2932
2758,2951
2758,2955
2758,2964
2758,3019
2758,3032
2758,3087
2758,3154
2758,3167
2758,3187
2758,3196
2758,3198
2758,3219
2758,3236
2758,3253
2758,3255
2758,3256
2758,3259
2758,3264
2758,3330
2758,3341
2758,3365
2758,3369
2758,3385
2759,2812
2759,2820
2759,2836
2759,2854
2759,2866
2759,2909
2759,2946
2759,2961
2759,3041
2761,2763
2761,2839
2761,2944
2761,2948
2761,2966
2761,3023
2761,3052
2762,2787
2762,2841
2762,2904
2762,3027
2762,3140
2762,3214
2762,3221
2762,3255
2762,3275
2762,3277
2762,3327
2762,3353
2762,3385
2763,2777
2763,2800
2763,2806
2763,2810
2763,2835
2763,2839
2763,2854
2763,2862
2763,2864
2763,2867
2763,2880
2763,2890
2763,2891
2763,2912
2763,2913
2763,2915
2763,2919
2763,2920
2763,2927
2763,2931
2763,2943
2763,2944
2763,2945
2763,2948
2763,2956
2763,2960
2763,2967
2763,2974
2763,3000
2763,3023
2763,3026
2763,3042
2763,3052
2764,2903
2764,2923
2764,2979
2764,2999
2764,3011
2764,3020
2764,3340
2765,2770
2765,2780
2765,2793
2765,2828
2765,2849
2765,2853
2765,2863
2765,2939
2765,2970
2765,2973
2765,3007
2765,3021
2765,3035
2765,3049
2765,3070
2765,3082
2765,3101
2765,3116
2765,3267
2765,3277
2765,3330
2765,3351
2765,3397
2765,3419
2766,2786
2766,2794
2766,2810
2766,2821
2766,2907
2766,2924
2766,2929
2766,3025
2767,2889
2767,2959
2768,2813
2768,2865
2768,2918
2768,2921
2768,2951
2768,2973
2768,3002
2768,3017
2768,3020
2768,3034
2768,3274
2768,3276
2768,3299
2768,3313
2768,3353
2768,3403
2768,3409
2769,2789
2769,2807
2769,2943
2769,2978
2769,3010
2770,2778
2770,2849
2770,2853
2770,2863
2770,2904
2770,2939
2770,3021
2770,3035
2770,3049
2770,3070
2770,3101
2770,3116
2770,3150
2770,3152
2770,3185
2770,3277
2770,3280
2770,3330
2770,3351
2770,3411
2770,3419
2771,2836
2771,2841
2771,2858
2771,2893
2771,2954
2771,3214
2771,3221
2771,3327
2772,2785
2772,2803
2772,2831
2772,2895
2772,2958
2772,2996
2772,3017
2772,3027
2772,3075
2772,3107
2772,3214
2772,3221
2772,3256
2772,3274
2772,3296
2772,3313
2772,3342
2772,3357
2772,3406
2772,3411
2773,2782
2773,2786
2773,2810
2773,2815
2773,2862
2773,2873
2773,2890
2773,2905
2773,2913
2773,2915
2773,2916
2773,2925
2773,2929
2773,2931
2773,2945
2773,2953
2773,2956
2773,2969
2773,2977
2773,2987
2773,2988
2773,2993
2773,2994
2773,3004
2773,3014
2773,3026
2773,3029
2773,3040
2774,2817
2775,2845
2775,2881
2775,2892
2775,2947
2775,2951
2775,2962
2775,2995
2775,3001
2775,3002
2775,3018
2775,3019
2775,3051
2775,3062
2775,3346
2776,2861
2777,2782
2777,2786
2777,2800
2777,2806
2777,2810
2777,2815
2777,2827
2777,2839
2777,2850
2777,2864
2777,2867
2777,2872
2777,2884
2777,2896
2777,2897
2777,2906
2777,2908
2777,2909
2777,2910
2777,2911
2777,2912
2777,2916
2777,2919
2777,2920
2777,2925
2777,2927
2777,2928
2777,2940
2777,2943
2777,2944
2777,2945
2777,2960
2777,2966
2777,2969
2777,2974
2777,2985
2777,2986
2777,2988
2777,3000
2777,3004
2777,3022
2778,2781
2778,2796
2778,2823
2778,2828
2778,2833
2778,2849
2778,2853
2778,2863
2778,2869
2778,2875
2778,2881
2778,2894
2778,2901
2778,2904
2778,2921
2778,2938
2778,2939
2778,2991
2778,2992
2778,3016
2778,3017
2778,3035
2778,3039
2778,3049
2778,3051
2778,3060
2778,3076
2778,3082
2778,3101
2778,3111
2778,3113
2778,3115
2778,3116
2778,3150
2778,3172
2778,3182
2778,3185
2778,3261
2778,3267
2778,3272
2778,3274
2778,3277
2778,3280
2778,3320
2778,3327
2778,3330
2778,3335
2778,3351
2778,3397
2778,3419
2779,2829
2779,2951
2779,3019
2779,3177
2780,2785
2780,2793
2780,2795
2780,2846
2780,2863
2780,2871
2780,2923
2780,2939
2780,2950
2780,2979
2780,3013
2780,3041
2780,3048
2780,3049
2780,3101
2780,3116
2780,3152
2780,3172
2780,3198
2780,3219
2780,3256
2780,3299
2780,3335
2780,3351
2780,3360
2780,3395
2780,3419
2781,2787
2781,2796
2781,2836
2781,2849
2781,2853
2781,2863
2781,2869
2781,2894
2781,2901
2781,2939
2781,2958
2781,2991
2781,3027
2781,3035
2781,3049
2781,3060
2781,3076
2781,3082
2781,3101
2781,3113
2781,3116
2781,3150
2781,3182
2781,3214
2781,3221
2781,3261
2781,3267
2781,3277
2781,3280
2781,3326
2781,3327
2781,3335
2781,3351
2781,3397
2781,3419
2781,3425
2782,2786
2782,2800
2782,2806
2782,2815
2782,2827
2782,2835
2782,2839
2782,2854
2782,2862
2782,2864
2782,2866
2782,2872
2782,2877
2782,2891
2782,2896
2782,2905
2782,2906
2782,2909
2782,2910
2782,2911
2782,2912
2782,2913
2782,2915
2782,2916
2782,2920
2782,2924
2782,2927
2782,2943
2782,2944
2782,2956
2782,2960
2782,2966
2782,2969
2782,2985
2782,2986
2782,2988
2782,3004
2782,3010
2782,3014
2782,3022
2782,3025
2782,3026
2782,3033
2782,3036
2782,3040
2782,3047
2782,3052
2783,2787
2783,2819
2783,2932
2783,2955
2783,2976
2783,2984
2783,3017
2783,3027
2783,3028
2783,3060
2783,3076
2783,3087
2783,3152
2783,3172
2783,3182
2783,3185
2783,3198
2783,3255
2783,3274
2783,3341
2783,3353
2783,3369
2783,3385
2783,3395
2784,2813
2784,2848
2784,2856
2784,2979
2784,3034
2784,3115
2784,3150
2784,3214
2784,3219
2784,3259
2784,3275
2784,3342
2784,3365
2784,3397
2784,3409
2785,2846
2785,2849
2785,2863
2785,2904
2785,3013
2785,3041
2785,3046
2785,3067
2785,3101
2785,3152
2785,3249
2785,3272
2785,3280
2785,3299
2785,3335
2785,3341
2785,3360
2785,3431
2786,2800
2786,2810
2786,2827
2786,2835
2786,2839
2786,2862
2786,2864
2786,2866
2786,2873
2786,2874
2786,2877
2786,2890
2786,2896
2786,2906
2786,2910
2786,2912
2786,2913
2786,2915
2786,2916
2786,2919
2786,2924
2786,2927
2786,2928
2786,2929
2786,2931
2786,2940
2786,2943
2786,2944
2786,2946
2786,2953
2786,2956
2786,2960
2786,2966
2786,2969
2786,2977
2786,2981
2786,2985
2786,2986
2786,2988
2786,2993
2786,2994
2786,3000
2786,3014
2786,3022
2786,3025
2786,3026
2786,3029
2786,3033
2787,2793
2787,2825
2787,2836
2787,2849
2787,2863
2787,2892
2787,2901
2787,2904
2787,2932
2787,2939
2787,3027
2787,3034
2787,3038
2787,3049
2787,3070
2787,3082
2787,3087
2787,3101
2787,3116
2787,3150
2787,3214
2787,3253
2787,3256
2787,3312
2787,3320
2787,3321
2787,3327
2787,3342
2787,3369
2787,3379
2787,3395
2787,3403
2789,2807
2789,2851
2789,2888
2789,2944
2789,2978
2789,3026
2789,3045
2790,2803
2790,2813
2790,2848
2791,2812
2791,2818
2791,2844
2791,2876
2791,2950
2791,2975
2791,3116
2792,3037
2793,2795
2793,2828
2793,2833
2793,2849
2793,2853
2793,2863
2793,2875
2793,2901
2793,2936
2793,2937
2793,2939
2793,2950
2793,2970
2793,2973
2793,2989
2793,2991
2793,2992
2793,3007
2793,3021
2793,3027
2793,3035
2793,3038
2793,3041
2793,3046
2793,3049
2793,3051
2793,3060
2793,3070
2793,3082
2793,3101
2793,3115
2793,3116
2793,3140
2793,3150
2793,3152
2793,3154
2793,3191
2793,3198
2793,3214
2793,3253
2793,3267
2793,3277
2793,3280
2793,3320
2793,3321
2793,3330
2793,3335
2793,3342
2793,3351
2793,3353
2793,3397
2793,3406
2794,2810
2794,2821
2794,2874
2794,2887
2794,2907
2794,2966
2794,2988
2794,3000
2795,2813
2795,2832
2795,2904
2795,3020
2795,3046
2795,3048
2795,3050
2795,3296
2795,3353
2795,3385
2796,2828
2796,2833
2796,2849
2796,2853
2796,2863
2796,2869
2796,2881
2796,2894
2796,2921
2796,2936
2796,2939
2796,2991
2796,3016
2796,3017
2796,3035
2796,3039
2796,3049
2796,3051
2796,3060
2796,3076
2796,3082
2796,3101
2796,3111
2796,3113
2796,3172
2796,3185
2796,3261
2796,3267
2796,3274
2796,3277
2796,3280
2796,3320
2796,3351
2796,3419
2797,2823
2797,2845
2797,2894
2797,2901
2797,2936
2797,2937
2797,2995
2797,3011
2797,3076
2797,3182
2797,3258
2797,3320
2799,2861
2799,3053
2800,2806
2800,2810
2800,2815
2800,2827
2800,2839
2800,2854
2800,2862
2800,2864
2800,2867
2800,2872
2800,2877
2800,2880
2800,2890
2800,2897
2800,2906
2800,2910
2800,2912
2800,2913
2800,2916
2800,2919
2800,2925
2800,2927
2800,2928
2800,2940
2800,2943
2800,2944
2800,2945
2800,2956
2800,2960
2800,2966
2800,2969
2800,2974
2800,2986
2800,2988
2800,3000
2800,3004
2800,3023
2800,3026
2800,3033
2800,3040
2800,3044
2801,2865
2801,3032
2801,3167
2801,3221
2801,3255
2801,3256
2801,3365
2802,2863
2802,3035
2802,3150
2802,3154
2802,3267
2802,3397
2802,3419
2803,2813
2803,2848
2803,2881
2803,2882
2803,2996
2803,3048
2803,3124
2803,3140
2803,3196
2803,3214
2803,3256
2803,3280
2803,3418
2804,2836
2804,2984
2804,2992
2804,3327
2805,2806
2805,2922
2805,2983
2805,2997
2805,3012
2805,3028
2806,2839
2806,2854
2806,2867
2806,2877
2806,2880
2806,2890
2806,2891
2806,2909
2806,2910
2806,2912
2806,2919
2806,2920
2806,2925
2806,2927
2806,2943
2806,2944
2806,2948
2806,2967
2806,2986
2806,3000
2806,3004
2806,3014
2806,3023
2807,2837
2807,2887
2807,2888
2807,2978
2807,3010
2807,3025
2809,2837
2809,3010
2809,3026
2809,3030
2809,3036
2810,2821
2810,2839
2810,2867
2810,2873
2810,2874
2810,2880
2810,2887
2810,2907
2810,2910
2810,2920
2810,2927
2810,2928
2810,2940
2810,2943
2810,2944
2810,2945
2810,2960
2810,2974
2810,2986
2810,2988
2810,2994
2810,3000
2810,3023
2810,3025
2810,3236
2811,2904
2811,3272
2811,3280
2811,3331
2812,2818
2812,2843
2812,2869
2812,3041
2812,3087
2812,3140
2812,3187
2812,3249
2812,3256
2812,3365
2812,3393
2812,3403
2813,2818
2813,2826
2813,2848
2813,2951
2813,2971
2813,2979
2813,3002
2813,3020
2813,3171
2813,3177
2813,3214
2813,3365
2813,3393
2813,3409
2815,2827
2815,2839
2815,2866
2815,2872
2815,2905
2815,2910
2815,2911
2815,2912
2815,2916
2815,2917
2815,2920
2815,2925
2815,2943
2815,2944
2815,2966
2815,2969
2815,2986
2815,2987
2815,3022
2815,3026
2815,3033
2815,3040
2816,2843
2816,2865
2816,3087
2816,3152
2816,3187
2816,3256
2816,3264
2816,3369
2818,2882
2818,2946
2818,3067
2818,3261
2818,3276
2818,3353
2819,2904
2819,2996
2819,3017
2819,3035
2819,3140
2819,3221
2819,3272
2819,3280
2819,3289
2819,3313
2819,3341
2819,3342
2819,3346
2819,3385
2820,2870
2820,2934
2820,2962
2820,3001
2820,3246
2820,3275
2821,2966
2823,2828
2823,2845
2823,2875
2823,2894
2823,2937
2823,2992
2823,3011
2823,3051
2823,3060
2823,3076
2823,3082
2823,3172
2823,3182
2823,3258
2823,3261
2823,3267
2823,3320
2823,3403
2824,2962
2825,2844
2825,2868
2825,2921
2825,2942
2825,2951
2825,2989
2825,3027
2825,3075
2825,3156
2825,3177
2825,3198
2825,3256
2825,3365
2825,3385
2825,3431
2826,2979
2826,3340
2827,2839
2827,2852
2827,2866
2827,2867
2827,2872
2827,2877
2827,2890
2827,2897
2827,2905
2827,2906
2827,2910
2827,2911
2827,2913
2827,2915
2827,2916
2827,2917
2827,2919
2827,2920
2827,2925
2827,2929
2827,2943
2827,2944
2827,2956
2827,2966
2827,2969
2827,2985
2827,2986
2827,2987
2827,2993
2827,2994
2827,3022
2827,3026
2827,3033
2827,3040
2828,2833
2828,2849
2828,2869
2828,2875
2828,2901
2828,2936
2828,2937
2828,2939
2828,2970
2828,2973
2828,2989
2828,2991
2828,2992
2828,3027
2828,3035
2828,3038
2828,3049
2828,3051
2828,3060
2828,3076
2828,3082
2828,3101
2828,3113
2828,3115
2828,3116
2828,3152
2828,3172
2828,3185
2828,3261
2828,3272
2828,3277
2828,3280
2828,3320
2828,3330
2828,3335
2828,3351
2828,3397
2828,3406
2828,3411
2829,2951
2829,3001
2829,3019
2829,3062
2829,3154
2829,3177
2830,2951
2830,2990
2830,2992
2830,3002
2830,3019
2830,3154
2830,3191
2830,3346
2830,3379
2831,2832
2831,2863
2831,2865
2831,2901
2831,2996
2831,3050
2831,3124
2831,3214
2831,3256
2831,3312
2831,3326
2831,3365
2831,3393
2832,2841
2832,2863
2832,2901
2832,2958
2832,3015
2832,3016
2832,3017
2832,3027
2832,3050
2832,3082
2832,3124
2832,3171
2832,3208
2832,3214
2832,3256
2832,3267
2832,3275
2832,3276
2832,3277
2832,3312
2832,3330
2832,3335
2832,3353
2833,2849
2833,2863
2833,2869
2833,2875
2833,2894
2833,2904
2833,2914
2833,2936
2833,2937
2833,2939
2833,2973
2833,2991
2833,2992
2833,3011
2833,3017
2833,3021
2833,3035
2833,3038
2833,3049
2833,3051
2833,3060
2833,3076
2833,3082
2833,3101
2833,3113
2833,3115
2833,3116
2833,3150
2833,3152
2833,3154
2833,3182
2833,3185
2833,3253
2833,3258
2833,3267
2833,3272
2833,3277
2833,3280
2833,3299
2833,3320
2833,3321
2833,3330
2833,3351
2833,3360
2833,3397
2833,3406
2833,3411
2834,2972
2835,2839
2835,2862
2835,2864
2835,2874
2835,2880
2835,2906
2835,2924
2835,2940
2835,2943
2835,2946
2835,2956
2835,2960
2835,2986
2835,2994
2835,3000
2835,3033
2836,2840
2836,2841
2836,2858
2836,2893
2836,2898
2836,2954
2836,3019
2836,3140
2836,3214
2836,3221
2836,3327
2836,3342
2837,3010
2837,3025
2837,3030
2839,2852
2839,2862
2839,2864
2839,2866
2839,2867
2839,2872
2839,2877
2839,2880
2839,2890
2839,2896
2839,2905
2839,2906
2839,2907
2839,2908
2839,2909
2839,2910
2839,2911
2839,2912
2839,2913
2839,2916
2839,2919
2839,2920
2839,2924
2839,2925
2839,2927
2839,2928
2839,2940
2839,2943
2839,2944
2839,2945
2839,2946
2839,2948
2839,2956
2839,2960
2839,2966
2839,2967
2839,2969
2839,2974
2839,2981
2839,2985
2839,2986
2839,3000
2839,3004
2839,3022
2839,3023
2839,3025
2839,3026
2839,3029
2839,3033
2839,3040
2839,3052
2840,2881
2840,2904
2840,2958
2840,2973
2840,2976
2840,2992
2840,3002
2840,3017
2840,3034
2840,3039
2840,3060
2840,3082
2840,3111
2840,3172
2840,3185
2840,3267
2840,3320
2840,3403
2841,2858
2841,2898
2841,2946
2841,2954
2841,3016
2841,3171
2841,3208
2841,3214
2841,3221
2841,3255
2841,3259
2841,3327
2841,3335
2841,3431
2843,2865
2843,2918
2843,2932
2843,2955
2843,3032
2843,3087
2843,3154
2843,3156
2843,3187
2843,3196
2843,3198
2843,3236
2843,3255
2843,3256
2843,3264
2843,3365
2843,3369
2843,3385
2843,3402
2844,2871
2844,2878
2844,2881
2844,2894
2844,2904
2844,2951
2844,3017
2844,3027
2844,3034
2844,3075
2844,3087
2844,3101
2844,3140
2844,3144
2844,3274
2844,3365
2844,3385
2844,3395
2845,2892
2845,2937
2845,2951
2845,3002
2845,3019
2845,3051
2845,3060
2845,3076
2845,3172
2845,3261
2845,3403
2846,2914
2846,3013
2846,3038
2846,3041
2846,3046
2846,3299
2846,3320
2846,3321
2846,3360
2846,3397
2847,2856
2847,2859
2847,2965
2847,3011
2847,3144
2847,3255
2847,3341
2848,2876
2848,2881
2848,2901
2848,2996
2848,3049
2848,3214
2848,3280
2849,2853
2849,2863
2849,2869
2849,2875
2849,2894
2849,2901
2849,2904
2849,2939
2849,2970
2849,2973
2849,2991
2849,3021
2849,3027
2849,3035
2849,3038
2849,3046
2849,3049
2849,3070
2849,3076
2849,3082
2849,3101
2849,3115
2849,3116
2849,3150
2849,3152
2849,3185
2849,3267
2849,3277
2849,3280
2849,3299
2849,3321
2849,3330
2849,3335
2849,3351
2849,3397
2849,3406
2849,3419
2850,2864
2850,2867
2850,2872
2850,2877
2850,2880
2850,2896
2850,2897
2850,2905
2850,2906
2850,2910
2850,2911
2850,2915
2850,2916
2850,2920
2850,2924
2850,2925
2850,2927
2850,2943
2850,2966
2850,2969
2850,2986
2851,2888
2851,2978
2852,2916
2852,2920
2852,2940
2852,2943
2853,2863
2853,2869
2853,2894
2853,2939
2853,2991
2853,2992
2853,3016
2853,3021
2853,3035
2853,3049
2853,3070
2853,3082
2853,3101
2853,3113
2853,3116
2853,3150
2853,3267
2853,3277
2853,3280
2853,3320
2853,3330
2853,3335
2853,3342
2853,3351
2853,3397
2853,3415
2853,3419
2854,2864
2854,2927
2854,2931
2854,2944
2854,2953
2854,2969
2854,3010
2854,3023
2854,3025
2855,2904
2855,3272
2855,3280
2856,2868
2856,2979
2856,2996
2856,3020
2856,3115
2856,3185
2856,3342
2858,2889
2858,2898
2858,2921
2858,2923
2858,3075
2858,3275
2858,3327
2858,3404
2859,2868
2859,2984
2859,3002
2859,3027
2859,3075
2859,3107
2859,3140
2859,3341
2859,3365
2859,3397
2860,3019
2861,3053
2862,2864
2862,2873
2862,2874
2862,2887
2862,2890
2862,2906
2862,2910
2862,2912
2862,2913
2862,2915
2862,2924
2862,2927
2862,2928
2862,2929
2862,2944
2862,2946
2862,2956
2862,2960
2862,2966
2862,2969
2862,2985
2862,2986
2862,2988
2862,2993
2862,2994
2862,3000
2862,3014
2862,3022
2862,3025
2862,3026
2862,3029
2863,2869
2863,2901
2863,2904
2863,2939
2863,2980
2863,2991
2863,2992
2863,3006
2863,3016
2863,3021
2863,3034
2863,3035
2863,3038
2863,3049
2863,3050
2863,3051
2863,3070
2863,3082
2863,3101
2863,3113
2863,3115
2863,3116
2863,3124
2863,3150
2863,3152
2863,3154
2863,3171
2863,3172
2863,3185
2863,3187
2863,3198
2863,3214
2863,3256
2863,3258
2863,3267
2863,3274
2863,3277
2863,3280
2863,3296
2863,3320
2863,3330
2863,3335
2863,3351
2863,3357
2863,3365
2863,3397
2863,3419
2863,3429
2864,2867
2864,2880
2864,2896
2864,2897
2864,2906
2864,2908
2864,2909
2864,2910
2864,2911
2864,2915
2864,2919
2864,2920
2864,2925
2864,2940
2864,2943
2864,2944
2864,2946
2864,2956
2864,2960
2864,2966
2864,2969
2864,2985
2864,2986
2864,3004
2865,2918
2865,2932
2865,2955
2865,2979
2865,3020
2865,3032
2865,3050
2865,3087
2865,3124
2865,3156
2865,3167
2865,3187
2865,3196
2865,3236
2865,3253
2865,3256
2865,3264
2865,3312
2865,3365
2865,3369
2865,3385
2865,3393
2865,3402
2866,2867
2866,2872
2866,2873
2866,2877
2866,2890
2866,2891
2866,2897
2866,2905
2866,2906
2866,2909
2866,2910
2866,2911
2866,2912
2866,2913
2866,2915
2866,2916
2866,2917
2866,2919
2866,2925
2866,2928
2866,2940
2866,2956
2866,2966
2866,2985
2866,2986
2866,2993
2866,2994
2866,3022
2866,3026
2866,3033
2866,3040
2866,3047
2867,2877
2867,2880
2867,2897
2867,2906
2867,2907
2867,2909
2867,2910
2867,2913
2867,2915
2867,2916
2867,2917
2867,2919
2867,2920
2867,2925
2867,2927
2867,2928
2867,2931
2867,2940
2867,2943
2867,2944
2867,2945
2867,2946
2867,2960
2867,2974
2867,2986
2867,3000
2867,3004
2867,3022
2867,3023
2867,3026
2868,2936
2868,3002
2868,3051
2869,2881
2869,2936
2869,2937
2869,2939
2869,2950
2869,2980
2869,2991
2869,2992
2869,3016
2869,3021
2869,3035
2869,3049
2869,3051
2869,3060
2869,3082
2869,3101
2869,3113
2869,3116
2869,3152
2869,3172
2869,3267
2869,3277
2869,3280
2869,3289
2869,3320
2869,3330
2869,3335
2869,3340
2869,3351
2869,3397
2869,3419
2870,2934
2870,2990
2870,3001
2870,3002
2870,3009
2870,3017
2870,3107
2870,3154
2870,3177
2870,3246
2870,3275
2870,3406
2871,2875
2871,2881
2871,2932
2871,2950
2871,2955
2871,3002
2871,3038
2871,3043
2871,3062
2871,3087
2871,3107
2871,3111
2871,3189
2871,3196
2871,3198
2871,3219
2871,3253
2871,3256
2871,3259
2871,3299
2871,3313
2871,3327
2871,3330
2871,3331
2871,3337
2871,3353
2871,3360
2871,3365
2871,3369
2871,3395
2871,3415
2872,2873
2872,2877
2872,2880
2872,2890
2872,2905
2872,2906
2872,2909
2872,2910
2872,2911
2872,2912
2872,2913
2872,2916
2872,2919
2872,2920
2872,2925
2872,2944
2872,2956
2872,2966
2872,2985
2872,2986
2872,2993
2872,3022
2872,3026
2872,3033
2872,3040
2872,3047
2872,3052
2873,2874
2873,2877
2873,2890
2873,2905
2873,2911
2873,2913
2873,2915
2873,2928
2873,2929
2873,2931
2873,2953
2873,2956
2873,2966
2873,2977
2873,2988
2873,2993
2873,2994
2873,3000
2873,3014
2873,3022
2873,3026
2873,3029
2873,3033
2873,3047
2873,3052
2874,2887
2874,2907
2874,2915
2874,2924
2874,2928
2874,2940
2874,2945
2874,2966
2874,2977
2874,2988
2874,2994
2874,3000
2874,3025
2875,2894
2875,2904
2875,2937
2875,2958
2875,2976
2875,3043
2875,3060
2875,3076
2875,3101
2875,3111
2875,3115
2875,3116
2875,3150
2875,3172
2875,3182
2875,3185
2875,3258
2875,3261
2875,3272
2875,3280
2875,3313
2875,3320
2875,3327
2875,3335
2875,3360
2875,3411
2876,2904
2876,3116
2876,3144
2876,3152
2876,3214
2876,3272
2876,3280
2876,3331
2877,2880
2877,2887
2877,2890
2877,2891
2877,2896
2877,2897
2877,2905
2877,2906
2877,2908
2877,2909
2877,2910
2877,2911
2877,2912
2877,2913
2877,2915
2877,2916
2877,2919
2877,2920
2877,2925
2877,2929
2877,2940
2877,2943
2877,2944
2877,2953
2877,2956
2877,2960
2877,2966
2877,2967
2877,2969
2877,2974
2877,2985
2877,2986
2877,2994
2877,3000
2877,3004
2877,3022
2877,3026
2877,3029
2877,3033
2877,3040
2877,3042
2877,3047
2877,3052
2878,2904
2878,3020
2878,3049
2878,3144
2878,3214
2878,3249
2878,3253
2878,3346
2879,2889
2879,2959
2879,2972
2879,2982
2879,3008
2880,2897
2880,2905
2880,2906
2880,2908
2880,2909
2880,2910
2880,2915
2880,2919
2880,2920
2880,2925
2880,2927
2880,2928
2880,2943
2880,2944
2880,2945
2880,2946
2880,2960
2880,2966
2880,2967
2880,2974
2880,2986
2880,3000
2880,3004
2880,3022
2880,3023
2881,2894
2881,3007
2881,3015
2881,3017
2881,3019
2881,3024
2881,3039
2881,3076
2881,3111
2881,3113
2881,3124
2881,3172
2881,3185
2881,3261
2881,3274
2881,3320
2881,3365
2881,3395
2882,2958
2882,3027
2882,3124
2884,2909
2884,3044
2886,2949
2886,2999
2887,2897
2887,2906
2887,2907
2887,2915
2887,2944
2887,2956
2887,2988
2887,2994
2887,3000
2887,3004
2887,3025
2887,3029
2887,3036
2887,3052
2888,2978
2888,3010
2889,2959
2889,2972
2889,2982
2889,3008
2889,3275
2890,2905
2890,2906
2890,2909
2890,2910
2890,2912
2890,2913
2890,2915
2890,2919
2890,2920
2890,2927
2890,2928
2890,2929
2890,2931
2890,2953
2890,2956
2890,2977
2890,2985
2890,2988
2890,2993
2890,2994
2890,3000
2890,3004
2890,3014
2890,3025
2890,3026
2890,3029
2890,3033
2890,3042
2890,3047
2890,3052
2891,2905
2891,2909
2891,2913
2891,2966
2891,3026
2891,3052
2892,2934
2892,2951
2892,2995
2892,3001
2892,3002
2892,3019
2892,3154
2892,3415
2893,3327
2894,2937
2894,2958
2894,2973
2894,2991
2894,3011
2894,3017
2894,3035
2894,3049
2894,3060
2894,3076
2894,3111
2894,3115
2894,3116
2894,3124
2894,3172
2894,3182
2894,3185
2894,3198
2894,3253
2894,3258
2894,3261
2894,3274
2894,3280
2894,3320
2894,3327
2894,3331
2894,3403
2894,3411
2895,3017
2895,3027
2895,3274
2895,3331
2895,3358
2896,2916
2896,2919
2896,2925
2896,2928
2896,2931
2896,2943
2896,2944
2896,2969
2896,3022
2897,2906
2897,2909
2897,2910
2897,2912
2897,2916
2897,2919
2897,2920
2897,2924
2897,2925
2897,2928
2897,2943
2897,2944
2897,2946
2897,2960
2897,2966
2897,2985
2897,2986
2897,3000
2897,3004
2897,3033
2898,3214
2898,3327
2900,3019
2900,3154
2901,2904
2901,2932
2901,2939
2901,2989
2901,2992
2901,2996
2901,3009
2901,3027
2901,3035
2901,3038
2901,3049
2901,3051
2901,3070
2901,3082
2901,3101
2901,3113
2901,3116
2901,3140
2901,3150
2901,3154
2901,3167
2901,3198
2901,3214
2901,3256
2901,3267
2901,3275
2901,3277
2901,3299
2901,3321
2901,3330
2901,3342
2901,3351
2901,3360
2901,3397
2901,3406
2901,3411
2901,3418
2901,3431
2902,2930
2903,2999
2903,3258
2904,2914
2904,2946
2904,3009
2904,3016
2904,3017
2904,3027
2904,3035
2904,3046
2904,3049
2904,3082
2904,3116
2904,3144
2904,3150
2904,3152
2904,3154
2904,3198
2904,3214
2904,3253
2904,3267
2904,3272
2904,3280
2904,3321
2904,3330
2904,3341
2904,3342
2904,3353
2904,3360
2904,3406
2904,3411
2905,2906
2905,2909
2905,2910
2905,2912
2905,2913
2905,2915
2905,2919
2905,2927
2905,2946
2905,2956
2905,2966
2905,2985
2905,2986
2905,2988
2905,2993
2905,2994
2905,3014
2905,3022
2905,3026
2905,3033
2905,3047
2905,3052
2906,2908
2906,2909
2906,2910
2906,2911
2906,2913
2906,2915
2906,2916
2906,2920
2906,2925
2906,2927
2906,2928
2906,2929
2906,2940
2906,2944
2906,2946
2906,2956
2906,2960
2906,2966
2906,2974
2906,2977
2906,2985
2906,2986
2906,2994
2906,3000
2906,3004
2906,3022
2906,3025
2906,3026
2906,3029
2906,3033
2906,3040
2906,3047
2907,2920
2907,2928
2907,2929
2907,2940
2907,2943
2907,2944
2907,2945
2907,2974
2907,2988
2907,3000
2907,3025
2908,2909
2908,2911
2908,2920
2908,2927
2908,2960
2908,2986
2908,3004
2908,3022
2908,3040
2909,2910
2909,2911
2909,2912
2909,2913
2909,2915
2909,2916
2909,2919
2909,2920
2909,2925
2909,2927
2909,2940
2909,2943
2909,2953
2909,2960
2909,2967
2909,2969
2909,2986
2909,3000
2909,3004
2909,3022
2909,3026
2909,3033
2909,3042
2909,3047
2909,3052
2910,2911
2910,2913
2910,2916
2910,2919
2910,2920
2910,2925
2910,2927
2910,2928
2910,2940
2910,2943
2910,2944
2910,2945
2910,2956
2910,2960
2910,2966
2910,2969
2910,2974
2910,2985
2910,2986
2910,2988
2910,3000
2910,3033
2911,2912
2911,2913
2911,2916
2911,2919
2911,2920
2911,2925
2911,2940
2911,2956
2911,2960
2911,2966
2911,2974
2911,2985
2911,2986
2911,3004
2911,3022
2911,3033
2911,3040
2911,3047
2912,2913
2912,2919
2912,2927
2912,2940
2912,2953
2912,2956
2912,2966
2912,2985
2912,2986
2912,3004
2912,3014
2912,3022
2912,3026
2912,3033
2912,3047
2913,2915
2913,2916
2913,2919
2913,2925
2913,2927
2913,2946
2913,2948
2913,2953
2913,2956
2913,2966
2913,2969
2913,2985
2913,2986
2913,2993
2913,3026
2913,3033
2913,3042
2913,3047
2914,2951
2914,3013
2914,3038
2914,3101
2914,3140
2914,3150
2914,3154
2914,3214
2914,3253
2914,3256
2914,3276
2914,3320
2914,3321
2914,3342
2914,3360
2914,3397
2914,3409
2914,3411
2915,2919
2915,2924
2915,2927
2915,2928
2915,2929
2915,2931
2915,2943
2915,2953
2915,2956
2915,2966
2915,2967
2915,2977
2915,2988
2915,2994
2915,3000
2915,3004
2915,3010
2915,3014
2915,3026
2915,3029
2915,3033
2915,3042
2915,3047
2915,3052
2916,2917
2916,2919
2916,2920
2916,2925
2916,2928
2916,2943
2916,2944
2916,2945
2916,2946
2916,2960
2916,2966
2916,2969
2916,2974
2916,2985
2916,2986
2916,2987
2916,3022
2916,3033
2916,3040
2916,3047
2917,2944
2918,2932
2918,2955
2918,3032
2918,3087
2918,3167
2918,3187
2918,3196
2918,3236
2918,3255
2918,3256
2918,3264
2918,3369
2918,3385
2919,2920
2919,2925
2919,2927
2919,2928
2919,2940
2919,2943
2919,2944
2919,2953
2919,2960
2919,2969
2919,2985
2919,2986
2919,2988
2919,2993
2919,2997
2919,3004
2919,3014
2919,3033
2920,2924
2920,2927
2920,2928
2920,2940
2920,2943
2920,2944
2920,2960
2920,2969
2920,2974
2920,2986
2920,3004
2920,3033
2920,3124
2921,2942
2921,2951
2921,2955
2921,2984
2921,2989
2921,3002
2921,3009
2921,3017
2921,3018
2921,3034
2921,3075
2921,3107
2921,3198
2921,3214
2921,3221
2921,3249
2921,3256
2921,3259
2921,3299
2921,3342
2921,3346
2921,3353
2921,3360
2921,3397
2921,3406
2921,3411
2922,3028
2923,3020
2923,3046
2923,3296
2923,3411
2924,2925
2924,2928
2924,2929
2924,2931
2924,2945
2924,2956
2924,2960
2924,2986
2924,2988
2924,3000
2924,3025
2925,2928
2925,2931
2925,2940
2925,2943
2925,2944
2925,2946
2925,2956
2925,2960
2925,2961
2925,2966
2925,2969
2925,2986
2925,3000
2925,3022
2925,3033
2925,3036
2925,3040
2926,3256
2926,3338
2926,3365
2926,3376
2926,3401
2926,3402
2926,3425
2926,3427
2926,3429
2927,2928
2927,2940
2927,2943
2927,2944
2927,2945
2927,2946
2927,2956
2927,2960
2927,2966
2927,2974
2927,2981
2927,2985
2927,2986
2927,2988
2927,3000
2927,3004
2927,3022
2927,3026
2927,3029
2927,3033
2927,3036
2927,3040
2927,3044
2927,3047
2927,3052
2928,2929
2928,2940
2928,2943
2928,2944
2928,2945
2928,2946
2928,2956
2928,2960
2928,2966
2928,2974
2928,2977
2928,2985
2928,2986
2928,2988
2928,2993
2928,3000
2928,3010
2928,3026
2928,3029
2928,3033
2929,2931
2929,2944
2929,2945
2929,2956
2929,2993
2929,2994
2929,3000
2929,3014
2929,3026
2929,3029
2929,3047
2931,2944
2931,2960
2931,2977
2931,2986
2931,2994
2931,3026
2931,3029
2931,3042
2932,2938
2932,2955
2932,3016
2932,3087
2932,3107
2932,3111
2932,3187
2932,3189
2932,3196
2932,3198
2932,3219
2932,3236
2932,3253
2932,3255
2932,3256
2932,3264
2932,3299
2932,3330
2932,3337
2932,3358
2932,3369
2932,3385
2932,3395
2932,3404
2933,2935
2933,2949
2933,2983
2933,2997
2933,2999
2933,3012
2933,3020
2933,3028
2934,2962
2934,3001
2934,3002
2934,3075
2934,3171
2934,3246
2934,3275
2934,3385
2935,2949
2935,2983
2935,2997
2935,2999
2935,3012
2935,3020
2935,3274
2936,2937
2936,2965
2936,2973
2936,2989
2936,2992
2936,2998
2936,3015
2936,3027
2936,3035
2936,3038
2936,3051
2936,3060
2936,3082
2936,3101
2936,3113
2936,3152
2936,3154
2936,3172
2936,3198
2936,3261
2936,3267
2936,3272
2936,3320
2936,3330
2936,3397
2936,3403
2937,2973
2937,2991
2937,2992
2937,2995
2937,3011
2937,3035
2937,3051
2937,3060
2937,3076
2937,3082
2937,3101
2937,3115
2937,3116
2937,3152
2937,3172
2937,3182
2937,3258
2937,3267
2937,3280
2937,3320
2937,3353
2937,3397
2937,3406
2938,2955
2938,2964
2938,2965
2938,3062
2938,3087
2938,3182
2938,3253
2938,3289
2938,3331
2938,3341
2938,3369
2939,2970
2939,2973
2939,2992
2939,3021
2939,3027
2939,3035
2939,3049
2939,3051
2939,3070
2939,3082
2939,3101
2939,3113
2939,3116
2939,3150
2939,3152
2939,3185
2939,3267
2939,3277
2939,3280
2939,3330
2939,3335
2939,3351
2939,3397
2940,2943
2940,2944
2940,2960
2940,2966
2940,2974
2940,2981
2940,2985
2940,2986
2940,2988
2942,2989
2942,3404
2943,2944
2943,2945
2943,2960
2943,2966
2943,2969
2943,2974
2943,2986
2943,3000
2943,3022
2943,3023
2943,3029
2944,2945
2944,2953
2944,2956
2944,2960
2944,2966
2944,2969
2944,2974
2944,2978
2944,2981
2944,3000
2944,3004
2944,3022
2944,3023
2944,3025
2944,3026
2945,2956
2945,2960
2945,2974
2945,2977
2945,3000
2945,3023
2945,3026
2945,3029
2946,2952
2946,2956
2946,2957
2946,2961
2946,2969
2946,2986
2946,2996
2946,3000
2946,3033
2946,3124
2946,3335
2947,2951
2947,2962
2947,3001
2947,3019
2947,3062
2947,3154
2947,3177
2947,3331
2948,3023
2948,3052
2949,2983
2949,2997
2949,2999
2949,3012
2949,3020
2949,3028
2950,2976
2950,3035
2950,3060
2950,3070
2950,3075
2950,3076
2950,3087
2950,3101
2950,3107
2950,3113
2950,3115
2950,3116
2950,3144
2950,3150
2950,3152
2950,3172
2950,3182
2950,3185
2950,3189
2950,3191
2950,3198
2950,3219
2950,3246
2950,3256
2950,3258
2950,3259
2950,3261
2950,3272
2950,3280
2950,3320
2950,3321
2950,3331
2950,3335
2950,3351
2950,3357
2950,3360
2950,3395
2950,3411
2951,2955
2951,2984
2951,2989
2951,2990
2951,3001
2951,3002
2951,3007
2951,3016
2951,3017
2951,3018
2951,3019
2951,3020
2951,3034
2951,3038
2951,3051
2951,3075
2951,3082
2951,3087
2951,3107
2951,3150
2951,3154
2951,3171
2951,3191
2951,3196
2951,3198
2951,3214
2951,3219
2951,3253
2951,3259
2951,3264
2951,3274
2951,3299
2951,3313
2951,3321
2951,3330
2951,3342
2951,3346
2951,3353
2951,3360
2951,3379
2951,3397
2951,3404
2951,3406
2951,3411
2951,3415
2952,3045
2953,2969
2953,2988
2953,3000
2953,3014
2953,3026
2953,3052
2954,3221
2954,3327
2955,2999
2955,3018
2955,3032
2955,3067
2955,3087
2955,3187
2955,3196
2955,3219
2955,3221
2955,3236
2955,3253
2955,3255
2955,3256
2955,3264
2955,3289
2955,3327
2955,3337
2955,3342
2955,3346
2955,3369
2955,3385
2955,3395
2955,3397
2955,3402
2955,3403
2955,3404
2955,3419
2956,2960
2956,2966
2956,2969
2956,2977
2956,2981
2956,2985
2956,2986
2956,2987
2956,2988
2956,2993
2956,2994
2956,3000
2956,3014
2956,3022
2956,3026
2956,3029
2956,3040
2956,3047
2957,2964
2957,3011
2957,3196
2958,2976
2958,3001
2958,3009
2958,3011
2958,3019
2958,3048
2958,3076
2958,3111
2958,3124
2958,3182
2958,3261
2958,3276
2958,3280
2958,3313
2958,3327
2958,3331
2958,3353
2959,2972
2959,2982
2959,3008
2960,2966
2960,2969
2960,2974
2960,2985
2960,2986
2960,2988
2960,3000
2960,3004
2960,3014
2960,3022
2960,3033
2960,3040
2960,3047
2961,2967
2962,3001
2963,3036
2963,3042
2964,2979
2964,3001
2964,3038
2964,3051
2964,3062
2964,3289
2964,3326
2964,3331
2965,3051
2965,3060
2965,3107
2965,3274
2965,3280
2966,2985
2966,2986
2966,2987
2966,2993
2966,2994
2966,3000
2966,3014
2966,3022
2966,3026
2966,3033
2966,3040
2966,3047
2966,3052
2967,3004
2967,3023
2969,2974
2969,2986
2969,3000
2969,3033
2969,3036
2970,3021
2970,3035
2970,3049
2970,3070
2970,3082
2970,3101
2970,3115
2970,3116
2970,3150
2970,3185
2970,3280
2970,3330
2970,3351
2970,3411
2970,3419
2972,3008
2973,2976
2973,2989
2973,2992
2973,3021
2973,3035
2973,3038
2973,3041
2973,3046
2973,3049
2973,3051
2973,3060
2973,3070
2973,3082
2973,3101
2973,3115
2973,3116
2973,3152
2973,3154
2973,3280
2973,3299
2973,3320
2973,3321
2973,3330
2973,3351
2973,3360
2973,3397
2973,3406
2974,2986
2974,2994
2974,3023
2976,2989
2976,3017
2976,3060
2976,3076
2976,3111
2976,3172
2976,3182
2976,3185
2976,3258
2976,3261
2976,3272
2976,3280
2976,3289
2976,3320
2976,3360
2976,3403
2977,2993
2977,3000
2977,3014
2977,3029
2978,3010
2978,3045
2979,3101
2979,3340
2979,3409
2980,3267
2981,3025
2981,3036
2981,3042
2982,3008
2983,2997
2983,2999
2983,3012
2983,3020
2983,3028
2984,2992
2984,3027
2984,3107
2984,3191
2984,3274
2984,3353
2985,2986
2985,2993
2985,2994
2985,3022
2985,3033
2985,3040
2985,3047
2985,3052
2986,2988
2986,3000
2986,3004
2986,3014
2986,3022
2986,3029
2986,3033
2986,3036
2986,3047
2987,2993
2987,3014
2987,3025
2987,3026
2987,3052
2988,2994
2988,3000
2988,3022
2988,3025
2988,3026
2988,3036
2989,2992
2989,3038
2989,3041
2989,3046
2989,3051
2989,3070
2989,3075
2989,3082
2989,3087
2989,3101
2989,3116
2989,3150
2989,3154
2989,3198
2989,3249
2989,3320
2989,3321
2989,3330
2989,3335
2989,3353
2989,3360
2989,3397
2989,3406
2990,3007
2990,3154
2990,3191
2991,2992
2991,3035
2991,3049
2991,3051
2991,3060
2991,3070
2991,3082
2991,3101
2991,3113
2991,3116
2991,3152
2991,3172
2991,3185
2991,3267
2991,3277
2991,3280
2991,3320
2991,3330
2991,3351
2991,3419
2992,3017
2992,3027
2992,3035
2992,3051
2992,3060
2992,3082
2992,3101
2992,3107
2992,3113
2992,3172
2992,3191
2992,3267
2992,3277
2992,3280
2992,3320
2992,3330
2992,3397
2992,3419
2993,2994
2993,3014
2993,3026
2993,3029
2993,3033
2993,3047
2994,3014
2994,3029
2994,3033
2994,3040
2994,3047
2995,3051
2995,3062
2995,3272
2995,3397
2996,3027
2996,3038
2996,3140
2996,3196
2996,3214
2996,3275
2996,3277
2996,3321
2996,3330
2996,3341
2996,3342
2996,3346
2996,3351
2996,3385
2996,3406
2996,3431
2997,3012
2997,3020
2999,3020
2999,3253
2999,3327
3000,3023
3000,3025
3000,3026
3000,3029
3001,3019
3001,3062
3001,3154
3001,3246
3001,3331
3002,3007
3002,3019
3002,3027
3002,3034
3002,3051
3002,3076
3002,3082
3002,3087
3002,3113
3002,3150
3002,3154
3002,3177
3002,3191
3002,3214
3002,3221
3002,3249
3002,3341
3002,3346
3002,3353
3002,3379
3002,3385
3002,3395
3002,3397
3002,3403
3004,3022
3004,3023
3007,3101
3007,3154
3007,3191
3009,3027
3009,3035
3009,3082
3009,3116
3009,3214
3009,3406
3010,3025
3010,3026
3010,3030
3010,3033
3010,3036
3011,3019
3011,3076
3011,3182
3011,3196
3011,3258
3011,3411
3012,3020
3012,3028
3013,3041
3013,3046
3013,3060
3013,3299
3013,3360
3013,3397
3014,3026
3014,3029
3014,3052
3015,3107
3016,3075
3016,3082
3016,3113
3016,3144
3016,3154
3016,3171
3016,3208
3016,3214
3016,3267
3016,3277
3016,3419
3017,3027
3017,3038
3017,3051
3017,3060
3017,3076
3017,3082
3017,3101
3017,3111
3017,3152
3017,3172
3017,3182
3017,3185
3017,3198
3017,3258
3017,3261
3017,3274
3017,3276
3017,3299
3017,3320
3017,3330
3017,3340
3017,3353
3017,3385
3017,3397
3017,3403
3018,3019
3018,3035
3018,3154
3018,3259
3018,3277
3018,3337
3018,3346
3018,3419
3019,3024
3019,3051
3019,3062
3019,3076
3019,3113
3019,3154
3019,3177
3019,3331
3019,3346
3019,3379
3019,3415
3020,3196
3020,3258
3020,3275
3020,3340
3021,3035
3021,3049
3021,3070
3021,3082
3021,3101
3021,3115
3021,3116
3021,3152
3021,3182
3021,3277
3021,3280
3021,3296
3021,3320
3021,3351
3021,3397
3021,3419
3022,3025
3022,3026
3022,3033
3022,3040
3022,3047
3022,3052
3023,3052
3024,3051
3024,3107
3024,3397
3025,3026
3025,3029
3025,3036
3026,3033
3026,3036
3026,3047
3026,3052
3027,3038
3027,3051
3027,3101
3027,3107
3027,3113
3027,3116
3027,3140
3027,3150
3027,3152
3027,3198
3027,3214
3027,3253
3027,3274
3027,3296
3027,3313
3027,3326
3027,3341
3027,3353
3027,3395
3027,3403
3032,3140
3032,3167
3032,3187
3032,3196
3032,3236
3032,3253
3032,3255
3032,3256
3032,3259
3032,3264
3032,3365
3032,3385
3032,3397
3033,3040
3033,3052
3034,3038
3034,3043
3034,3067
3034,3070
3034,3082
3034,3101
3034,3152
3034,3261
3034,3312
3034,3313
3034,3327
3034,3342
3034,3360
3034,3365
3034,3385
3034,3397
3034,3403
3034,3406
3035,3038
3035,3049
3035,3051
3035,3070
3035,3082
3035,3101
3035,3113
3035,3115
3035,3116
3035,3150
3035,3152
3035,3182
3035,3185
3035,3198
3035,3267
3035,3277
3035,3280
3035,3296
3035,3320
3035,3330
3035,3335
3035,3351
3035,3353
3035,3360
3035,3397
3035,3419
3038,3049
3038,3051
3038,3060
3038,3075
3038,3082
3038,3101
3038,3116
3038,3140
3038,3150
3038,3152
3038,3154
3038,3177
3038,3198
3038,3258
3038,3274
3038,3277
3038,3299
3038,3320
3038,3321
3038,3330
3038,3335
3038,3342
3038,3351
3038,3353
3038,3360
3038,3395
3038,3397
3038,3406
3039,3076
3039,3111
3039,3172
3039,3185
3039,3261
3039,3274
3039,3320
3039,3403
3040,3047
3041,3046
3041,3101
3041,3140
3041,3299
3041,3326
3041,3360
3043,3313
3043,3357
3043,3360
3043,3369
3046,3076
3046,3140
3046,3299
3046,3360
3046,3393
3046,3406
3048,3185
3048,3208
3048,3276
3048,3342
3048,3431
3049,3070
3049,3082
3049,3101
3049,3113
3049,3115
3049,3116
3049,3150
3049,3152
3049,3185
3049,3267
3049,3277
3049,3280
3049,3296
3049,3330
3049,3335
3049,3351
3049,3397
3049,3411
3049,3419
3050,3171
3050,3214
3050,3256
3050,3296
3050,3312
3050,3335
3051,3060
3051,3075
3051,3082
3051,3101
3051,3113
3051,3116
3051,3140
3051,3152
3051,3154
3051,3172
3051,3182
3051,3185
3051,3198
3051,3261
3051,3267
3051,3274
3051,3277
3051,3280
3051,3296
3051,3299
3051,3320
3051,3321
3051,3330
3051,3351
3051,3353
3051,3397
3051,3406
3051,3419
3060,3076
3060,3082
3060,3101
3060,3111
3060,3113
3060,3116
3060,3140
3060,3150
3060,3152
3060,3172
3060,3182
3060,3185
3060,3258
3060,3272
3060,3280
3060,3320
3060,3330
3060,3360
3060,3397
3060,3403
3060,3411
3062,3154
3062,3177
3062,3219
3062,3289
3062,3331
3062,3395
3067,3189
3067,3261
3067,3327
3070,3082
3070,3101
3070,3116
3070,3140
3070,3150
3070,3152
3070,3154
3070,3198
3070,3267
3070,3277
3070,3330
3070,3351
3070,3397
3075,3198
3075,3313
3075,3357
3075,3397
3076,3082
3076,3101
3076,3111
3076,3113
3076,3115
3076,3116
3076,3150
3076,3152
3076,3172
3076,3182
3076,3185
3076,3258
3076,3261
3076,3272
3076,3274
3076,3280
3076,3289
3076,3296
3076,3313
3076,3320
3076,3353
3076,3397
3076,3403
3076,3411
3082,3101
3082,3113
3082,3115
3082,3116
3082,3140
3082,3150
3082,3152
3082,3172
3082,3182
3082,3185
3082,3191
3082,3198
3082,3267
3082,3272
3082,3277
3082,3280
3082,3299
3082,3320
3082,3321
3082,3330
3082,3335
3082,3342
3082,3351
3082,3357
3082,3397
3082,3406
3082,3409
3082,3411
3082,3419
3087,3107
3087,3187
3087,3196
3087,3219
3087,3236
3087,3249
3087,3253
3087,3255
3087,3256
3087,3264
3087,3289
3087,3296
3087,3299
3087,3313
3087,3321
3087,3327
3087,3337
3087,3338
3087,3358
3087,3365
3087,3369
3087,3385
3087,3395
3087,3404
3087,3406
3087,3427
3101,3113
3101,3115
3101,3116
3101,3140
3101,3150
3101,3152
3101,3182
3101,3185
3101,3198
3101,3214
3101,3253
3101,3261
3101,3267
3101,3277
3101,3280
3101,3296
3101,3320
3101,3330
3101,3335
3101,3351
3101,3353
3101,3360
3101,3385
3101,3397
3101,3403
3101,3406
3101,3411
3101,3419
3107,3154
3107,3187
3107,3198
3107,3219
3107,3246
3107,3275
3107,3313
3107,3330
3107,3337
3107,3340
3107,3341
3107,3342
3107,3379
3107,3395
3107,3403
3111,3150
3111,3172
3111,3185
3111,3189
3111,3219
3111,3253
3111,3261
3111,3274
3111,3280
3111,3320
3111,3342
3111,3353
3111,3395
3111,3403
3111,3415
3113,3115
3113,3182
3113,3198
3113,3261
3113,3267
3113,3272
3113,3277
3113,3280
3113,3299
3113,3320
3113,3327
3113,3335
3113,3351
3113,3419
3115,3116
3115,3124
3115,3150
3115,3152
3115,3182
3115,3185
3115,3198
3115,3259
3115,3280
3115,3335
3115,3342
3115,3351
3115,3397
3115,3411
3115,3419
3116,3150
3116,3152
3116,3182
3116,3185
3116,3198
3116,3214
3116,3258
3116,3261
3116,3267
3116,3272
3116,3280
3116,3296
3116,3320
3116,3321
3116,3330
3116,3335
3116,3351
3116,3360
3116,3397
3116,3411
3116,3418
3116,3419
3116,3431
3124,3185
3124,3196
3124,3256
3124,3312
3124,3335
3124,3365
3124,3393
3124,3418
3124,3419
3140,3154
3140,3177
3140,3182
3140,3214
3140,3219
3140,3255
3140,3275
3140,3277
3140,3313
3140,3320
3140,3321
3140,3331
3140,3335
3140,3341
3140,3342
3140,3353
3140,3360
3140,3379
3140,3393
3140,3397
3140,3406
3144,3214
3144,3255
3144,3346
3144,3360
3144,3431
3150,3152
3150,3154
3150,3185
3150,3198
3150,3253
3150,3267
3150,3272
3150,3277
3150,3280
3150,3296
3150,3330
3150,3335
3150,3342
3150,3351
3150,3360
3150,3397
3150,3406
3150,3409
3150,3411
3150,3419
3152,3172
3152,3182
3152,3185
3152,3198
3152,3258
3152,3274
3152,3280
3152,3296
3152,3313
3152,3320
3152,3330
3152,3335
3152,3351
3152,3353
3152,3397
3152,3411
3152,3419
3154,3177
3154,3191
3154,3253
3154,3256
3154,3277
3154,3321
3154,3346
3154,3379
3154,3397
3154,3411
3154,3415
3156,3187
3156,3255
3156,3256
3156,3264
3156,3365
3156,3369
3156,3385
3167,3177
3167,3236
3167,3255
3167,3256
3167,3365
3167,3369
3167,3385
3171,3208
3171,3214
3171,3312
3171,3404
3171,3431
3172,3182
3172,3185
3172,3198
3172,3258
3172,3261
3172,3272
3172,3274
3172,3280
3172,3296
3172,3313
3172,3320
3172,3351
3172,3353
3172,3403
3172,3411
3177,3415
3182,3185
3182,3198
3182,3258
3182,3261
3182,3272
3182,3274
3182,3280
3182,3320
3182,3351
3182,3353
3182,3397
3182,3411
3185,3198
3185,3261
3185,3267
3185,3272
3185,3274
3185,3277
3185,3280
3185,3320
3185,3335
3185,3342
3185,3351
3185,3360
3185,3385
3185,3403
3185,3409
3185,3411
3185,3419
3187,3196
3187,3249
3187,3253
3187,3255
3187,3256
3187,3264
3187,3337
3187,3365
3187,3369
3187,3385
3187,3402
3187,3404
3187,3425
3189,3198
3189,3219
3189,3259
3189,3331
3189,3369
3189,3395
3189,3406
3189,3415
3191,3258
3191,3313
3191,3320
3191,3379
3191,3393
3196,3221
3196,3236
3196,3253
3196,3255
3196,3256
3196,3264
3196,3289
3196,3327
3196,3330
3196,3365
3196,3369
3196,3385
3196,3402
3196,3403
3196,3418
3198,3219
3198,3253
3198,3255
3198,3259
3198,3321
3198,3330
3198,3331
3198,3337
3198,3342
3198,3351
3198,3353
3198,3379
3198,3385
3198,3393
3198,3395
3198,3397
3198,3411
3198,3419
3208,3214
3208,3411
3208,3431
3214,3219
3214,3221
3214,3249
3214,3253
3214,3276
3214,3296
3214,3312
3214,3326
3214,3327
3214,3337
3214,3342
3214,3365
3214,3379
3214,3419
3219,3255
3219,3256
3219,3259
3219,3330
3219,3331
3219,3337
3219,3340
3219,3341
3219,3342
3219,3365
3219,3369
3219,3379
3219,3385
3219,3395
3219,3404
3219,3409
3219,3415
3221,3249
3221,3275
3221,3327
3221,3346
3236,3253
3236,3256
3236,3264
3236,3369
3236,3385
3246,3275
3246,3321
3249,3346
3253,3255
3253,3256
3253,3264
3253,3289
3253,3327
3253,3369
3253,3385
3253,3404
3253,3411
3253,3431
3255,3256
3255,3264
3255,3369
3255,3385
3256,3264
3256,3274
3256,3312
3256,3338
3256,3358
3256,3365
3256,3369
3256,3376
3256,3385
3256,3393
3256,3397
3256,3401
3256,3402
3256,3418
3256,3425
3256,3427
3256,3429
3258,3274
3258,3299
3258,3320
3258,3342
3258,3360
3258,3411
3259,3276
3259,3330
3259,3337
3259,3365
3259,3369
3259,3395
3259,3404
3261,3274
3261,3280
3261,3320
3261,3335
3261,3397
3261,3403
3264,3337
3264,3358
3264,3365
3264,3369
3264,3385
3264,3402
3264,3404
3267,3277
3267,3280
3267,3299
3267,3320
3267,3330
3267,3335
3267,3351
3267,3365
3267,3397
3267,3419
3272,3274
3272,3280
3272,3320
3272,3351
3272,3360
3274,3313
3274,3320
3274,3353
3274,3360
3274,3397
3275,3327
3275,3385
3276,3299
3276,3340
3276,3353
3277,3280
3277,3320
3277,3321
3277,3330
3277,3351
3277,3397
3277,3419
3280,3296
3280,3320
3280,3327
3280,3330
3280,3351
3280,3360
3280,3397
3280,3419
3280,3431
3289,3331
3289,3341
3296,3321
3296,3337
3296,3351
3296,3411
3296,3415
3299,3321
3299,3340
3299,3342
3299,3351
3299,3353
3299,3360
3299,3397
3299,3403
3299,3406
3312,3365
3312,3393
3313,3327
3313,3342
3320,3321
3320,3353
3320,3360
3320,3397
3320,3403
3320,3406
3321,3327
3321,3342
3321,3351
3321,3360
3321,3365
3321,3397
3321,3406
3326,3327
3326,3342
3326,3393
3326,3395
3327,3369
3330,3335
3330,3337
3330,3351
3330,3358
3330,3369
3330,3397
3330,3404
3330,3411
3330,3419
3331,3353
3331,3358
3331,3395
3335,3351
3335,3357
3335,3360
3335,3385
3335,3397
3335,3411
3335,3419
3337,3369
3338,3376
3338,3401
3338,3402
3338,3425
3338,3427
3340,3365
3341,3342
3341,3369
3342,3353
3342,3403
3342,3406
3342,3419
3346,3379
3346,3415
3351,3357
3351,3360
3351,3397
3351,3419
3351,3431
3353,3360
3353,3385
3353,3397
3353,3403
3357,3360
3358,3369
3358,3385
3360,3397
3360,3406
3360,3415
3360,3431
3365,3369
3365,3385
3365,3393
3365,3395
3365,3397
3365,3429
3369,3385
3369,3395
3376,3401
3376,3402
3376,3425
3376,3427
3395,3403
3395,3406
3395,3415
3397,3406
3397,3419
3401,3402
3401,3425
3401,3427
3402,3425
3402,3427
3406,3409
3425,3427
